time	V(N004,N009)	V(N005,N008)	V(n001)	V(n002)	V(n003)	V(n004)	V(n005)	V(n006)	V(n007)	V(n008)	V(n009)	I(C1)	I(C2)	I(C3)	I(C4)	I(R1)	I(R2)	I(R3)	I(R4)	I(R5)	I(R6)	I(R7)	I(R8)	I(V1)	I(V2)	I(V3)
0.000000000000000e+000	7.000000e-002	7.000000e-002	0.000000e+000	-2.100000e-020	-2.100000e-020	-2.101260e-020	-2.101260e-020	-2.101260e-020	-2.101260e-020	-7.000000e-002	-7.000000e-002	4.200000e-025	4.200000e-025	2.100000e-038	2.100000e-038	-6.329539e-036	-6.329539e-036	0.000000e+000	0.000000e+000	4.200000e-025	4.200000e-025	4.200000e-025	4.200000e-025	0.000000e+000	-1.261169e-043	-4.200000e-025
1.000000000000000e-003	7.000000e-002	7.000000e-002	0.000000e+000	-7.917548e-017	-7.917548e-017	-8.438557e-016	-8.438557e-016	-9.565152e-012	-9.565152e-012	-7.000000e-002	-7.000000e-002	2.546562e-017	2.546562e-017	2.548797e-017	2.548797e-017	2.391077e-020	2.391077e-020	0.000000e+000	-2.553233e-032	2.548934e-017	2.548934e-017	1.583510e-021	1.583510e-021	-2.391077e-020	-2.391077e-020	-2.548955e-017
1.000000100000000e-003	1.781450e-001	-3.814505e-002	5.000000e-001	4.999984e-001	1.601627e-006	3.586796e-001	1.413204e-001	2.505346e-001	2.494654e-001	1.794654e-001	1.805346e-001	4.710626e-003	-4.710626e-003	1.185344e-002	-1.185344e-002	2.705214e-010	-2.705214e-010	-4.710626e-003	-7.142812e-003	4.710626e-003	-4.710626e-003	3.203253e-011	-3.203253e-011	-2.705212e-010	2.705214e-010	-1.185344e-002
1.000000300000000e-003	4.905953e-001	-3.505954e-001	1.500000e+000	1.499993e+000	6.867223e-006	1.171818e+000	3.281820e-001	7.512227e-001	7.487773e-001	6.787773e-001	6.812227e-001	1.093917e-002	-1.093917e-002	3.236755e-002	-3.236755e-002	1.051810e-009	-1.051810e-009	-1.093917e-002	-2.142837e-002	1.093917e-002	-1.093917e-002	1.373445e-010	-1.373445e-010	-1.051810e-009	1.051811e-009	-3.236755e-002
1.000000516015473e-003	9.404790e-001	-8.004792e-001	2.580077e+000	2.580061e+000	1.584624e-005	2.161948e+000	4.181293e-001	1.291469e+000	1.288608e+000	1.218608e+000	1.221469e+000	1.393711e-002	-1.393711e-002	5.079491e-002	-5.079491e-002	2.176289e-009	-2.176289e-009	-1.393711e-002	-3.685779e-002	1.393711e-002	-1.393711e-002	3.169247e-010	-3.169247e-010	-2.176288e-009	2.176289e-009	-5.079491e-002
1.000000712101981e-003	1.407520e+000	-1.267520e+000	3.560510e+000	3.560483e+000	2.716740e-005	3.119254e+000	4.412561e-001	1.781734e+000	1.778776e+000	1.708776e+000	1.711734e+000	1.470763e-002	-1.470763e-002	6.557128e-002	-6.557128e-002	3.343820e-009	-3.343820e-009	-1.470763e-002	-5.086365e-002	1.470763e-002	-1.470763e-002	5.433479e-010	-5.433479e-010	-3.343819e-009	3.343820e-009	-6.557128e-002
1.000000904867497e-003	1.882981e+000	-1.742981e+000	4.524337e+000	4.524297e+000	4.080444e-005	4.076643e+000	4.476942e-001	2.263662e+000	2.260675e+000	2.190675e+000	2.193662e+000	1.492177e-002	-1.492177e-002	7.955401e-002	-7.955401e-002	4.532456e-009	-4.532456e-009	-1.492178e-002	-6.463223e-002	1.492178e-002	-1.492178e-002	8.160888e-010	-8.160888e-010	-4.532456e-009	4.532457e-009	-7.955401e-002
1.000001000000000e-003	2.119568e+000	-1.979568e+000	5.000000e+000	4.999952e+000	4.836833e-005	4.551064e+000	4.489362e-001	2.501496e+000	2.498504e+000	2.428504e+000	2.431496e+000	1.496292e-002	-1.496292e-002	8.639012e-002	-8.639012e-002	5.123919e-009	-5.123919e-009	-1.496293e-002	-7.142719e-002	1.496293e-002	-1.496293e-002	9.673665e-010	-9.673665e-010	-5.123919e-009	5.123919e-009	-8.639012e-002
1.000001032706992e-003	2.185108e+000	-2.045108e+000	5.000000e+000	4.999949e+000	5.109766e-005	4.616374e+000	3.836254e-001	2.501267e+000	2.498733e+000	2.428733e+000	2.431267e+000	1.278581e-002	-1.278581e-002	8.421292e-002	-8.421292e-002	5.287740e-009	-5.287740e-009	-1.278581e-002	-7.142711e-002	1.278581e-002	-1.278581e-002	1.021953e-009	-1.021953e-009	-5.287739e-009	5.287740e-009	-8.421292e-002
1.000001098120977e-003	2.290068e+000	-2.150068e+000	5.000000e+000	4.999944e+000	5.639951e-005	4.720946e+000	2.790536e-001	2.500878e+000	2.499122e+000	2.429122e+000	2.430878e+000	9.299902e-003	-9.299902e-003	8.072686e-002	-8.072686e-002	5.550041e-009	-5.550041e-009	-9.299908e-003	-7.142696e-002	9.299908e-003	-9.299908e-003	1.127990e-009	-1.127990e-009	-5.550041e-009	5.550042e-009	-8.072687e-002
1.000001228948947e-003	2.424380e+000	-2.284380e+000	5.000000e+000	4.999934e+000	6.654987e-005	4.854791e+000	1.452088e-001	2.500411e+000	2.499589e+000	2.429589e+000	2.430411e+000	4.838069e-003	-4.838069e-003	7.626475e-002	-7.626475e-002	5.885768e-009	-5.885768e-009	-4.838075e-003	-7.142667e-002	4.838075e-003	-4.838075e-003	1.330997e-009	-1.330997e-009	-5.885769e-009	5.885769e-009	-7.626475e-002
1.000001391821033e-003	2.509440e+000	-2.369440e+000	5.000000e+000	4.999921e+000	7.869377e-005	4.939596e+000	6.040416e-002	2.500156e+000	2.499844e+000	2.429844e+000	2.430156e+000	2.010843e-003	-2.010843e-003	7.343717e-002	-7.343717e-002	6.098487e-009	-6.098487e-009	-2.010849e-003	-7.142632e-002	2.010849e-003	-2.010849e-003	1.573875e-009	-1.573875e-009	-6.098487e-009	6.098487e-009	-7.343717e-002
1.000001591416761e-003	2.549727e+000	-2.409728e+000	5.000000e+000	4.999907e+000	9.319198e-005	4.979772e+000	2.022769e-002	2.500045e+000	2.499955e+000	2.429955e+000	2.430045e+000	6.711438e-004	-6.711438e-004	7.209706e-002	-7.209706e-002	6.199263e-009	-6.199263e-009	-6.711499e-004	-7.142591e-002	6.711499e-004	-6.711499e-004	1.863840e-009	-1.863840e-009	-6.199262e-009	6.199263e-009	-7.209706e-002
1.000001834957193e-003	2.564579e+000	-2.424579e+000	5.000000e+000	4.999889e+000	1.106762e-004	4.994588e+000	5.412206e-003	2.500009e+000	2.499991e+000	2.429991e+000	2.430009e+000	1.767114e-004	-1.767114e-004	7.160213e-002	-7.160213e-002	6.236426e-009	-6.236426e-009	-1.767177e-004	-7.142541e-002	1.767177e-004	-1.767177e-004	2.213524e-009	-2.213524e-009	-6.236425e-009	6.236425e-009	-7.160213e-002
1.000002192759409e-003	2.569077e+000	-2.429077e+000	5.000000e+000	4.999864e+000	1.362592e-004	4.999077e+000	9.234148e-004	2.500000e+000	2.500000e+000	2.430000e+000	2.430000e+000	2.623227e-005	-2.623227e-005	7.145091e-002	-7.145091e-002	6.247685e-009	-6.247685e-009	-2.623852e-005	-7.142468e-002	2.623852e-005	-2.623852e-005	2.725184e-009	-2.725184e-009	-6.247685e-009	6.247685e-009	-7.145092e-002
1.000002744804521e-003	2.569834e+000	-2.429834e+000	5.000000e+000	4.999825e+000	1.756929e-004	4.999834e+000	1.660161e-004	2.500000e+000	2.500000e+000	2.430000e+000	2.430000e+000	-3.288102e-007	3.288102e-007	7.142323e-002	-7.142323e-002	6.249585e-009	-6.249585e-009	3.225606e-007	-7.142355e-002	-3.225606e-007	3.225606e-007	3.513858e-009	-3.513858e-009	-6.249585e-009	6.249585e-009	-7.142323e-002
1.000003806025537e-003	2.569762e+000	-2.429762e+000	5.000000e+000	4.999749e+000	2.514866e-004	4.999762e+000	2.384425e-004	2.500000e+000	2.500000e+000	2.430000e+000	2.430000e+000	-4.410521e-007	4.410521e-007	7.142095e-002	-7.142095e-002	6.249404e-009	-6.249404e-009	4.348027e-007	-7.142138e-002	-4.348027e-007	4.348027e-007	5.029733e-009	-5.029733e-009	-6.249404e-009	6.249404e-009	-7.142095e-002
1.000005928467569e-003	2.569609e+000	-2.429610e+000	5.000000e+000	4.999597e+000	4.030654e-004	4.999609e+000	3.904975e-004	2.500000e+000	2.500000e+000	2.430000e+000	2.430000e+000	-4.251785e-007	4.251785e-007	7.141663e-002	-7.141663e-002	6.249024e-009	-6.249024e-009	4.189295e-007	-7.141706e-002	-4.189295e-007	4.189295e-007	8.061308e-009	-8.061308e-009	-6.249024e-009	6.249026e-009	-7.141663e-002
1.000010173351633e-003	2.569307e+000	-2.429307e+000	5.000000e+000	4.999294e+000	7.061885e-004	4.999307e+000	6.934857e-004	2.500000e+000	2.500000e+000	2.430000e+000	2.430000e+000	-4.296764e-007	4.296764e-007	7.140796e-002	-7.140796e-002	6.248266e-009	-6.248266e-009	4.234282e-007	-7.140839e-002	-4.234282e-007	4.234282e-007	1.412377e-008	-1.412377e-008	-6.248265e-009	6.248268e-009	-7.140797e-002
1.000307059144810e-003	2.548255e+000	-2.408255e+000	5.000000e+000	4.978242e+000	2.175759e-002	4.978255e+000	2.174502e-002	2.500000e+000	2.500000e+000	2.430000e+000	2.430000e+000	-4.252953e-007	4.252953e-007	7.080608e-002	-7.080608e-002	6.195638e-009	-6.195638e-009	4.190996e-007	-7.080692e-002	-4.190996e-007	4.190996e-007	4.351519e-007	-4.351519e-007	-6.195636e-009	6.195638e-009	-7.080650e-002
1.000603944937986e-003	2.527382e+000	-2.387382e+000	5.000000e+000	4.957370e+000	4.263004e-002	4.957382e+000	4.261758e-002	2.500000e+000	2.500000e+000	2.430000e+000	2.430000e+000	-4.211430e-007	4.211430e-007	7.020931e-002	-7.020931e-002	6.143456e-009	-6.143456e-009	4.149995e-007	-7.021057e-002	-4.149995e-007	4.149995e-007	8.526008e-007	-8.526008e-007	-6.143455e-009	6.143456e-009	-7.021015e-002
1.000900830731163e-003	2.506688e+000	-2.366689e+000	5.000000e+000	4.936676e+000	6.332352e-002	4.936688e+000	6.331118e-002	2.500000e+000	2.500000e+000	2.430000e+000	2.430000e+000	-4.172196e-007	4.172196e-007	6.961766e-002	-6.961766e-002	6.091722e-009	-6.091722e-009	4.111279e-007	-6.961933e-002	-4.111279e-007	4.111279e-007	1.266470e-006	-1.266470e-006	-6.091721e-009	6.091721e-009	-6.961891e-002
1.001197716524339e-003	2.486174e+000	-2.346174e+000	5.000000e+000	4.916162e+000	8.383804e-002	4.916174e+000	8.382581e-002	2.500000e+000	2.500000e+000	2.430000e+000	2.430000e+000	-4.135252e-007	4.135252e-007	6.903112e-002	-6.903112e-002	6.040436e-009	-6.040436e-009	4.074847e-007	-6.903320e-002	-4.074847e-007	4.074847e-007	1.676761e-006	-1.676761e-006	-6.040434e-009	6.040434e-009	-6.903279e-002
1.001494602317516e-003	2.465838e+000	-2.325839e+000	5.000000e+000	4.895826e+000	1.041736e-001	4.895838e+000	1.041615e-001	2.500000e+000	2.500000e+000	2.430000e+000	2.430000e+000	-4.100597e-007	4.100597e-007	6.844970e-002	-6.844970e-002	5.989597e-009	-5.989597e-009	4.040700e-007	-6.845218e-002	-4.040700e-007	4.040700e-007	2.083472e-006	-2.083472e-006	-5.989595e-009	5.989595e-009	-6.845177e-002
1.001791488110692e-003	2.445681e+000	-2.305682e+000	5.000000e+000	4.875670e+000	1.243302e-001	4.875681e+000	1.243182e-001	2.500000e+000	2.500000e+000	2.430000e+000	2.430000e+000	-4.068230e-007	4.068230e-007	6.787339e-002	-6.787339e-002	5.939205e-009	-5.939205e-009	4.008838e-007	-6.787628e-002	-4.008838e-007	4.008838e-007	2.486604e-006	-2.486604e-006	-5.939204e-009	5.939203e-009	-6.787588e-002
1.002088373903869e-003	2.425704e+000	-2.285704e+000	5.000000e+000	4.855692e+000	1.443078e-001	4.855704e+000	1.442959e-001	2.500000e+000	2.500000e+000	2.430000e+000	2.430000e+000	-4.038153e-007	4.038153e-007	6.730220e-002	-6.730220e-002	5.889261e-009	-5.889261e-009	3.979260e-007	-6.730549e-002	-3.979260e-007	3.979260e-007	2.886156e-006	-2.886156e-006	-5.889261e-009	5.889260e-009	-6.730510e-002
1.003088373903869e-003	2.359350e+000	-2.219350e+000	5.000000e+000	4.789339e+000	2.106615e-001	4.789350e+000	2.106498e-001	2.500000e+000	2.500000e+000	2.430000e+000	2.430000e+000	-3.924324e-007	3.924324e-007	6.540507e-002	-6.540507e-002	5.723376e-009	-5.723376e-009	3.867090e-007	-6.540968e-002	-3.867091e-007	3.867090e-007	4.213229e-006	-4.213229e-006	-5.723376e-009	5.723375e-009	-6.540929e-002
1.004088373903869e-003	2.294866e+000	-2.154867e+000	5.000000e+000	4.724855e+000	2.751447e-001	4.724866e+000	2.751334e-001	2.500000e+000	2.500000e+000	2.430000e+000	2.430000e+000	-3.813705e-007	3.813705e-007	6.356142e-002	-6.356142e-002	5.562167e-009	-5.562167e-009	3.758083e-007	-6.356730e-002	-3.758083e-007	3.758083e-007	5.502894e-006	-5.502894e-006	-5.562168e-009	5.562166e-009	-6.356692e-002
1.005088373903869e-003	2.232201e+000	-2.092201e+000	5.000000e+000	4.662190e+000	3.378103e-001	4.662201e+000	3.377993e-001	2.500000e+000	2.500000e+000	2.430000e+000	2.430000e+000	-3.706203e-007	3.706203e-007	6.176973e-002	-6.176973e-002	5.405502e-009	-5.405502e-009	3.652148e-007	-6.177685e-002	-3.652148e-007	3.652148e-007	6.756205e-006	-6.756205e-006	-5.405504e-009	5.405503e-009	-6.177649e-002
1.007088373903869e-003	2.112118e+000	-1.972118e+000	5.000000e+000	4.542108e+000	4.578919e-001	4.542119e+000	4.578816e-001	2.500000e+000	2.500000e+000	2.430000e+000	2.430000e+000	-3.500204e-007	3.500204e-007	5.833644e-002	-5.833644e-002	5.105296e-009	-5.105296e-009	3.449152e-007	-5.834594e-002	-3.449152e-007	3.449152e-007	9.157839e-006	-9.157839e-006	-5.105295e-009	5.105297e-009	-5.834560e-002
1.009088373903868e-003	1.998711e+000	-1.858711e+000	5.000000e+000	4.428701e+000	5.712991e-001	4.428711e+000	5.712894e-001	2.500000e+000	2.500000e+000	2.430000e+000	2.430000e+000	-3.305656e-007	3.305656e-007	5.509399e-002	-5.509399e-002	4.821777e-009	-4.821777e-009	3.257438e-007	-5.510574e-002	-3.257438e-007	3.257438e-007	1.142598e-005	-1.142598e-005	-4.821778e-009	4.821779e-009	-5.510541e-002
1.012088373903868e-003	1.840307e+000	-1.700308e+000	5.000000e+000	4.270298e+000	7.297014e-001	4.270308e+000	7.296925e-001	2.500000e+000	2.500000e+000	2.430000e+000	2.430000e+000	-3.033919e-007	3.033919e-007	5.056506e-002	-5.056506e-002	4.425769e-009	-4.425769e-009	2.989662e-007	-5.057996e-002	-2.989662e-007	2.989662e-007	1.459403e-005	-1.459403e-005	-4.425768e-009	4.425770e-009	-5.057966e-002
1.015088373903868e-003	1.694926e+000	-1.554926e+000	5.000000e+000	4.124918e+000	8.750825e-001	4.124926e+000	8.750742e-001	2.500000e+000	2.500000e+000	2.430000e+000	2.430000e+000	-2.784520e-007	2.784520e-007	4.640844e-002	-4.640844e-002	4.062314e-009	-4.062314e-009	2.743897e-007	-4.642621e-002	-2.743897e-007	2.743897e-007	1.750165e-005	-1.750165e-005	-4.062315e-009	4.062315e-009	-4.642594e-002
1.018088373903868e-003	1.561495e+000	-1.421495e+000	5.000000e+000	3.991487e+000	1.008513e+000	3.991495e+000	1.008505e+000	2.500000e+000	2.500000e+000	2.430000e+000	2.430000e+000	-2.555623e-007	2.555623e-007	4.259350e-002	-4.259350e-002	3.728737e-009	-3.728737e-009	2.518336e-007	-4.261392e-002	-2.518336e-007	2.518336e-007	2.017025e-005	-2.017025e-005	-3.728738e-009	3.728738e-009	-4.261367e-002
1.021231231046725e-003	1.435527e+000	-1.295527e+000	5.000000e+000	3.865520e+000	1.134480e+000	3.865527e+000	1.134473e+000	2.500000e+000	2.500000e+000	2.430000e+000	2.430000e+000	-2.339529e-007	2.339529e-007	3.899195e-002	-3.899195e-002	3.413818e-009	-3.413818e-009	2.305391e-007	-3.901487e-002	-2.305391e-007	2.305391e-007	2.268959e-005	-2.268959e-005	-3.413820e-009	3.413819e-009	-3.901464e-002
1.024374088189581e-003	1.318427e+000	-1.178427e+000	5.000000e+000	3.748420e+000	1.251580e+000	3.748427e+000	1.251573e+000	2.500000e+000	2.500000e+000	2.430000e+000	2.430000e+000	-2.138646e-007	2.138646e-007	3.564391e-002	-3.564391e-002	3.121067e-009	-3.121067e-009	2.107435e-007	-3.566915e-002	-2.107435e-007	2.107435e-007	2.503159e-005	-2.503159e-005	-3.121068e-009	3.121067e-009	-3.566894e-002
1.027516945332438e-003	1.210193e+000	-1.070193e+000	5.000000e+000	3.640187e+000	1.359813e+000	3.640193e+000	1.359807e+000	2.500000e+000	2.500000e+000	2.430000e+000	2.430000e+000	-1.952974e-007	1.952974e-007	3.254939e-002	-3.254939e-002	2.850483e-009	-2.850483e-009	1.924469e-007	-3.257678e-002	-1.924469e-007	1.924469e-007	2.719625e-005	-2.719625e-005	-2.850484e-009	2.850484e-009	-3.257659e-002
1.030659802475295e-003	1.110827e+000	-9.708266e-001	5.000000e+000	3.540821e+000	1.459179e+000	3.540827e+000	1.459173e+000	2.500000e+000	2.500000e+000	2.430000e+000	2.430000e+000	-1.782513e-007	1.782513e-007	2.970839e-002	-2.970839e-002	2.602067e-009	-2.602067e-009	1.756492e-007	-2.973775e-002	-1.756492e-007	1.756492e-007	2.918357e-005	-2.918357e-005	-2.602068e-009	2.602067e-009	-2.973758e-002
1.033802659618152e-003	1.020327e+000	-8.803271e-001	5.000000e+000	3.450322e+000	1.549678e+000	3.450327e+000	1.549673e+000	2.500000e+000	2.500000e+000	2.430000e+000	2.430000e+000	-1.627263e-007	1.627263e-007	2.712091e-002	-2.712091e-002	2.375818e-009	-2.375818e-009	1.603505e-007	-2.715206e-002	-1.603505e-007	1.603505e-007	3.099356e-005	-3.099356e-005	-2.375818e-009	2.375818e-009	-2.715191e-002
1.036945516761009e-003	9.386944e-001	-7.986946e-001	5.000000e+000	3.368690e+000	1.631310e+000	3.368694e+000	1.631306e+000	2.500000e+000	2.500000e+000	2.430000e+000	2.430000e+000	-1.487224e-007	1.487224e-007	2.478694e-002	-2.478694e-002	2.171736e-009	-2.171736e-009	1.465507e-007	-2.481972e-002	-1.465507e-007	1.465507e-007	3.262620e-005	-3.262620e-005	-2.171736e-009	2.171736e-009	-2.481957e-002
1.040088373903866e-003	8.659289e-001	-7.259290e-001	5.000000e+000	3.295925e+000	1.704075e+000	3.295929e+000	1.704071e+000	2.500000e+000	2.500000e+000	2.430000e+000	2.430000e+000	-1.362397e-007	1.362397e-007	2.270650e-002	-2.270650e-002	1.989823e-009	-1.989823e-009	1.342499e-007	-2.274071e-002	-1.342499e-007	1.342499e-007	3.408150e-005	-3.408150e-005	-1.989821e-009	1.989822e-009	-2.274058e-002
1.043231231046723e-003	7.987759e-001	-6.587760e-001	5.000000e+000	3.228772e+000	1.771228e+000	3.228776e+000	1.771224e+000	2.500000e+000	2.500000e+000	2.430000e+000	2.430000e+000	-1.247197e-007	1.247197e-007	2.078652e-002	-2.078652e-002	1.821940e-009	-1.821940e-009	1.228978e-007	-2.082207e-002	-1.228978e-007	1.228978e-007	3.542456e-005	-3.542456e-005	-1.821940e-009	1.821939e-009	-2.082194e-002
1.046374088189579e-003	7.363499e-001	-5.963500e-001	5.000000e+000	3.166347e+000	1.833653e+000	3.166350e+000	1.833650e+000	2.500000e+000	2.500000e+000	2.430000e+000	2.430000e+000	-1.140107e-007	1.140107e-007	1.900169e-002	-1.900169e-002	1.665875e-009	-1.665875e-009	1.123448e-007	-1.903847e-002	-1.123448e-007	1.123448e-007	3.667307e-005	-3.667307e-005	-1.665876e-009	1.665874e-009	-1.903836e-002
1.049516945332436e-003	6.786508e-001	-5.386509e-001	5.000000e+000	3.108648e+000	1.891352e+000	3.108651e+000	1.891349e+000	2.500000e+000	2.500000e+000	2.430000e+000	2.430000e+000	-1.041126e-007	1.041126e-007	1.735201e-002	-1.735201e-002	1.521627e-009	-1.521627e-009	1.025909e-007	-1.738994e-002	-1.025909e-007	1.025909e-007	3.782704e-005	-3.782704e-005	-1.521628e-009	1.521626e-009	-1.738983e-002
1.052659802475293e-003	6.256787e-001	-4.856789e-001	5.000000e+000	3.055676e+000	1.944324e+000	3.055679e+000	1.944321e+000	2.500000e+000	2.500000e+000	2.430000e+000	2.430000e+000	-9.502535e-008	9.502534e-008	1.583748e-002	-1.583748e-002	1.389197e-009	-1.389197e-009	9.363614e-008	-1.587646e-002	-9.363614e-008	9.363614e-008	3.888648e-005	-3.888648e-005	-1.389198e-009	1.389196e-009	-1.587636e-002
1.055802659618150e-003	5.774336e-001	-4.374338e-001	5.000000e+000	3.007431e+000	1.992569e+000	3.007434e+000	1.992566e+000	2.500000e+000	2.500000e+000	2.430000e+000	2.430000e+000	-8.674902e-008	8.674901e-008	1.445810e-002	-1.445810e-002	1.268584e-009	-1.268584e-009	8.548043e-008	-1.449803e-002	-8.548043e-008	8.548043e-008	3.985138e-005	-3.985138e-005	-1.268585e-009	1.268584e-009	-1.449795e-002
1.058945516761007e-003	5.339155e-001	-3.939156e-001	5.000000e+000	2.963913e+000	2.036087e+000	2.963916e+000	2.036084e+000	2.500000e+000	2.500000e+000	2.430000e+000	2.430000e+000	-7.928359e-008	7.928359e-008	1.321386e-002	-1.321386e-002	1.159789e-009	-1.159789e-009	7.812379e-008	-1.325466e-002	-7.812380e-008	7.812380e-008	4.072174e-005	-4.072174e-005	-1.159789e-009	1.159789e-009	-1.325458e-002
1.062088373903864e-003	4.951243e-001	-3.551245e-001	5.000000e+000	2.925122e+000	2.074878e+000	2.925124e+000	2.074876e+000	2.500000e+000	2.500000e+000	2.430000e+000	2.430000e+000	-7.262906e-008	7.262906e-008	1.210478e-002	-1.210478e-002	1.062811e-009	-1.062811e-009	7.156625e-008	-1.214635e-002	-7.156626e-008	7.156626e-008	4.149755e-005	-4.149755e-005	-1.062810e-009	1.062812e-009	-1.214628e-002
1.065231231046721e-003	4.593252e-001	-3.193254e-001	5.000000e+000	2.889323e+000	2.110677e+000	2.889325e+000	2.110675e+000	2.500000e+000	2.500000e+000	2.430000e+000	2.430000e+000	-6.648781e-008	6.648781e-008	1.108124e-002	-1.108124e-002	9.733133e-010	-9.733133e-010	6.551449e-008	-1.112352e-002	-6.551450e-008	6.551450e-008	4.221353e-005	-4.221353e-005	-9.733131e-010	9.733141e-010	-1.112346e-002
1.068374088189578e-003	4.260461e-001	-2.860462e-001	5.000000e+000	2.856044e+000	2.143956e+000	2.856046e+000	2.143954e+000	2.500000e+000	2.500000e+000	2.430000e+000	2.430000e+000	-6.077885e-008	6.077885e-008	1.012976e-002	-1.012976e-002	8.901153e-010	-8.901154e-010	5.988873e-008	-1.017269e-002	-5.988873e-008	5.988873e-008	4.287911e-005	-4.287911e-005	-8.901156e-010	8.901161e-010	-1.017264e-002
1.071516945332435e-003	3.952869e-001	-2.552870e-001	5.000000e+000	2.825285e+000	2.174715e+000	2.825287e+000	2.174713e+000	2.500000e+000	2.500000e+000	2.430000e+000	2.430000e+000	-5.550217e-008	5.550217e-008	9.250316e-003	-9.250316e-003	8.132172e-010	-8.132172e-010	5.468896e-008	-9.293864e-003	-5.468896e-008	5.468896e-008	4.349430e-005	-4.349430e-005	-8.132179e-010	8.132179e-010	-9.293809e-003
1.074659802475292e-003	3.670476e-001	-2.270477e-001	5.000000e+000	2.797046e+000	2.202954e+000	2.797048e+000	2.202952e+000	2.500000e+000	2.500000e+000	2.430000e+000	2.430000e+000	-5.065779e-008	5.065779e-008	8.442923e-003	-8.442923e-003	7.426190e-010	-7.426190e-010	4.991517e-008	-8.487031e-003	-4.991517e-008	4.991517e-008	4.405908e-005	-4.405908e-005	-7.426199e-010	7.426196e-010	-8.486981e-003
1.077802659618148e-003	3.413282e-001	-2.013284e-001	5.000000e+000	2.771327e+000	2.228673e+000	2.771328e+000	2.228672e+000	2.500000e+000	2.500000e+000	2.430000e+000	2.430000e+000	-4.624570e-008	4.624570e-008	7.707578e-003	-7.707578e-003	6.783206e-010	-6.783206e-010	4.556738e-008	-7.752196e-003	-4.556738e-008	4.556738e-008	4.457346e-005	-4.457346e-005	-6.783216e-010	6.783211e-010	-7.752151e-003
1.080945516761005e-003	3.181288e-001	-1.781290e-001	5.000000e+000	2.748128e+000	2.251872e+000	2.748129e+000	2.251871e+000	2.500000e+000	2.500000e+000	2.430000e+000	2.430000e+000	-4.226590e-008	4.226590e-008	7.044281e-003	-7.044281e-003	6.203221e-010	-6.203221e-010	4.164558e-008	-7.089359e-003	-4.164558e-008	4.164558e-008	4.503745e-005	-4.503745e-005	-6.203231e-010	6.203225e-010	-7.089318e-003
1.084088373903862e-003	2.974494e-001	-1.574495e-001	5.000000e+000	2.727448e+000	2.272552e+000	2.727449e+000	2.272551e+000	2.500000e+000	2.500000e+000	2.430000e+000	2.430000e+000	-3.871839e-008	3.871839e-008	6.453032e-003	-6.453032e-003	5.686234e-010	-5.686235e-010	3.814976e-008	-6.498521e-003	-3.814976e-008	3.814976e-008	4.545104e-005	-4.545104e-005	-5.686243e-010	5.686238e-010	-6.498483e-003
1.087231231046719e-003	2.783649e-001	-1.383650e-001	5.000000e+000	2.708364e+000	2.291636e+000	2.708365e+000	2.291635e+000	2.500000e+000	2.500000e+000	2.430000e+000	2.430000e+000	-3.544450e-008	3.544450e-008	5.907387e-003	-5.907387e-003	5.209123e-010	-5.209124e-010	3.492359e-008	-5.953254e-003	-3.492359e-008	3.492359e-008	4.583272e-005	-4.583272e-005	-5.209126e-010	5.209120e-010	-5.953219e-003
1.090374088189576e-003	2.606238e-001	-1.206239e-001	5.000000e+000	2.690623e+000	2.309377e+000	2.690624e+000	2.309376e+000	2.500000e+000	2.500000e+000	2.430000e+000	2.430000e+000	-3.240106e-008	3.240106e-008	5.400150e-003	-5.400150e-003	4.765597e-010	-4.765597e-010	3.192450e-008	-5.446369e-003	-3.192450e-008	3.192450e-008	4.618754e-005	-4.618754e-005	-4.765596e-010	4.765588e-010	-5.446337e-003
1.093516945332433e-003	2.442261e-001	-1.042262e-001	5.000000e+000	2.674225e+000	2.325775e+000	2.674226e+000	2.325774e+000	2.500000e+000	2.500000e+000	2.430000e+000	2.430000e+000	-2.958808e-008	2.958808e-008	4.931322e-003	-4.931322e-003	4.355655e-010	-4.355655e-010	2.915252e-008	-4.977866e-003	-2.915252e-008	2.915252e-008	4.651549e-005	-4.651549e-005	-4.355652e-010	4.355644e-010	-4.977837e-003
1.096659802475290e-003	2.291718e-001	-8.917193e-002	5.000000e+000	2.659171e+000	2.340829e+000	2.659172e+000	2.340828e+000	2.500000e+000	2.500000e+000	2.430000e+000	2.430000e+000	-2.700555e-008	2.700555e-008	4.500903e-003	-4.500903e-003	3.979297e-010	-3.979298e-010	2.660762e-008	-4.547746e-003	-2.660762e-008	2.660762e-008	4.681658e-005	-4.681658e-005	-3.979295e-010	3.979288e-010	-4.547719e-003
1.099802659618147e-003	2.154609e-001	-7.546103e-002	5.000000e+000	2.645460e+000	2.354540e+000	2.645461e+000	2.354539e+000	2.500000e+000	2.500000e+000	2.430000e+000	2.430000e+000	-2.465348e-008	2.465348e-008	4.108892e-003	-4.108892e-003	3.636524e-010	-3.636524e-010	2.428982e-008	-4.156007e-003	-2.428982e-008	2.428982e-008	4.709079e-005	-4.709079e-005	-3.636524e-010	3.636518e-010	-4.155983e-003
1.102945516761003e-003	2.030934e-001	-6.309353e-002	5.000000e+000	2.633093e+000	2.366907e+000	2.633093e+000	2.366907e+000	2.500000e+000	2.500000e+000	2.430000e+000	2.430000e+000	-2.253185e-008	2.253185e-008	3.755290e-003	-3.755290e-003	3.327335e-010	-3.327335e-010	2.219912e-008	-3.802650e-003	-2.219912e-008	2.219912e-008	4.733814e-005	-4.733814e-005	-3.327339e-010	3.327336e-010	-3.802628e-003
1.106088373903860e-003	1.920693e-001	-5.206943e-002	5.000000e+000	2.622069e+000	2.377931e+000	2.622069e+000	2.377931e+000	2.500000e+000	2.500000e+000	2.430000e+000	2.430000e+000	-2.064069e-008	2.064069e-008	3.440096e-003	-3.440096e-003	3.051731e-010	-3.051731e-010	2.033551e-008	-3.487675e-003	-2.033551e-008	2.033551e-008	4.755863e-005	-4.755863e-005	-3.051741e-010	3.051741e-010	-3.487655e-003
1.109231231046717e-003	1.818954e-001	-4.189553e-002	5.000000e+000	2.611895e+000	2.388105e+000	2.611895e+000	2.388105e+000	2.500000e+000	2.500000e+000	2.430000e+000	2.430000e+000	-1.889538e-008	1.889538e-008	3.149214e-003	-3.149214e-003	2.797384e-010	-2.797384e-010	1.861564e-008	-3.196995e-003	-1.861564e-008	1.861564e-008	4.776210e-005	-4.776210e-005	-2.797392e-010	2.797393e-010	-3.196976e-003
1.112374088189574e-003	1.724377e-001	-3.243779e-002	5.000000e+000	2.602437e+000	2.397563e+000	2.602438e+000	2.397562e+000	2.500000e+000	2.500000e+000	2.430000e+000	2.430000e+000	-1.727293e-008	1.727293e-008	2.878807e-003	-2.878807e-003	2.560941e-010	-2.560942e-010	1.701684e-008	-2.926776e-003	-1.701684e-008	1.701684e-008	4.795126e-005	-4.795126e-005	-2.560948e-010	2.560947e-010	-2.926759e-003
1.115516945332431e-003	1.636961e-001	-2.369619e-002	5.000000e+000	2.593696e+000	2.406304e+000	2.593696e+000	2.406304e+000	2.500000e+000	2.500000e+000	2.430000e+000	2.430000e+000	-1.577334e-008	1.577334e-008	2.628876e-003	-2.628876e-003	2.342402e-010	-2.342403e-010	1.553910e-008	-2.677018e-003	-1.553910e-008	1.553910e-008	4.812609e-005	-4.812609e-005	-2.342407e-010	2.342406e-010	-2.677002e-003
1.118659802475288e-003	1.556706e-001	-1.567075e-002	5.000000e+000	2.585670e+000	2.414330e+000	2.585671e+000	2.414329e+000	2.500000e+000	2.500000e+000	2.430000e+000	2.430000e+000	-1.439660e-008	1.439660e-008	2.399421e-003	-2.399421e-003	2.141767e-010	-2.141767e-010	1.418242e-008	-2.447722e-003	-1.418242e-008	1.418242e-008	4.828659e-005	-4.828659e-005	-2.141770e-010	2.141768e-010	-2.447707e-003
1.121802659618145e-003	1.483613e-001	-8.361461e-003	5.000000e+000	2.578361e+000	2.421639e+000	2.578361e+000	2.421639e+000	2.500000e+000	2.500000e+000	2.430000e+000	2.430000e+000	-1.314271e-008	1.314271e-008	2.190441e-003	-2.190441e-003	1.959035e-010	-1.959036e-010	1.294681e-008	-2.238886e-003	-1.294681e-008	1.294681e-008	4.843278e-005	-4.843278e-005	-1.959037e-010	1.959033e-010	-2.238873e-003
1.124945516761001e-003	1.417682e-001	-1.768321e-003	5.000000e+000	2.571768e+000	2.428232e+000	2.571768e+000	2.428232e+000	2.500000e+000	2.500000e+000	2.430000e+000	2.430000e+000	-1.201168e-008	1.201168e-008	2.001936e-003	-2.001936e-003	1.794207e-010	-1.794208e-010	1.183226e-008	-2.050513e-003	-1.183226e-008	1.183226e-008	4.856464e-005	-4.856464e-005	-1.794208e-010	1.794201e-010	-2.050501e-003
1.128088373903858e-003	1.358912e-001	4.108667e-003	5.000000e+000	2.565891e+000	2.434109e+000	2.565891e+000	2.434109e+000	2.500000e+000	2.500000e+000	2.430000e+000	2.430000e+000	-1.100350e-008	1.100350e-008	1.833907e-003	-1.833907e-003	1.647283e-010	-1.647284e-010	1.083878e-008	-1.882600e-003	-1.083878e-008	1.083877e-008	4.868218e-005	-4.868218e-005	-1.647282e-010	1.647273e-010	-1.882590e-003
1.131231231046715e-003	1.304675e-001	9.532330e-003	5.000000e+000	2.560467e+000	2.439533e+000	2.560468e+000	2.439532e+000	2.500000e+000	2.500000e+000	2.430000e+000	2.430000e+000	-1.007308e-008	1.007308e-008	1.678839e-003	-1.678839e-003	1.511692e-010	-1.511692e-010	9.921916e-009	-1.727639e-003	-9.921916e-009	9.921915e-009	4.879065e-005	-4.879065e-005	-1.511698e-010	1.511690e-010	-1.727629e-003
1.134374088189572e-003	1.254257e-001	1.457421e-002	5.000000e+000	2.555425e+000	2.444575e+000	2.555426e+000	2.444574e+000	2.500000e+000	2.500000e+000	2.430000e+000	2.430000e+000	-9.208161e-009	9.208160e-009	1.534686e-003	-1.534686e-003	1.385645e-010	-1.385645e-010	9.069596e-009	-1.583586e-003	-9.069596e-009	9.069596e-009	4.889149e-005	-4.889149e-005	-1.385655e-010	1.385649e-010	-1.583577e-003
1.137516945332429e-003	1.207656e-001	1.923431e-002	5.000000e+000	2.550765e+000	2.449235e+000	2.550766e+000	2.449234e+000	2.500000e+000	2.500000e+000	2.430000e+000	2.430000e+000	-8.408730e-009	8.408730e-009	1.401448e-003	-1.401448e-003	1.269142e-010	-1.269142e-010	8.281815e-009	-1.450441e-003	-8.281816e-009	8.281815e-009	4.898469e-005	-4.898469e-005	-1.269155e-010	1.269149e-010	-1.450433e-003
1.140659802475286e-003	1.164872e-001	2.351263e-002	5.000000e+000	2.546487e+000	2.453513e+000	2.546487e+000	2.453513e+000	2.500000e+000	2.500000e+000	2.430000e+000	2.430000e+000	-7.674793e-009	7.674793e-009	1.279126e-003	-1.279126e-003	1.162184e-010	-1.162184e-010	7.558574e-009	-1.328204e-003	-7.558575e-009	7.558574e-009	4.907026e-005	-4.907026e-005	-1.162196e-010	1.162191e-010	-1.328196e-003
1.143802659618143e-003	1.125907e-001	2.740917e-002	5.000000e+000	2.542591e+000	2.457409e+000	2.542591e+000	2.457409e+000	2.500000e+000	2.500000e+000	2.430000e+000	2.430000e+000	-7.006350e-009	7.006349e-009	1.167719e-003	-1.167719e-003	1.064770e-010	-1.064770e-010	6.899872e-009	-1.216874e-003	-6.899872e-009	6.899872e-009	4.914819e-005	-4.914819e-005	-1.064780e-010	1.064774e-010	-1.216867e-003
1.146945516761000e-003	1.090759e-001	3.092393e-002	5.000000e+000	2.539076e+000	2.460924e+000	2.539076e+000	2.460924e+000	2.500000e+000	2.500000e+000	2.430000e+000	2.430000e+000	-6.403400e-009	6.403400e-009	1.067228e-003	-1.067228e-003	9.769004e-011	-9.769009e-011	6.305710e-009	-1.116452e-003	-6.305710e-009	6.305709e-009	4.921848e-005	-4.921848e-005	-9.769063e-011	9.768991e-011	-1.116446e-003
1.150088373903857e-003	1.059430e-001	3.405690e-002	5.000000e+000	2.535943e+000	2.464057e+000	2.535943e+000	2.464057e+000	2.500000e+000	2.500000e+000	2.430000e+000	2.430000e+000	-5.865944e-009	5.865943e-009	9.776518e-004	-9.776518e-004	8.985755e-011	-8.985760e-011	5.776087e-009	-1.026939e-003	-5.776086e-009	5.776085e-009	4.928115e-005	-4.928115e-005	-8.985745e-011	8.985657e-011	-1.026933e-003
1.153231231046713e-003	1.030517e-001	3.694819e-002	5.000000e+000	2.533051e+000	2.466949e+000	2.533052e+000	2.466948e+000	2.500000e+000	2.500000e+000	2.430000e+000	2.430000e+000	-5.369939e-009	5.369939e-009	8.949851e-004	-8.949851e-004	8.262919e-011	-8.262924e-011	5.287310e-009	-9.443294e-004	-5.287310e-009	5.287309e-009	4.933897e-005	-4.933897e-005	-8.262924e-011	8.262903e-011	-9.443240e-004
1.156374088189570e-003	1.003639e-001	3.963597e-002	5.000000e+000	2.530364e+000	2.469636e+000	2.530364e+000	2.469636e+000	2.500000e+000	2.500000e+000	2.430000e+000	2.430000e+000	-4.908850e-009	4.908849e-009	8.181374e-004	-8.181374e-004	7.590964e-011	-7.590970e-011	4.832939e-009	-8.675349e-004	-4.832940e-009	4.832939e-009	4.939272e-005	-4.939272e-005	-7.590986e-011	7.591009e-011	-8.675301e-004
1.159516945332427e-003	9.787961e-002	4.212026e-002	5.000000e+000	2.527879e+000	2.472121e+000	2.527880e+000	2.472120e+000	2.500000e+000	2.500000e+000	2.430000e+000	2.430000e+000	-4.482675e-009	4.482674e-009	7.471087e-004	-7.471087e-004	6.969891e-011	-6.969897e-011	4.412975e-009	-7.965555e-004	-4.412976e-009	4.412975e-009	4.944241e-005	-4.944241e-005	-6.969931e-011	6.969977e-011	-7.965510e-004
1.162659802475284e-003	9.559883e-002	4.440104e-002	5.000000e+000	2.525599e+000	2.474401e+000	2.525599e+000	2.474401e+000	2.500000e+000	2.500000e+000	2.430000e+000	2.430000e+000	-4.091415e-009	4.091414e-009	6.818990e-004	-6.818990e-004	6.399699e-011	-6.399705e-011	4.027416e-009	-7.313910e-004	-4.027418e-009	4.027417e-009	4.948802e-005	-4.948802e-005	-6.399758e-011	6.399804e-011	-7.313870e-004
1.165802659618141e-003	9.352155e-002	4.647832e-002	5.000000e+000	2.523521e+000	2.476479e+000	2.523522e+000	2.476478e+000	2.500000e+000	2.500000e+000	2.430000e+000	2.430000e+000	-3.735069e-009	3.735068e-009	6.225083e-004	-6.225083e-004	5.880388e-011	-5.880394e-011	3.676264e-009	-6.720415e-004	-3.676265e-009	3.676264e-009	4.952957e-005	-4.952957e-005	-5.880469e-011	5.880492e-011	-6.720378e-004
1.168945516760998e-003	9.164778e-002	4.835209e-002	5.000000e+000	2.521648e+000	2.478352e+000	2.521648e+000	2.478352e+000	2.500000e+000	2.500000e+000	2.430000e+000	2.430000e+000	-3.413639e-009	3.413637e-009	5.689366e-004	-5.689366e-004	5.411959e-011	-5.411965e-011	3.359517e-009	-6.185070e-004	-3.359519e-009	3.359518e-009	4.956704e-005	-4.956704e-005	-5.412062e-011	5.412040e-011	-6.185037e-004
1.172088373903855e-003	8.997750e-002	5.002236e-002	5.000000e+000	2.519978e+000	2.480022e+000	2.519978e+000	2.480022e+000	2.500000e+000	2.500000e+000	2.430000e+000	2.430000e+000	-3.127123e-009	3.127121e-009	5.211839e-004	-5.211839e-004	4.994410e-011	-4.994417e-011	3.077177e-009	-5.707875e-004	-3.077179e-009	3.077177e-009	4.960045e-005	-4.960045e-005	-4.994538e-011	4.994449e-011	-5.707844e-004
1.175231231046712e-003	8.843618e-002	5.156369e-002	5.000000e+000	2.518436e+000	2.481564e+000	2.518436e+000	2.481564e+000	2.500000e+000	2.500000e+000	2.430000e+000	2.430000e+000	-2.862703e-009	2.862702e-009	4.771145e-004	-4.771145e-004	4.609068e-011	-4.609075e-011	2.816611e-009	-5.267486e-004	-2.816612e-009	2.816611e-009	4.963128e-005	-4.963128e-005	-4.609188e-011	4.609106e-011	-5.267458e-004
1.178374088189568e-003	8.700334e-002	5.299652e-002	5.000000e+000	2.517003e+000	2.482997e+000	2.517003e+000	2.482997e+000	2.500000e+000	2.500000e+000	2.430000e+000	2.430000e+000	-2.616897e-009	2.616896e-009	4.361472e-004	-4.361472e-004	4.250851e-011	-4.250857e-011	2.574387e-009	-4.858097e-004	-2.574388e-009	2.574387e-009	4.965993e-005	-4.965993e-005	-4.250959e-011	4.250887e-011	-4.858071e-004
1.181516945332425e-003	8.567899e-002	5.432088e-002	5.000000e+000	2.515679e+000	2.484321e+000	2.515679e+000	2.484321e+000	2.500000e+000	2.500000e+000	2.430000e+000	2.430000e+000	-2.389704e-009	2.389703e-009	3.982819e-004	-3.982819e-004	3.919758e-011	-3.919764e-011	2.350504e-009	-4.479707e-004	-2.350506e-009	2.350505e-009	4.968642e-005	-4.968642e-005	-3.919852e-011	3.919791e-011	-4.479683e-004
1.184659802475282e-003	8.446312e-002	5.553674e-002	5.000000e+000	2.514463e+000	2.485537e+000	2.514463e+000	2.485537e+000	2.500000e+000	2.500000e+000	2.430000e+000	2.430000e+000	-2.181124e-009	2.181123e-009	3.635188e-004	-3.635188e-004	3.615790e-011	-3.615796e-011	2.144964e-009	-4.132316e-004	-2.144965e-009	2.144965e-009	4.971074e-005	-4.971074e-005	-3.615867e-011	3.615818e-011	-4.132295e-004
1.187802659618139e-003	8.335574e-002	5.664412e-002	5.000000e+000	2.513356e+000	2.486644e+000	2.513356e+000	2.486644e+000	2.500000e+000	2.500000e+000	2.430000e+000	2.430000e+000	-1.991157e-009	1.991156e-009	3.318577e-004	-3.318577e-004	3.338946e-011	-3.338953e-011	1.957766e-009	-3.815926e-004	-1.957767e-009	1.957767e-009	4.973289e-005	-4.973289e-005	-3.339003e-011	3.338969e-011	-3.815906e-004
1.190945516760996e-003	8.235685e-002	5.764302e-002	5.000000e+000	2.512357e+000	2.487643e+000	2.512357e+000	2.487643e+000	2.500000e+000	2.500000e+000	2.430000e+000	2.430000e+000	-1.819803e-009	1.819803e-009	3.032988e-004	-3.032988e-004	3.089228e-011	-3.089235e-011	1.788911e-009	-3.530535e-004	-1.788911e-009	1.788910e-009	4.975286e-005	-4.975286e-005	-3.089261e-011	3.089243e-011	-3.530516e-004
1.194088373903853e-003	8.146644e-002	5.853343e-002	5.000000e+000	2.511467e+000	2.488533e+000	2.511467e+000	2.488533e+000	2.500000e+000	2.500000e+000	2.430000e+000	2.430000e+000	-1.667063e-009	1.667062e-009	2.778420e-004	-2.778420e-004	2.866634e-011	-2.866641e-011	1.638397e-009	-3.276143e-004	-1.638397e-009	1.638395e-009	4.977067e-005	-4.977067e-005	-2.866640e-011	2.866640e-011	-3.276126e-004
1.197231231046710e-003	8.064475e-002	5.935512e-002	5.000000e+000	2.510645e+000	2.489355e+000	2.510645e+000	2.489355e+000	2.500000e+000	2.500000e+000	2.430000e+000	2.430000e+000	-1.526101e-009	1.526100e-009	2.543486e-004	-2.543486e-004	2.661209e-011	-2.661216e-011	1.499489e-009	-3.041373e-004	-1.499489e-009	1.499488e-009	4.978710e-005	-4.978710e-005	-2.661273e-011	2.661214e-011	-3.041357e-004
1.200374088189567e-003	7.988090e-002	6.011896e-002	5.000000e+000	2.509881e+000	2.490119e+000	2.509881e+000	2.490119e+000	2.500000e+000	2.500000e+000	2.430000e+000	2.430000e+000	-1.395062e-009	1.395061e-009	2.325090e-004	-2.325090e-004	2.470244e-011	-2.470251e-011	1.370359e-009	-2.823128e-004	-1.370359e-009	1.370358e-009	4.980238e-005	-4.980238e-005	-2.470343e-011	2.470245e-011	-2.823114e-004
1.203516945332423e-003	7.917490e-002	6.082496e-002	5.000000e+000	2.509175e+000	2.490825e+000	2.509175e+000	2.490825e+000	2.500000e+000	2.500000e+000	2.430000e+000	2.430000e+000	-1.273945e-009	1.273945e-009	2.123232e-004	-2.123232e-004	2.293739e-011	-2.293746e-011	1.251007e-009	-2.621409e-004	-1.251008e-009	1.251007e-009	4.981650e-005	-4.981650e-005	-2.293851e-011	2.293733e-011	-2.621397e-004
1.206659802475280e-003	7.852675e-002	6.147312e-002	5.000000e+000	2.508527e+000	2.491473e+000	2.508527e+000	2.491473e+000	2.500000e+000	2.500000e+000	2.430000e+000	2.430000e+000	-1.162752e-009	1.162751e-009	1.937910e-004	-1.937910e-004	2.131694e-011	-2.131702e-011	1.141434e-009	-2.436216e-004	-1.141435e-009	1.141434e-009	4.982946e-005	-4.982946e-005	-2.131796e-011	2.131678e-011	-2.436205e-004
1.209802659618137e-003	7.793643e-002	6.206344e-002	5.000000e+000	2.507936e+000	2.492064e+000	2.507936e+000	2.492064e+000	2.500000e+000	2.500000e+000	2.430000e+000	2.430000e+000	-1.061481e-009	1.061480e-009	1.769126e-004	-1.769126e-004	1.984110e-011	-1.984117e-011	1.041639e-009	-2.267549e-004	-1.041640e-009	1.041639e-009	4.984127e-005	-4.984127e-005	-1.984179e-011	1.984081e-011	-2.267539e-004
1.212945516760994e-003	7.740396e-002	6.259591e-002	5.000000e+000	2.507404e+000	2.492596e+000	2.507404e+000	2.492596e+000	2.500000e+000	2.500000e+000	2.430000e+000	2.430000e+000	-9.701338e-010	9.701327e-010	1.616879e-004	-1.616879e-004	1.850985e-011	-1.850993e-011	9.516230e-010	-2.115408e-004	-9.516240e-010	9.516228e-010	4.985192e-005	-4.985192e-005	-1.851000e-011	1.850941e-011	-2.115398e-004
1.216088373903851e-003	7.692933e-002	6.307054e-002	5.000000e+000	2.506929e+000	2.493071e+000	2.506929e+000	2.493071e+000	2.500000e+000	2.500000e+000	2.430000e+000	2.430000e+000	-8.887091e-010	8.887078e-010	1.481169e-004	-1.481169e-004	1.732321e-011	-1.732328e-011	8.713852e-010	-1.979792e-004	-8.713861e-010	8.713843e-010	4.986141e-005	-4.986141e-005	-1.732259e-011	1.732259e-011	-1.979783e-004
1.219231231046708e-003	7.649127e-002	6.350859e-002	5.000000e+000	2.506491e+000	2.493509e+000	2.506491e+000	2.493509e+000	2.500000e+000	2.500000e+000	2.430000e+000	2.430000e+000	-8.135619e-010	8.135605e-010	1.355927e-004	-1.355927e-004	1.622809e-011	-1.622817e-011	7.973329e-010	-1.854636e-004	-7.973338e-010	7.973324e-010	4.987017e-005	-4.987017e-005	-1.622818e-011	1.622766e-011	-1.854629e-004
1.222374088189565e-003	7.608404e-002	6.391582e-002	5.000000e+000	2.506084e+000	2.493916e+000	2.506084e+000	2.493916e+000	2.500000e+000	2.500000e+000	2.430000e+000	2.430000e+000	-7.437047e-010	7.437034e-010	1.239500e-004	-1.239500e-004	1.521006e-011	-1.521014e-011	7.284936e-010	-1.738291e-004	-7.284946e-010	7.284935e-010	4.987832e-005	-4.987832e-005	-1.521069e-011	1.520990e-011	-1.738284e-004
1.225516945332422e-003	7.570764e-002	6.429222e-002	5.000000e+000	2.505708e+000	2.494292e+000	2.505708e+000	2.494292e+000	2.500000e+000	2.500000e+000	2.430000e+000	2.430000e+000	-6.791375e-010	6.791363e-010	1.131890e-004	-1.131890e-004	1.426912e-011	-1.426920e-011	6.648674e-010	-1.630755e-004	-6.648684e-010	6.648674e-010	4.988585e-005	-4.988585e-005	-1.427009e-011	1.426930e-011	-1.630748e-004
1.228659802475279e-003	7.536207e-002	6.463779e-002	5.000000e+000	2.505362e+000	2.494638e+000	2.505362e+000	2.494638e+000	2.500000e+000	2.500000e+000	2.430000e+000	2.430000e+000	-6.198604e-010	6.198594e-010	1.033095e-004	-1.033095e-004	1.340526e-011	-1.340534e-011	6.064542e-010	-1.532029e-004	-6.064552e-010	6.064543e-010	4.989276e-005	-4.989276e-005	-1.340640e-011	1.340586e-011	-1.532023e-004
1.231802659618135e-003	7.504733e-002	6.495253e-002	5.000000e+000	2.505047e+000	2.494953e+000	2.505047e+000	2.494953e+000	2.500000e+000	2.500000e+000	2.430000e+000	2.430000e+000	-5.658734e-010	5.658725e-010	9.431170e-005	-9.431170e-005	1.261849e-011	-1.261857e-011	5.532540e-010	-1.442113e-004	-5.532550e-010	5.532540e-010	4.989905e-005	-4.989905e-005	-1.261962e-011	1.261959e-011	-1.442108e-004
1.234945516760992e-003	7.476342e-002	6.523645e-002	5.000000e+000	2.504763e+000	2.495237e+000	2.504763e+000	2.495237e+000	2.500000e+000	2.500000e+000	2.430000e+000	2.430000e+000	-5.171764e-010	5.171757e-010	8.619544e-005	-8.619544e-005	1.190881e-011	-1.190889e-011	5.052668e-010	-1.361007e-004	-5.052678e-010	5.052667e-010	4.990473e-005	-4.990473e-005	-1.190973e-011	1.191048e-011	-1.361002e-004
1.238088373903849e-003	7.451034e-002	6.548953e-002	5.000000e+000	2.504510e+000	2.495490e+000	2.504510e+000	2.495490e+000	2.500000e+000	2.500000e+000	2.430000e+000	2.430000e+000	-4.737695e-010	4.737690e-010	7.896079e-005	-7.896079e-005	1.127621e-011	-1.127629e-011	4.624927e-010	-1.288710e-004	-4.624936e-010	4.624923e-010	4.990979e-005	-4.990979e-005	-1.127676e-011	1.127853e-011	-1.288706e-004
1.241231231046706e-003	7.427686e-002	6.572301e-002	5.000000e+000	2.504277e+000	2.495723e+000	2.504277e+000	2.495723e+000	2.500000e+000	2.500000e+000	2.430000e+000	2.430000e+000	-4.337083e-010	4.337074e-010	7.228415e-005	-7.228415e-005	1.069240e-011	-1.069249e-011	4.230151e-010	-1.221990e-004	-4.230159e-010	4.230147e-010	4.991446e-005	-4.991446e-005	-1.069299e-011	1.069356e-011	-1.221986e-004
1.244374088189563e-003	7.405981e-002	6.594005e-002	5.000000e+000	2.504060e+000	2.495940e+000	2.504060e+000	2.495940e+000	2.500000e+000	2.500000e+000	2.430000e+000	2.430000e+000	-3.964675e-010	3.964662e-010	6.607748e-005	-6.607748e-005	1.014969e-011	-1.014978e-011	3.863167e-010	-1.159967e-004	-3.863175e-010	3.863165e-010	4.991880e-005	-4.991880e-005	-1.015034e-011	1.015001e-011	-1.159963e-004
1.247516945332420e-003	7.385919e-002	6.614068e-002	5.000000e+000	2.503859e+000	2.496141e+000	2.503859e+000	2.496141e+000	2.500000e+000	2.500000e+000	2.430000e+000	2.430000e+000	-3.620468e-010	3.620454e-010	6.034079e-005	-6.034079e-005	9.648079e-012	-9.648167e-012	3.523975e-010	-1.102640e-004	-3.523983e-010	3.523974e-010	4.992282e-005	-4.992282e-005	-9.648825e-012	9.647881e-012	-1.102636e-004
1.250659802475277e-003	7.367500e-002	6.632487e-002	5.000000e+000	2.503675e+000	2.496325e+000	2.503675e+000	2.496325e+000	2.500000e+000	2.500000e+000	2.430000e+000	2.430000e+000	-3.304465e-010	3.304451e-010	5.507408e-005	-5.507408e-005	9.187559e-012	-9.187648e-012	3.212576e-010	-1.050009e-004	-3.212584e-010	3.212576e-010	4.992650e-005	-4.992650e-005	-9.188431e-012	9.187171e-012	-1.050006e-004
1.253802659618134e-003	7.350723e-002	6.649264e-002	5.000000e+000	2.503507e+000	2.496493e+000	2.503507e+000	2.496493e+000	2.500000e+000	2.500000e+000	2.430000e+000	2.430000e+000	-3.016663e-010	3.016651e-010	5.027735e-005	-5.027735e-005	8.768133e-012	-8.768223e-012	2.928968e-010	-1.002075e-004	-2.928977e-010	2.928971e-010	4.992986e-005	-4.992986e-005	-8.769163e-012	8.767880e-012	-1.002072e-004
1.256945516760990e-003	7.335588e-002	6.664398e-002	5.000000e+000	2.503356e+000	2.496644e+000	2.503356e+000	2.496644e+000	2.500000e+000	2.500000e+000	2.430000e+000	2.430000e+000	-2.757065e-010	2.757056e-010	4.595060e-005	-4.595060e-005	8.389802e-012	-8.389893e-012	2.673152e-010	-9.588374e-005	-2.673163e-010	2.673158e-010	4.993288e-005	-4.993288e-005	-8.391020e-012	8.390009e-012	-9.588348e-005
1.260088373903847e-003	7.322097e-002	6.677890e-002	5.000000e+000	2.503221e+000	2.496779e+000	2.503221e+000	2.496779e+000	2.500000e+000	2.500000e+000	2.430000e+000	2.430000e+000	-2.525669e-010	2.525664e-010	4.209382e-005	-4.209382e-005	8.052566e-012	-8.052657e-012	2.445129e-010	-9.202964e-005	-2.445142e-010	2.445137e-010	4.993558e-005	-4.993558e-005	-8.054002e-012	8.053558e-012	-9.202940e-005
1.263231231046704e-003	7.309644e-002	6.690343e-002	5.000000e+000	2.503097e+000	2.496903e+000	2.503097e+000	2.496903e+000	2.500000e+000	2.500000e+000	2.430000e+000	2.430000e+000	-2.312094e-010	2.312090e-010	3.853451e-005	-3.853451e-005	7.741341e-012	-7.741433e-012	2.234669e-010	-8.847280e-005	-2.234681e-010	2.234676e-010	4.993807e-005	-4.993807e-005	-7.742157e-012	7.742055e-012	-8.847258e-005
1.266374088189561e-003	7.298069e-002	6.701918e-002	5.000000e+000	2.502981e+000	2.497019e+000	2.502981e+000	2.497019e+000	2.500000e+000	2.500000e+000	2.430000e+000	2.430000e+000	-2.113558e-010	2.113553e-010	3.522575e-005	-3.522575e-005	7.452023e-012	-7.452117e-012	2.039028e-010	-8.516634e-005	-2.039038e-010	2.039032e-010	4.994038e-005	-4.994038e-005	-7.452420e-012	7.452505e-012	-8.516614e-005
1.269516945332418e-003	7.287372e-002	6.712615e-002	5.000000e+000	2.502874e+000	2.497126e+000	2.502874e+000	2.497126e+000	2.500000e+000	2.500000e+000	2.430000e+000	2.430000e+000	-1.930060e-010	1.930054e-010	3.216754e-005	-3.216754e-005	7.184613e-012	-7.184708e-012	1.858205e-010	-8.211025e-005	-1.858214e-010	1.858207e-010	4.994252e-005	-4.994252e-005	-7.184793e-012	7.184907e-012	-8.211006e-005
1.272659802475275e-003	7.277552e-002	6.722434e-002	5.000000e+000	2.502776e+000	2.497224e+000	2.502776e+000	2.497224e+000	2.500000e+000	2.500000e+000	2.430000e+000	2.430000e+000	-1.761599e-010	1.761592e-010	2.935986e-005	-2.935986e-005	6.939111e-012	-6.939206e-012	1.692200e-010	-7.930452e-005	-1.692209e-010	1.692200e-010	4.994449e-005	-4.994449e-005	-6.939275e-012	6.939262e-012	-7.930436e-005
1.275802659618132e-003	7.268611e-002	6.731376e-002	5.000000e+000	2.502686e+000	2.497314e+000	2.502686e+000	2.497314e+000	2.500000e+000	2.500000e+000	2.430000e+000	2.430000e+000	-1.608176e-010	1.608167e-010	2.680274e-005	-2.680274e-005	6.715516e-012	-6.715612e-012	1.541013e-010	-7.674917e-005	-1.541021e-010	1.541012e-010	4.994627e-005	-4.994627e-005	-6.715867e-012	6.715570e-012	-7.674902e-005
1.278945516760989e-003	7.260547e-002	6.739440e-002	5.000000e+000	2.502606e+000	2.497394e+000	2.502606e+000	2.497394e+000	2.500000e+000	2.500000e+000	2.430000e+000	2.430000e+000	-1.469790e-010	1.469780e-010	2.449615e-005	-2.449615e-005	6.513828e-012	-6.513926e-012	1.404645e-010	-7.444418e-005	-1.404653e-010	1.404641e-010	4.994789e-005	-4.994789e-005	-6.514567e-012	6.513831e-012	-7.444405e-005
1.282088373903845e-003	7.253361e-002	6.746626e-002	5.000000e+000	2.502534e+000	2.497466e+000	2.502534e+000	2.497466e+000	2.500000e+000	2.500000e+000	2.430000e+000	2.430000e+000	-1.346443e-010	1.346430e-010	2.244012e-005	-2.244012e-005	6.334048e-012	-6.334146e-012	1.283094e-010	-7.238957e-005	-1.283103e-010	1.283089e-010	4.994933e-005	-4.994933e-005	-6.335377e-012	6.334044e-012	-7.238945e-005
1.285231231046702e-003	7.246719e-002	6.753268e-002	5.000000e+000	2.502467e+000	2.497533e+000	2.502467e+000	2.497533e+000	2.500000e+000	2.500000e+000	2.430000e+000	2.430000e+000	-1.232579e-010	1.232570e-010	2.054266e-005	-2.054266e-005	6.168134e-012	-6.168234e-012	1.170888e-010	-7.049343e-005	-1.170899e-010	1.170887e-010	4.995065e-005	-4.995065e-005	-6.169091e-012	6.168306e-012	-7.049332e-005
1.288374088189559e-003	7.240546e-002	6.759441e-002	5.000000e+000	2.502406e+000	2.497594e+000	2.502406e+000	2.497594e+000	2.500000e+000	2.500000e+000	2.430000e+000	2.430000e+000	-1.126734e-010	1.126728e-010	1.877877e-005	-1.877877e-005	6.013899e-012	-6.014000e-012	1.066585e-010	-6.873077e-005	-1.066598e-010	1.066587e-010	4.995189e-005	-4.995189e-005	-6.014607e-012	6.014167e-012	-6.873066e-005
1.291516945332416e-003	7.234841e-002	6.765145e-002	5.000000e+000	2.502348e+000	2.497652e+000	2.502348e+000	2.497652e+000	2.500000e+000	2.500000e+000	2.430000e+000	2.430000e+000	-1.028909e-010	1.028903e-010	1.714844e-005	-1.714844e-005	5.871343e-012	-5.871445e-012	9.701847e-011	-6.710157e-005	-9.701989e-011	9.701881e-011	4.995303e-005	-4.995303e-005	-5.871926e-012	5.871626e-012	-6.710147e-005
1.294659802475273e-003	7.229606e-002	6.770380e-002	5.000000e+000	2.502296e+000	2.497704e+000	2.502296e+000	2.497704e+000	2.500000e+000	2.500000e+000	2.430000e+000	2.430000e+000	-9.391026e-011	9.390962e-011	1.565168e-005	-1.565168e-005	5.740466e-012	-5.740569e-012	8.816879e-011	-6.560584e-005	-8.817015e-011	8.816906e-011	4.995408e-005	-4.995408e-005	-5.741046e-012	5.740683e-012	-6.560575e-005
1.297802659618130e-003	7.224841e-002	6.775146e-002	5.000000e+000	2.502248e+000	2.497752e+000	2.502248e+000	2.497752e+000	2.500000e+000	2.500000e+000	2.430000e+000	2.430000e+000	-8.573156e-011	8.573069e-011	1.428848e-005	-1.428848e-005	5.621268e-012	-5.621372e-012	8.010942e-011	-6.424359e-005	-8.011059e-011	8.010946e-011	4.995503e-005	-4.995503e-005	-5.621969e-012	5.621338e-012	-6.424351e-005
1.300945516760987e-003	7.220544e-002	6.779443e-002	5.000000e+000	2.502206e+000	2.497794e+000	2.502206e+000	2.497794e+000	2.500000e+000	2.500000e+000	2.430000e+000	2.430000e+000	-7.835478e-011	7.835353e-011	1.305884e-005	-1.305884e-005	5.513749e-012	-5.513854e-012	7.284035e-011	-6.301481e-005	-7.284121e-011	7.284000e-011	4.995589e-005	-4.995589e-005	-5.514694e-012	5.513592e-012	-6.301473e-005
1.304088373903844e-003	7.216716e-002	6.783271e-002	5.000000e+000	2.502167e+000	2.497833e+000	2.502167e+000	2.497833e+000	2.500000e+000	2.500000e+000	2.430000e+000	2.430000e+000	-7.177992e-011	7.177814e-011	1.196277e-005	-1.196277e-005	5.417908e-012	-5.418014e-012	6.636158e-011	-6.191950e-005	-6.636203e-011	6.636069e-011	4.995666e-005	-4.995666e-005	-5.419221e-012	5.417444e-012	-6.191943e-005
1.307231231046701e-003	7.213176e-002	6.786811e-002	5.000000e+000	2.502132e+000	2.497868e+000	2.502132e+000	2.497868e+000	2.500000e+000	2.500000e+000	2.430000e+000	2.430000e+000	-6.570923e-011	6.570788e-011	1.095124e-005	-1.095124e-005	5.329460e-012	-5.329567e-012	6.037915e-011	-6.090867e-005	-6.037971e-011	6.037872e-011	4.995736e-005	-4.995736e-005	-5.330198e-012	5.329450e-012	-6.090861e-005
1.310374088189557e-003	7.209884e-002	6.790102e-002	5.000000e+000	2.502099e+000	2.497901e+000	2.502099e+000	2.497901e+000	2.500000e+000	2.500000e+000	2.430000e+000	2.430000e+000	-6.006624e-011	6.006524e-011	1.001092e-005	-1.001092e-005	5.247237e-012	-5.247345e-012	5.481824e-011	-5.996899e-005	-5.481889e-011	5.481816e-011	4.995802e-005	-4.995802e-005	-5.247609e-012	5.247567e-012	-5.996894e-005
1.313516945332414e-003	7.206842e-002	6.793144e-002	5.000000e+000	2.502068e+000	2.497932e+000	2.502068e+000	2.497932e+000	2.500000e+000	2.500000e+000	2.430000e+000	2.430000e+000	-5.485095e-011	5.485022e-011	9.141795e-006	-9.141795e-006	5.171241e-012	-5.171350e-012	4.967885e-011	-5.910047e-005	-4.967958e-011	4.967900e-011	4.995863e-005	-4.995863e-005	-5.171453e-012	5.171796e-012	-5.910042e-005
1.316659802475271e-003	7.204049e-002	6.795937e-002	5.000000e+000	2.502041e+000	2.497959e+000	2.502041e+000	2.497959e+000	2.500000e+000	2.500000e+000	2.430000e+000	2.430000e+000	-5.006335e-011	5.006281e-011	8.343874e-006	-8.343874e-006	5.101470e-012	-5.101580e-012	4.496097e-011	-5.830310e-005	-4.496176e-011	4.496125e-011	4.995919e-005	-4.995919e-005	-5.101731e-012	5.102138e-012	-5.830306e-005
1.319802659618128e-003	7.201506e-002	6.798481e-002	5.000000e+000	2.502015e+000	2.497985e+000	2.502015e+000	2.497985e+000	2.500000e+000	2.500000e+000	2.430000e+000	2.430000e+000	-4.570344e-011	4.570302e-011	7.617156e-006	-7.617156e-006	5.037926e-012	-5.038037e-012	4.066461e-011	-5.757689e-005	-4.066545e-011	4.066491e-011	4.995970e-005	-4.995970e-005	-5.038443e-012	5.038591e-012	-5.757685e-005
1.322945516760985e-003	7.199211e-002	6.800776e-002	5.000000e+000	2.501992e+000	2.498008e+000	2.501992e+000	2.498008e+000	2.500000e+000	2.500000e+000	2.430000e+000	2.430000e+000	-4.177124e-011	4.177084e-011	6.961640e-006	-6.961640e-006	4.980607e-012	-4.980719e-012	3.678977e-011	-5.692183e-005	-3.679064e-011	3.678997e-011	4.996015e-005	-4.996015e-005	-4.981588e-012	4.981157e-012	-5.692179e-005
1.326088373903842e-003	7.197165e-002	6.802821e-002	5.000000e+000	2.501972e+000	2.498028e+000	2.501972e+000	2.498028e+000	2.500000e+000	2.500000e+000	2.430000e+000	2.430000e+000	-3.826672e-011	3.826628e-011	6.377327e-006	-6.377327e-006	4.929514e-012	-4.929627e-012	3.333644e-011	-5.633793e-005	-3.333733e-011	3.333644e-011	4.996056e-005	-4.996056e-005	-4.931167e-012	4.929834e-012	-5.633789e-005
1.329374088189556e-003	7.195201e-002	6.804786e-002	5.000000e+000	2.501952e+000	2.498048e+000	2.501952e+000	2.498048e+000	2.500000e+000	2.500000e+000	2.430000e+000	2.430000e+000	-3.489487e-011	3.489423e-011	5.815465e-006	-5.815465e-006	4.880385e-012	-4.880499e-012	3.001359e-011	-5.577645e-005	-3.001475e-011	3.001360e-011	4.996096e-005	-4.996096e-005	-4.882015e-012	4.880496e-012	-5.577642e-005
1.332659802475270e-003	7.193380e-002	6.806607e-002	5.000000e+000	2.501934e+000	2.498066e+000	2.501934e+000	2.498066e+000	2.500000e+000	2.500000e+000	2.430000e+000	2.430000e+000	-3.176866e-011	3.176783e-011	5.294537e-006	-5.294537e-006	4.834834e-012	-4.834950e-012	2.693283e-011	-5.525589e-005	-2.693414e-011	2.693284e-011	4.996132e-005	-4.996132e-005	-4.836348e-012	4.834809e-012	-5.525586e-005
1.335945516760984e-003	7.191703e-002	6.808283e-002	5.000000e+000	2.501917e+000	2.498083e+000	2.501917e+000	2.498083e+000	2.500000e+000	2.500000e+000	2.430000e+000	2.430000e+000	-2.888810e-011	2.888708e-011	4.814542e-006	-4.814542e-006	4.792863e-012	-4.792979e-012	2.409415e-011	-5.477622e-005	-2.409550e-011	2.409416e-011	4.996166e-005	-4.996166e-005	-4.794164e-012	4.792775e-012	-5.477620e-005
1.339231231046698e-003	7.190171e-002	6.809816e-002	5.000000e+000	2.501902e+000	2.498098e+000	2.501902e+000	2.498098e+000	2.500000e+000	2.500000e+000	2.430000e+000	2.430000e+000	-2.625320e-011	2.625199e-011	4.375482e-006	-4.375482e-006	4.754471e-012	-4.754589e-012	2.149756e-011	-5.433747e-005	-2.149885e-011	2.149757e-011	4.996196e-005	-4.996196e-005	-4.755465e-012	4.754393e-012	-5.433745e-005
1.342516945332412e-003	7.188782e-002	6.811205e-002	5.000000e+000	2.501888e+000	2.498112e+000	2.501888e+000	2.498112e+000	2.500000e+000	2.500000e+000	2.430000e+000	2.430000e+000	-2.386394e-011	2.386254e-011	3.977356e-006	-3.977356e-006	4.719659e-012	-4.719777e-012	1.914306e-011	-5.393962e-005	-1.914418e-011	1.914307e-011	4.996224e-005	-4.996224e-005	-4.720250e-012	4.719663e-012	-5.393960e-005
1.345802659618126e-003	7.187537e-002	6.812449e-002	5.000000e+000	2.501875e+000	2.498125e+000	2.501875e+000	2.498125e+000	2.500000e+000	2.500000e+000	2.430000e+000	2.430000e+000	-2.172033e-011	2.171874e-011	3.620164e-006	-3.620164e-006	4.688425e-012	-4.688545e-012	1.703065e-011	-5.358267e-005	-1.703148e-011	1.703065e-011	4.996249e-005	-4.996249e-005	-4.688519e-012	4.688586e-012	-5.358266e-005
1.349088373903840e-003	7.186437e-002	6.813550e-002	5.000000e+000	2.501864e+000	2.498136e+000	2.501864e+000	2.498136e+000	2.500000e+000	2.500000e+000	2.430000e+000	2.430000e+000	-1.982237e-011	1.982059e-011	3.303906e-006	-3.303906e-006	4.660771e-012	-4.660892e-012	1.516032e-011	-5.326663e-005	-1.516076e-011	1.516032e-011	4.996271e-005	-4.996271e-005	-4.660272e-012	4.661160e-012	-5.326662e-005
1.352374088189554e-003	7.185418e-002	6.814569e-002	5.000000e+000	2.501854e+000	2.498146e+000	2.501854e+000	2.498146e+000	2.500000e+000	2.500000e+000	2.430000e+000	2.430000e+000	-1.807620e-011	1.807491e-011	3.012821e-006	-3.012821e-006	4.635318e-012	-4.635440e-012	1.343981e-011	-5.297575e-005	-1.344052e-011	1.343967e-011	4.996292e-005	-4.996292e-005	-4.635456e-012	4.635864e-012	-5.297574e-005
1.355659802475268e-003	7.184473e-002	6.815514e-002	5.000000e+000	2.501845e+000	2.498155e+000	2.501845e+000	2.498155e+000	2.500000e+000	2.500000e+000	2.430000e+000	2.430000e+000	-1.645735e-011	1.645641e-011	2.742944e-006	-2.742944e-006	4.611720e-012	-4.611843e-012	1.184470e-011	-5.270606e-005	-1.184559e-011	1.184449e-011	4.996311e-005	-4.996311e-005	-4.612293e-012	4.612317e-012	-5.270605e-005
1.358945516760982e-003	7.183602e-002	6.816385e-002	5.000000e+000	2.501836e+000	2.498164e+000	2.501836e+000	2.498164e+000	2.500000e+000	2.500000e+000	2.430000e+000	2.430000e+000	-1.496580e-011	1.496511e-011	2.494273e-006	-2.494273e-006	4.589976e-012	-4.590099e-012	1.037498e-011	-5.245756e-005	-1.037596e-011	1.037477e-011	4.996328e-005	-4.996328e-005	-4.590783e-012	4.590520e-012	-5.245755e-005
1.362231231046696e-003	7.182805e-002	6.817182e-002	5.000000e+000	2.501828e+000	2.498172e+000	2.501828e+000	2.498172e+000	2.500000e+000	2.500000e+000	2.430000e+000	2.430000e+000	-1.360156e-011	1.360099e-011	2.266809e-006	-2.266809e-006	4.570086e-012	-4.570211e-012	9.030656e-012	-5.223026e-005	-9.031642e-012	9.030513e-012	4.996344e-005	-4.996344e-005	-4.570926e-012	4.570473e-012	-5.223025e-005
1.365516945332410e-003	7.182082e-002	6.817905e-002	5.000000e+000	2.501821e+000	2.498179e+000	2.501821e+000	2.498179e+000	2.500000e+000	2.500000e+000	2.430000e+000	2.430000e+000	-1.236462e-011	1.236407e-011	2.060551e-006	-2.060551e-006	4.552050e-012	-4.552176e-012	7.811731e-012	-5.202414e-005	-7.812627e-012	7.811717e-012	4.996358e-005	-4.996358e-005	-4.552722e-012	4.552175e-012	-5.202413e-005
1.368802659618124e-003	7.181433e-002	6.818554e-002	5.000000e+000	2.501814e+000	2.498186e+000	2.501814e+000	2.498186e+000	2.500000e+000	2.500000e+000	2.430000e+000	2.430000e+000	-1.125499e-011	1.125433e-011	1.875500e-006	-1.875500e-006	4.535869e-012	-4.535996e-012	6.718201e-012	-5.183922e-005	-6.718916e-012	6.718383e-012	4.996371e-005	-4.996371e-005	-4.536171e-012	4.535627e-012	-5.183921e-005
1.372088373903838e-003	7.180858e-002	6.819129e-002	5.000000e+000	2.501809e+000	2.498191e+000	2.501809e+000	2.498191e+000	2.500000e+000	2.500000e+000	2.430000e+000	2.430000e+000	-1.027267e-011	1.027178e-011	1.711656e-006	-1.711656e-006	4.521542e-012	-4.521670e-012	5.750067e-012	-5.167549e-005	-5.750511e-012	5.750511e-012	4.996383e-005	-4.996383e-005	-4.521272e-012	4.520828e-012	-5.167548e-005
1.375659802475266e-003	7.180282e-002	6.819705e-002	5.000000e+000	2.501803e+000	2.498197e+000	2.501803e+000	2.498197e+000	2.500000e+000	2.500000e+000	2.430000e+000	2.430000e+000	-9.295189e-012	9.294287e-012	1.548859e-006	-1.548859e-006	4.507306e-012	-4.507436e-012	4.786844e-012	-5.151280e-005	-4.787491e-012	4.787071e-012	4.996394e-005	-4.996394e-005	-4.507437e-012	4.506829e-012	-5.151280e-005
1.379231231046694e-003	7.179752e-002	6.820234e-002	5.000000e+000	2.501798e+000	2.498202e+000	2.501798e+000	2.498202e+000	2.500000e+000	2.500000e+000	2.430000e+000	2.430000e+000	-8.393553e-012	8.392663e-012	1.398699e-006	-1.398699e-006	4.494176e-012	-4.494306e-012	3.898416e-012	-5.136275e-005	-3.899156e-012	3.898456e-012	4.996405e-005	-4.996405e-005	-4.494555e-012	4.493922e-012	-5.136275e-005
1.382802659618123e-003	7.179269e-002	6.820717e-002	5.000000e+000	2.501793e+000	2.498207e+000	2.501793e+000	2.498207e+000	2.500000e+000	2.500000e+000	2.430000e+000	2.430000e+000	-7.567766e-012	7.566914e-012	1.261178e-006	-1.261178e-006	4.482150e-012	-4.482282e-012	3.084783e-012	-5.122532e-005	-3.085507e-012	3.084666e-012	4.996414e-005	-4.996414e-005	-4.482627e-012	4.482107e-012	-5.122532e-005
1.386374088189551e-003	7.178834e-002	6.821153e-002	5.000000e+000	2.501788e+000	2.498212e+000	2.501788e+000	2.498212e+000	2.500000e+000	2.500000e+000	2.430000e+000	2.430000e+000	-6.817826e-012	6.817037e-012	1.136294e-006	-1.136294e-006	4.471230e-012	-4.471363e-012	2.345945e-012	-5.110053e-005	-2.346542e-012	2.345702e-012	4.996423e-005	-4.996423e-005	-4.471651e-012	4.471386e-012	-5.110052e-005
1.389945516760979e-003	7.178444e-002	6.821542e-002	5.000000e+000	2.501785e+000	2.498215e+000	2.501785e+000	2.498215e+000	2.500000e+000	2.500000e+000	2.430000e+000	2.430000e+000	-6.143734e-012	6.143034e-012	1.024048e-006	-1.024048e-006	4.461414e-012	-4.461549e-012	1.681903e-012	-5.098836e-005	-1.682263e-012	1.681563e-012	4.996431e-005	-4.996431e-005	-4.461629e-012	4.461757e-012	-5.098836e-005
1.393516945332407e-003	7.178102e-002	6.821885e-002	5.000000e+000	2.501781e+000	2.498219e+000	2.501781e+000	2.498219e+000	2.500000e+000	2.500000e+000	2.430000e+000	2.430000e+000	-5.545490e-012	5.544905e-012	9.244407e-007	-9.244407e-007	4.452704e-012	-4.452839e-012	1.092656e-012	-5.088882e-005	-1.092669e-012	1.092249e-012	4.996438e-005	-4.996438e-005	-4.452560e-012	4.453221e-012	-5.088882e-005
1.397088373903836e-003	7.177806e-002	6.822181e-002	5.000000e+000	2.501778e+000	2.498222e+000	2.501778e+000	2.498222e+000	2.500000e+000	2.500000e+000	2.430000e+000	2.430000e+000	-5.023093e-012	5.022649e-012	8.374710e-007	-8.374710e-007	4.445099e-012	-4.445235e-012	5.782042e-013	-5.080191e-005	-5.777601e-013	5.777601e-013	4.996444e-005	-4.996444e-005	-4.444445e-012	4.445777e-012	-5.080191e-005
1.400945516760978e-003	7.177499e-002	6.822487e-002	5.000000e+000	2.501775e+000	2.498225e+000	2.501775e+000	2.498225e+000	2.500000e+000	2.500000e+000	2.430000e+000	2.430000e+000	-4.511407e-012	4.510385e-012	7.520453e-007	-7.520453e-007	4.437629e-012	-4.437766e-012	7.354011e-014	-5.071654e-005	-7.335533e-014	7.302876e-014	4.996450e-005	-4.996450e-005	-4.437461e-012	4.437870e-012	-5.071654e-005
1.404802659618121e-003	7.177220e-002	6.822767e-002	5.000000e+000	2.501772e+000	2.498228e+000	2.501772e+000	2.498228e+000	2.500000e+000	2.500000e+000	2.430000e+000	2.430000e+000	-4.041751e-012	4.040365e-012	6.736428e-007	-6.736428e-007	4.430772e-012	-4.430911e-012	-3.896372e-013	-5.063820e-005	3.895222e-013	-3.901511e-013	4.996455e-005	-4.996455e-005	-4.431007e-012	4.430717e-012	-5.063820e-005
1.408659802475263e-003	7.176968e-002	6.823019e-002	5.000000e+000	2.501770e+000	2.498230e+000	2.501770e+000	2.498230e+000	2.500000e+000	2.500000e+000	2.430000e+000	2.430000e+000	-3.614125e-012	3.612588e-012	6.022636e-007	-6.022636e-007	4.424530e-012	-4.424671e-012	-8.113277e-013	-5.056687e-005	8.108726e-013	-8.117795e-013	4.996460e-005	-4.996460e-005	-4.425084e-012	4.424317e-012	-5.056687e-005
1.412516945332406e-003	7.176743e-002	6.823243e-002	5.000000e+000	2.501767e+000	2.498233e+000	2.501767e+000	2.498233e+000	2.500000e+000	2.500000e+000	2.430000e+000	2.430000e+000	-3.228529e-012	3.227055e-012	5.379075e-007	-5.379075e-007	4.418903e-012	-4.419044e-012	-1.191532e-012	-5.050255e-005	1.190696e-012	-1.191856e-012	4.996465e-005	-4.996465e-005	-4.419692e-012	4.418671e-012	-5.050256e-005
1.416374088189548e-003	7.176546e-002	6.823441e-002	5.000000e+000	2.501766e+000	2.498234e+000	2.501766e+000	2.498234e+000	2.500000e+000	2.500000e+000	2.430000e+000	2.430000e+000	-2.884962e-012	2.883766e-012	4.805748e-007	-4.805748e-007	4.413889e-012	-4.414032e-012	-1.530249e-012	-5.044526e-005	1.528992e-012	-1.530382e-012	4.996469e-005	-4.996469e-005	-4.414830e-012	4.413778e-012	-5.044526e-005
1.420231231046691e-003	7.176375e-002	6.823611e-002	5.000000e+000	2.501764e+000	2.498236e+000	2.501764e+000	2.498236e+000	2.500000e+000	2.500000e+000	2.430000e+000	2.430000e+000	-2.583426e-012	2.582720e-012	4.302652e-007	-4.302652e-007	4.409489e-012	-4.409633e-012	-1.827479e-012	-5.039499e-005	1.825760e-012	-1.827356e-012	4.996472e-005	-4.996472e-005	-4.410498e-012	4.409639e-012	-5.039499e-005
1.424088373903834e-003	7.176232e-002	6.823754e-002	5.000000e+000	2.501762e+000	2.498238e+000	2.501762e+000	2.498238e+000	2.500000e+000	2.500000e+000	2.430000e+000	2.430000e+000	-2.323919e-012	2.323919e-012	3.869789e-007	-3.869789e-007	4.405704e-012	-4.405849e-012	-2.083222e-012	-5.035173e-005	2.081002e-012	-2.082778e-012	4.996475e-005	-4.996475e-005	-4.406697e-012	4.406253e-012	-5.035173e-005
1.428659802475262e-003	7.176070e-002	6.823917e-002	5.000000e+000	2.501761e+000	2.498239e+000	2.501761e+000	2.498239e+000	2.500000e+000	2.500000e+000	2.430000e+000	2.430000e+000	-2.047182e-012	2.046923e-012	3.410330e-007	-3.410330e-007	4.401686e-012	-4.401832e-012	-2.355783e-012	-5.030582e-005	2.354022e-012	-2.355545e-012	4.996479e-005	-4.996479e-005	-4.402716e-012	4.402229e-012	-5.030582e-005
1.433231231046690e-003	7.175923e-002	6.824064e-002	5.000000e+000	2.501759e+000	2.498241e+000	2.501759e+000	2.498241e+000	2.500000e+000	2.500000e+000	2.430000e+000	2.430000e+000	-1.796416e-012	1.795942e-012	2.993555e-007	-2.993555e-007	4.398041e-012	-4.398188e-012	-2.602728e-012	-5.026417e-005	2.601379e-012	-2.602671e-012	4.996481e-005	-4.996481e-005	-4.399046e-012	4.398552e-012	-5.026417e-005
1.437802659618118e-003	7.175792e-002	6.824195e-002	5.000000e+000	2.501758e+000	2.498242e+000	2.501758e+000	2.498242e+000	2.500000e+000	2.500000e+000	2.430000e+000	2.430000e+000	-1.571620e-012	1.570976e-012	2.619465e-007	-2.619465e-007	4.394769e-012	-4.394918e-012	-2.824059e-012	-5.022678e-005	2.823075e-012	-2.824156e-012	4.996484e-005	-4.996484e-005	-4.395689e-012	4.395223e-012	-5.022679e-005
1.442374088189546e-003	7.175676e-002	6.824311e-002	5.000000e+000	2.501757e+000	2.498243e+000	2.501757e+000	2.498243e+000	2.500000e+000	2.500000e+000	2.430000e+000	2.430000e+000	-1.372795e-012	1.372024e-012	2.288058e-007	-2.288058e-007	4.391870e-012	-4.392021e-012	-3.019776e-012	-5.019367e-005	3.019109e-012	-3.019999e-012	4.996486e-005	-4.996486e-005	-4.392643e-012	4.392242e-012	-5.019367e-005
1.446945516760974e-003	7.175575e-002	6.824411e-002	5.000000e+000	2.501756e+000	2.498244e+000	2.501756e+000	2.498244e+000	2.500000e+000	2.500000e+000	2.430000e+000	2.430000e+000	-1.199940e-012	1.199087e-012	1.999335e-007	-1.999335e-007	4.389345e-012	-4.389497e-012	-3.189877e-012	-5.016481e-005	3.189480e-012	-3.190201e-012	4.996488e-005	-4.996488e-005	-4.389910e-012	4.389607e-012	-5.016482e-005
1.451516945332403e-003	7.175491e-002	6.824496e-002	5.000000e+000	2.501755e+000	2.498245e+000	2.501755e+000	2.498245e+000	2.500000e+000	2.500000e+000	2.430000e+000	2.430000e+000	-1.053056e-012	1.052164e-012	1.753296e-007	-1.753296e-007	4.387193e-012	-4.387346e-012	-3.334365e-012	-5.014023e-005	3.334190e-012	-3.334762e-012	4.996490e-005	-4.996490e-005	-4.387490e-012	4.387320e-012	-5.014023e-005
1.456088373903831e-003	7.175422e-002	6.824565e-002	5.000000e+000	2.501754e+000	2.498246e+000	2.501754e+000	2.498246e+000	2.500000e+000	2.500000e+000	2.430000e+000	2.430000e+000	-9.321433e-013	9.312551e-013	1.549942e-007	-1.549942e-007	4.385414e-012	-4.385569e-012	-3.453238e-012	-5.011991e-005	3.453238e-012	-3.453682e-012	4.996492e-005	-4.996492e-005	-4.385381e-012	4.385381e-012	-5.011991e-005
1.461945516760973e-003	7.175332e-002	6.824654e-002	5.000000e+000	2.501753e+000	2.498247e+000	2.501753e+000	2.498247e+000	2.500000e+000	2.500000e+000	2.430000e+000	2.430000e+000	-7.949484e-013	7.941769e-013	1.322109e-007	-1.322109e-007	4.383421e-012	-4.383578e-012	-3.588723e-012	-5.009714e-005	3.588447e-012	-3.589161e-012	4.996493e-005	-4.996493e-005	-4.383617e-012	4.383498e-012	-5.009714e-005
1.467802659618116e-003	7.175254e-002	6.824732e-002	5.000000e+000	2.501753e+000	2.498247e+000	2.501753e+000	2.498247e+000	2.500000e+000	2.500000e+000	2.430000e+000	2.430000e+000	-6.727162e-013	6.720647e-013	1.119267e-007	-1.119267e-007	4.381646e-012	-4.381805e-012	-3.709436e-012	-5.007687e-005	3.708891e-012	-3.709784e-012	4.996495e-005	-4.996495e-005	-4.382018e-012	4.381819e-012	-5.007687e-005
1.473659802475258e-003	7.175188e-002	6.824798e-002	5.000000e+000	2.501752e+000	2.498248e+000	2.501752e+000	2.498248e+000	2.500000e+000	2.500000e+000	2.430000e+000	2.430000e+000	-5.654465e-013	5.649184e-013	9.414174e-008	-9.414174e-008	4.380090e-012	-4.380251e-012	-3.815374e-012	-5.005909e-005	3.814569e-012	-3.815552e-012	4.996496e-005	-4.996496e-005	-4.380584e-012	4.380345e-012	-5.005910e-005
1.479516945332400e-003	7.175134e-002	6.824853e-002	5.000000e+000	2.501751e+000	2.498249e+000	2.501751e+000	2.498249e+000	2.500000e+000	2.500000e+000	2.430000e+000	2.430000e+000	-4.731393e-013	4.727382e-013	7.885594e-008	-7.885594e-008	4.378753e-012	-4.378915e-012	-3.906540e-012	-5.004382e-005	3.905480e-012	-3.906463e-012	4.996497e-005	-4.996497e-005	-4.379315e-012	4.379077e-012	-5.004383e-005
1.485374088189543e-003	7.175091e-002	6.824896e-002	5.000000e+000	2.501751e+000	2.498249e+000	2.501751e+000	2.498249e+000	2.500000e+000	2.500000e+000	2.430000e+000	2.430000e+000	-3.957948e-013	3.955240e-013	6.606930e-008	-6.606930e-008	4.377634e-012	-4.377798e-012	-3.982931e-012	-5.003104e-005	3.981625e-012	-3.982519e-012	4.996498e-005	-4.996498e-005	-4.378212e-012	4.378013e-012	-5.003105e-005
1.491231231046685e-003	7.175060e-002	6.824927e-002	5.000000e+000	2.501751e+000	2.498249e+000	2.501751e+000	2.498249e+000	2.500000e+000	2.500000e+000	2.430000e+000	2.430000e+000	-3.334128e-013	3.332757e-013	5.578183e-008	-5.578183e-008	4.376734e-012	-4.376899e-012	-4.044549e-012	-5.002076e-005	4.043004e-012	-4.043718e-012	4.996499e-005	-4.996499e-005	-4.377273e-012	4.377153e-012	-5.002077e-005
1.497088373903827e-003	7.175040e-002	6.824946e-002	5.000000e+000	2.501750e+000	2.498250e+000	2.501750e+000	2.498250e+000	2.500000e+000	2.500000e+000	2.430000e+000	2.430000e+000	-2.859935e-013	2.859935e-013	4.799352e-008	-4.799352e-008	4.376052e-012	-4.376219e-012	-4.091394e-012	-5.001298e-005	4.089618e-012	-4.090062e-012	4.996499e-005	-4.996499e-005	-4.376499e-012	4.376499e-012	-5.001298e-005
1.506231231046684e-003	7.175008e-002	6.824979e-002	5.000000e+000	2.501750e+000	2.498250e+000	2.501750e+000	2.498250e+000	2.500000e+000	2.500000e+000	2.430000e+000	2.430000e+000	-2.272267e-013	2.269077e-013	3.797252e-008	-3.797252e-008	4.375174e-012	-4.375344e-012	-4.149136e-012	-5.000297e-005	4.147741e-012	-4.148424e-012	4.996500e-005	-4.996500e-005	-4.375668e-012	4.375680e-012	-5.000297e-005
1.515374088189540e-003	7.174980e-002	6.825007e-002	5.000000e+000	2.501750e+000	2.498250e+000	2.501750e+000	2.498250e+000	2.500000e+000	2.500000e+000	2.430000e+000	2.430000e+000	-1.765659e-013	1.759920e-013	2.937307e-008	-2.937307e-008	4.374421e-012	-4.374594e-012	-4.198913e-012	-4.999437e-005	4.197825e-012	-4.198689e-012	4.996500e-005	-4.996500e-005	-4.374966e-012	4.374944e-012	-4.999438e-005
1.524516945332396e-003	7.174956e-002	6.825031e-002	5.000000e+000	2.501750e+000	2.498250e+000	2.501750e+000	2.498250e+000	2.500000e+000	2.500000e+000	2.430000e+000	2.430000e+000	-1.340112e-013	1.332464e-013	2.219517e-008	-2.219517e-008	4.373792e-012	-4.373968e-012	-4.240725e-012	-4.998720e-005	4.239869e-012	-4.240855e-012	4.996501e-005	-4.996501e-005	-4.374392e-012	4.374290e-012	-4.998721e-005
1.533659802475253e-003	7.174935e-002	6.825052e-002	5.000000e+000	2.501749e+000	2.498251e+000	2.501749e+000	2.498251e+000	2.500000e+000	2.500000e+000	2.430000e+000	2.430000e+000	-9.956258e-014	9.867090e-014	1.643882e-008	-1.643882e-008	4.373287e-012	-4.373466e-012	-4.274571e-012	-4.998145e-005	4.273874e-012	-4.274923e-012	4.996501e-005	-4.996501e-005	-4.373948e-012	4.373719e-012	-4.998145e-005
1.542802659618109e-003	7.174919e-002	6.825068e-002	5.000000e+000	2.501749e+000	2.498251e+000	2.501749e+000	2.498251e+000	2.500000e+000	2.500000e+000	2.430000e+000	2.430000e+000	-7.322000e-014	7.226546e-014	1.210403e-008	-1.210403e-008	4.372907e-012	-4.373088e-012	-4.300451e-012	-4.997711e-005	4.299839e-012	-4.300892e-012	4.996502e-005	-4.996502e-005	-4.373633e-012	4.373231e-012	-4.997712e-005
1.551945516760966e-003	7.174906e-002	6.825081e-002	5.000000e+000	2.501749e+000	2.498251e+000	2.501749e+000	2.498251e+000	2.500000e+000	2.500000e+000	2.430000e+000	2.430000e+000	-5.498348e-014	5.403011e-014	9.190779e-009	-9.190778e-009	4.372651e-012	-4.372835e-012	-4.318366e-012	-4.997420e-005	4.317764e-012	-4.318764e-012	4.996502e-005	-4.996502e-005	-4.373447e-012	4.372825e-012	-4.997421e-005
1.561088373903822e-003	7.174897e-002	6.825089e-002	5.000000e+000	2.501749e+000	2.498251e+000	2.501749e+000	2.498251e+000	2.500000e+000	2.500000e+000	2.430000e+000	2.430000e+000	-4.485301e-014	4.396483e-014	7.699080e-009	-7.699080e-009	4.372519e-012	-4.372706e-012	-4.328315e-012	-4.997271e-005	4.327649e-012	-4.328538e-012	4.996502e-005	-4.996502e-005	-4.373391e-012	4.372502e-012	-4.997272e-005
1.583659802475249e-003	7.174888e-002	6.825099e-002	5.000000e+000	2.501749e+000	2.498251e+000	2.501749e+000	2.498251e+000	2.500000e+000	2.500000e+000	2.430000e+000	2.430000e+000	-2.984211e-014	2.898532e-014	5.022711e-009	-5.022711e-009	4.372281e-012	-4.372475e-012	-4.343255e-012	-4.997004e-005	4.342444e-012	-4.343344e-012	4.996502e-005	-4.996502e-005	-4.373044e-012	4.372652e-012	-4.997004e-005
1.606231231046675e-003	7.174881e-002	6.825106e-002	5.000000e+000	2.501749e+000	2.498251e+000	2.501749e+000	2.498251e+000	2.500000e+000	2.500000e+000	2.430000e+000	2.430000e+000	-1.765669e-014	1.684197e-014	2.875843e-009	-2.875843e-009	4.372090e-012	-4.372291e-012	-4.355361e-012	-4.996789e-005	4.354453e-012	-4.355362e-012	4.996502e-005	-4.996502e-005	-4.372750e-012	4.372688e-012	-4.996790e-005
1.628802659618102e-003	7.174875e-002	6.825111e-002	5.000000e+000	2.501749e+000	2.498251e+000	2.501749e+000	2.498251e+000	2.500000e+000	2.500000e+000	2.430000e+000	2.430000e+000	-8.296750e-015	7.534787e-015	1.258477e-009	-1.258477e-009	4.371945e-012	-4.372152e-012	-4.364633e-012	-4.996628e-005	4.363677e-012	-4.364590e-012	4.996502e-005	-4.996502e-005	-4.372508e-012	4.372611e-012	-4.996628e-005
1.651374088189529e-003	7.174872e-002	6.825115e-002	5.000000e+000	2.501749e+000	2.498251e+000	2.501749e+000	2.498251e+000	2.500000e+000	2.500000e+000	2.430000e+000	2.430000e+000	-1.762295e-015	1.063773e-015	1.706123e-010	-1.706122e-010	4.371847e-012	-4.372061e-012	-4.371073e-012	-4.996519e-005	4.370116e-012	-4.371030e-012	4.996502e-005	-4.996502e-005	-4.372317e-012	4.372420e-012	-4.996519e-005
1.673945516760955e-003	7.174870e-002	6.825116e-002	5.000000e+000	2.501749e+000	2.498251e+000	2.501749e+000	2.498251e+000	2.500000e+000	2.500000e+000	2.430000e+000	2.430000e+000	1.946679e-015	-2.571074e-015	-3.877507e-010	3.877508e-010	4.371795e-012	-4.372015e-012	-4.374679e-012	-4.996463e-005	4.373771e-012	-4.374680e-012	4.996502e-005	-4.996502e-005	-4.372179e-012	4.372117e-012	-4.996464e-005
1.696516945332382e-003	7.174871e-002	6.825116e-002	5.000000e+000	2.501749e+000	2.498251e+000	2.501749e+000	2.498251e+000	2.500000e+000	2.500000e+000	2.430000e+000	2.430000e+000	2.830170e-015	-3.369754e-015	-4.166121e-010	4.166122e-010	4.371789e-012	-4.372016e-012	-4.375451e-012	-4.996460e-005	4.374640e-012	-4.375541e-012	4.996502e-005	-4.996502e-005	-4.372093e-012	4.371700e-012	-4.996461e-005
1.719088373903809e-003	7.174873e-002	6.825113e-002	5.000000e+000	2.501749e+000	2.498251e+000	2.501749e+000	2.498251e+000	2.500000e+000	2.500000e+000	2.430000e+000	2.430000e+000	8.881784e-016	-1.332268e-015	8.402812e-011	-8.402812e-011	4.371830e-012	-4.372063e-012	-4.373391e-012	-4.996510e-005	4.372724e-012	-4.373613e-012	4.996502e-005	-4.996502e-005	-4.372058e-012	4.371170e-012	-4.996511e-005
1.999088373903795e-003	7.174873e-002	6.825113e-002	5.000000e+000	2.501749e+000	2.498251e+000	2.501749e+000	2.498251e+000	2.500000e+000	2.500000e+000	2.430000e+000	2.430000e+000	-3.631608e-013	3.629696e-013	-3.349920e-013	3.352243e-013	4.371785e-012	-4.372093e-012	-4.009997e-012	-4.996502e-005	4.008665e-012	-4.009089e-012	4.996502e-005	-4.996502e-005	-4.372926e-012	4.373391e-012	-4.996502e-005
2.000000000000000e-003	7.174873e-002	6.825113e-002	5.000000e+000	2.501749e+000	2.498251e+000	2.501749e+000	2.498251e+000	2.500000e+000	2.500000e+000	2.430000e+000	2.430000e+000	-4.122036e-012	4.122480e-012	-4.094503e-012	4.094947e-012	4.371786e-012	-4.372093e-012	-2.509104e-013	-4.996502e-005	2.495781e-013	-2.495781e-013	4.996502e-005	-4.996502e-005	-4.371614e-012	4.373391e-012	-4.996502e-005
