time	V(N008,N005)	V(N009,N004)	V(n001)	V(n002)	V(n003)	V(n004)	V(n005)	V(n006)	V(n007)	V(n008)	V(n009)	I(C1)	I(C2)	I(C3)	I(C4)	I(R0)	I(R1)	I(R2)	I(R3)	I(R4)	I(R5)	I(R6)	I(R7)	I(R8)	I(V1)	I(V2)	I(V3)
0.000000000000000e+000	-7.000000e-002	-7.000000e-002	0.000000e+000	-3.500000e-014	-3.500000e-014	-3.503500e-014	-3.503500e-014	-3.503500e-014	-3.503500e-014	-7.000000e-002	-7.000000e-002	7.000000e-019	7.000000e-019	3.500000e-032	3.500000e-032	7.000000e-019	-6.918569e-030	-6.918569e-030	0.000000e+000	0.000000e+000	0.000000e+000	7.000000e-019	7.000000e-019	7.000000e-019	-3.503500e-031	-3.503500e-031	-7.000000e-019
1.000000000000000e-003	-7.000000e-002	-7.000000e-002	0.000000e+000	-4.704601e-014	-4.705695e-014	-6.072025e-014	-6.072920e-014	-6.138839e-014	-6.136557e-014	-7.000000e-002	-7.000000e-002	4.440892e-016	4.440892e-016	2.727003e-016	2.723477e-016	2.734850e-016	1.670349e-024	1.590918e-024	1.387779e-016	-4.472258e-017	-1.562538e-019	2.734451e-016	9.409201e-019	9.411389e-019	1.110223e-016	0.000000e+000	-2.736412e-016
1.000000129522871e-003	-6.999999e-002	-7.000001e-002	-6.476143e-001	-6.476125e-001	-1.804835e-006	-3.241306e-001	-3.234837e-001	-3.241306e-001	-3.234837e-001	-3.934837e-001	-3.941306e-001	-3.234633e-003	3.234633e-003	-1.572122e-002	1.572122e-002	-6.469638e-003	-9.284705e-017	9.284705e-017	3.234633e-003	3.235005e-003	9.251583e-003	6.469638e-003	-3.609670e-011	3.609670e-011	1.621812e-011	-2.123358e-011	1.572122e-002
1.000000259045741e-003	-7.000003e-002	-6.999997e-002	-1.295229e+000	-1.295223e+000	-5.417864e-006	-6.482613e-001	-6.469674e-001	-6.482612e-001	-6.469674e-001	-7.169674e-001	-7.182613e-001	-6.469062e-003	6.469062e-003	-3.144235e-002	3.144235e-002	-1.293924e-002	-2.786864e-016	2.786865e-016	6.469062e-003	6.470177e-003	1.850311e-002	1.293924e-002	-1.083573e-010	1.083573e-010	2.013035e-011	-3.007701e-011	3.144235e-002
1.000000388568612e-003	-7.000011e-002	-6.999988e-002	-1.942843e+000	-1.942832e+000	-1.083909e-005	-9.723920e-001	-9.704510e-001	-9.723918e-001	-9.704512e-001	-1.040451e+000	-1.042392e+000	-9.703286e-003	9.703286e-003	-4.716339e-002	4.716339e-002	-1.940880e-002	-5.575182e-016	5.575182e-016	9.703286e-003	9.705517e-003	2.775459e-002	1.940880e-002	-2.167817e-010	2.167817e-010	1.173677e-011	-2.653029e-011	4.716339e-002
1.000000518091482e-003	-7.000024e-002	-6.999973e-002	-2.590457e+000	-2.590439e+000	-1.806850e-005	-1.296523e+000	-1.293935e+000	-1.296522e+000	-1.293935e+000	-1.363935e+000	-1.366522e+000	-1.293731e-002	1.293731e-002	-6.288435e-002	6.288435e-002	-2.587833e-002	-9.293423e-016	9.293423e-016	1.293731e-002	1.294102e-002	3.700602e-002	2.587833e-002	-3.613701e-010	3.613701e-010	-8.962589e-012	-1.059342e-011	6.288435e-002
1.000000647614353e-003	-7.000041e-002	-6.999954e-002	-3.238072e+000	-3.238045e+000	-2.710611e-005	-1.620654e+000	-1.617418e+000	-1.620653e+000	-1.617419e+000	-1.687419e+000	-1.690653e+000	-1.617112e-002	1.617112e-002	-7.860522e-002	7.860522e-002	-3.234782e-002	-1.394159e-015	1.394159e-015	1.617112e-002	1.617670e-002	4.625740e-002	3.234782e-002	-5.421223e-010	5.421223e-010	-4.196774e-011	1.773360e-011	7.860522e-002
1.000000777137224e-003	-7.000063e-002	-6.999928e-002	-3.885686e+000	-3.885648e+000	-3.795192e-005	-1.944784e+000	-1.940902e+000	-1.944783e+000	-1.940903e+000	-2.010903e+000	-2.014784e+000	-1.940473e-002	1.940473e-002	-9.432599e-002	9.432599e-002	-3.881728e-002	-1.951967e-015	1.951967e-015	1.940473e-002	1.941254e-002	5.550872e-002	3.881728e-002	-7.590384e-010	7.590384e-010	-8.727869e-011	5.845077e-011	9.432599e-002
1.000000906660094e-003	-7.000089e-002	-6.999898e-002	-4.533300e+000	-4.533250e+000	-5.060592e-005	-2.268915e+000	-2.264385e+000	-2.268914e+000	-2.264386e+000	-2.334386e+000	-2.338914e+000	-2.263814e-002	2.263814e-002	-1.100467e-001	1.100467e-001	-4.528669e-002	-2.602769e-015	2.602769e-015	2.263814e-002	2.264855e-002	6.475999e-002	4.528669e-002	-1.012118e-009	1.012118e-009	-1.448954e-010	1.115581e-010	1.100467e-001
1.000000918327582e-003	-7.000113e-002	-6.999898e-002	-4.591638e+000	-4.591586e+000	-5.180069e-005	-2.298113e+000	-2.293525e+000	-2.298112e+000	-2.293526e+000	-2.363526e+000	-2.368112e+000	-2.292940e-002	2.292940e-002	-1.114628e-001	1.114628e-001	-4.586946e-002	-2.664215e-015	2.664215e-015	2.292940e-002	2.294006e-002	6.559335e-002	4.586946e-002	-1.036014e-009	1.036014e-009	-1.007088e-010	1.164153e-010	1.114628e-001
1.000001000000000e-003	-7.000136e-002	-6.999874e-002	-5.000000e+000	-4.999938e+000	-6.130343e-005	-2.502498e+000	-2.497502e+000	-2.502497e+000	-2.497503e+000	-2.567503e+000	-2.572497e+000	-2.496810e-002	2.496810e-002	-1.213756e-001	1.213756e-001	-4.994881e-002	-3.152920e-015	3.152920e-015	2.496810e-002	2.498071e-002	7.142682e-002	4.994881e-002	-1.226068e-009	1.226068e-009	-2.644232e-010	0.000000e+000	1.213756e-001
1.000088386153331e-003	-7.021285e-002	-6.978725e-002	-5.000000e+000	-4.989361e+000	-1.063905e-002	-2.502593e+000	-2.497407e+000	-2.502380e+000	-2.497620e+000	-2.567620e+000	-2.572380e+000	-2.380810e-002	2.380810e-002	-1.208598e-001	1.208597e-001	-4.973536e-002	-5.297927e-013	5.297927e-013	2.380810e-002	2.592727e-002	7.112459e-002	4.973536e-002	-2.127811e-007	2.127811e-007	-9.125219e-011	-4.170624e-013	1.208600e-001
1.000175772306661e-003	-7.041455e-002	-6.958556e-002	-5.000000e+000	-4.978839e+000	-2.116155e-002	-2.502682e+000	-2.497318e+000	-2.502268e+000	-2.497732e+000	-2.567732e+000	-2.572268e+000	-2.270156e-002	2.270156e-002	-1.203467e-001	1.203467e-001	-4.952312e-002	-1.030000e-012	1.030000e-012	2.270156e-002	2.682156e-002	7.082395e-002	4.952312e-002	-4.232310e-007	4.232310e-007	3.693466e-011	-8.442052e-013	1.203471e-001
1.000263158459992e-003	-7.060646e-002	-6.939365e-002	-5.000000e+000	-4.968371e+000	-3.162879e-002	-2.502766e+000	-2.497234e+000	-2.502160e+000	-2.497840e+000	-2.567840e+000	-2.572160e+000	-2.164850e-002	2.164850e-002	-1.198364e-001	1.198364e-001	-4.931210e-002	-1.503774e-012	1.503774e-012	2.164850e-002	2.766360e-002	7.052489e-002	4.931210e-002	-6.325758e-007	6.325758e-007	1.201374e-010	-1.281428e-012	1.198370e-001
1.000350544613323e-003	-7.078857e-002	-6.921153e-002	-5.000000e+000	-4.957960e+000	-4.204077e-002	-2.502845e+000	-2.497155e+000	-2.502057e+000	-2.497943e+000	-2.567943e+000	-2.572057e+000	-2.064891e-002	2.064891e-002	-1.193288e-001	1.193288e-001	-4.910228e-002	-1.951115e-012	1.951115e-012	2.064891e-002	2.845337e-002	7.022740e-002	4.910228e-002	-8.408155e-007	8.408155e-007	1.583560e-010	-1.728732e-012	1.193297e-001
1.000437930766654e-003	-7.096090e-002	-6.903920e-002	-5.000000e+000	-4.947603e+000	-5.239750e-002	-2.502919e+000	-2.497081e+000	-2.501958e+000	-2.498042e+000	-2.568042e+000	-2.571958e+000	-1.970279e-002	1.970279e-002	-1.188241e-001	1.188241e-001	-4.889367e-002	-2.372023e-012	2.372023e-012	1.970279e-002	2.919088e-002	6.993150e-002	4.889367e-002	-1.047950e-006	1.047950e-006	1.515905e-010	-2.186116e-012	1.188252e-001
1.000525316919984e-003	-7.112344e-002	-6.887667e-002	-5.000000e+000	-4.937301e+000	-6.269897e-002	-2.502988e+000	-2.497012e+000	-2.501864e+000	-2.498136e+000	-2.568136e+000	-2.571864e+000	-1.881014e-002	1.881014e-002	-1.183222e-001	1.183222e-001	-4.868627e-002	-2.766498e-012	2.766498e-012	1.881014e-002	2.987613e-002	6.963717e-002	4.868627e-002	-1.253980e-006	1.253980e-006	9.984088e-011	-2.653580e-012	1.183234e-001
1.000612703073315e-003	-7.127619e-002	-6.872392e-002	-5.000000e+000	-4.927055e+000	-7.294519e-002	-2.503051e+000	-2.496949e+000	-2.501775e+000	-2.498225e+000	-2.568225e+000	-2.571775e+000	-1.797096e-002	1.797096e-002	-1.178230e-001	1.178230e-001	-4.848008e-002	-3.134541e-012	3.134541e-012	1.797096e-002	3.050912e-002	6.934442e-002	4.848008e-002	-1.458904e-006	1.458904e-006	3.107144e-012	-3.131125e-012	1.178245e-001
1.001224415480621e-003	-7.216835e-002	-6.783175e-002	-5.000000e+000	-4.856624e+000	-1.433761e-001	-2.503410e+000	-2.496590e+000	-2.501242e+000	-2.498758e+000	-2.568758e+000	-2.571242e+000	-1.295981e-002	1.295981e-002	-1.143935e-001	1.143935e-001	-4.706427e-002	-5.286163e-012	5.286163e-012	1.295981e-002	3.410446e-002	6.733211e-002	4.706427e-002	-2.867521e-006	2.867521e-006	5.287072e-012	-5.278404e-012	1.143964e-001
1.002224415480621e-003	-7.311249e-002	-6.688762e-002	-5.000000e+000	-4.745470e+000	-2.545300e-001	-2.503768e+000	-2.496232e+000	-2.500656e+000	-2.499344e+000	-2.569345e+000	-2.570656e+000	-7.153410e-003	7.153410e-003	-1.089852e-001	1.089852e-001	-4.483404e-002	-7.631804e-012	7.631804e-012	7.153410e-003	3.768063e-002	6.415629e-002	4.483404e-002	-5.090600e-006	5.090600e-006	7.626788e-012	-7.620571e-012	1.089903e-001
1.003224415480621e-003	-7.361817e-002	-6.638193e-002	-5.000000e+000	-4.639071e+000	-3.609286e-001	-2.503926e+000	-2.496074e+000	-2.500308e+000	-2.499692e+000	-2.569692e+000	-2.570308e+000	-3.439591e-003	3.439591e-003	-1.038120e-001	1.038120e-001	-4.270290e-002	-8.955930e-012	8.955930e-012	3.439591e-003	3.926331e-002	6.111632e-002	4.270290e-002	-7.218572e-006	7.218572e-006	8.945733e-012	-8.945733e-012	1.038192e-001
1.004224415480621e-003	-7.383847e-002	-6.616163e-002	-5.000000e+000	-4.537722e+000	-4.622781e-001	-2.503942e+000	-2.496058e+000	-2.500104e+000	-2.499896e+000	-2.569896e+000	-2.570104e+000	-1.252831e-003	1.252831e-003	-9.888697e-002	9.888697e-002	-4.067559e-002	-9.542483e-012	9.542483e-012	1.252831e-003	3.942276e-002	5.822062e-002	4.067559e-002	-9.245562e-006	9.245562e-006	9.536816e-012	-9.539036e-012	9.889622e-002
1.005224415480621e-003	-7.389140e-002	-6.610847e-002	-5.000000e+000	-4.441180e+000	-5.588202e-001	-2.503877e+000	-2.496123e+000	-2.499985e+000	-2.500015e+000	-2.570015e+000	-2.569985e+000	2.011256e-005	-2.011256e-005	-9.419717e-002	9.419717e-002	-3.874606e-002	-9.696573e-012	9.696573e-012	-2.011256e-005	3.876618e-002	5.546228e-002	3.874606e-002	-1.117640e-005	1.117640e-005	9.696244e-012	-9.695356e-012	9.420834e-002
1.006224415480620e-003	-7.384801e-002	-6.615210e-002	-5.000000e+000	-4.349216e+000	-6.507841e-001	-2.503766e+000	-2.496234e+000	-2.499918e+000	-2.500082e+000	-2.570082e+000	-2.569918e+000	7.468909e-004	-7.468909e-004	-8.973072e-002	8.973072e-002	-3.690901e-002	-9.600697e-012	9.600697e-012	-7.468909e-004	3.765590e-002	5.283474e-002	3.690901e-002	-1.301568e-005	1.301568e-005	9.602541e-012	-9.602985e-012	8.974375e-002
1.007224415480620e-003	-7.375026e-002	-6.624985e-002	-5.000000e+000	-4.261612e+000	-7.383878e-001	-2.503631e+000	-2.496369e+000	-2.499881e+000	-2.500119e+000	-2.570119e+000	-2.569881e+000	1.147885e-003	-1.147885e-003	-8.547664e-002	8.547664e-002	-3.515963e-002	-9.363850e-012	9.363850e-012	-1.147885e-003	3.630751e-002	5.033178e-002	3.515963e-002	-1.476776e-005	1.476776e-005	9.363177e-012	-9.368506e-012	8.549140e-002
1.008224415480620e-003	-7.362318e-002	-6.637692e-002	-5.000000e+000	-4.178162e+000	-8.218384e-001	-2.503485e+000	-2.496515e+000	-2.499862e+000	-2.500138e+000	-2.570138e+000	-2.569862e+000	1.355169e-003	-1.355169e-003	-8.142457e-002	8.142457e-002	-3.349353e-002	-9.050968e-012	9.050968e-012	-1.355169e-003	3.484870e-002	4.794747e-002	3.349353e-002	-1.643677e-005	1.643677e-005	9.050538e-012	-9.048762e-012	8.144101e-002
1.009224415480620e-003	-7.348180e-002	-6.651807e-002	-5.000000e+000	-4.098667e+000	-9.013331e-001	-2.503335e+000	-2.496665e+000	-2.499854e+000	-2.500146e+000	-2.570146e+000	-2.569854e+000	1.447864e-003	-1.447864e-003	-7.756480e-002	7.756480e-002	-3.190663e-002	-8.700589e-012	8.700589e-012	-1.447863e-003	3.335449e-002	4.567620e-002	3.190663e-002	-1.802666e-005	1.802666e-005	8.703704e-012	-8.697043e-012	7.758283e-002
1.010224415480620e-003	-7.333517e-002	-6.666493e-002	-5.000000e+000	-4.022941e+000	-9.770596e-001	-2.503187e+000	-2.496813e+000	-2.499852e+000	-2.500148e+000	-2.570148e+000	-2.569852e+000	1.473341e-003	-1.473341e-003	-7.388812e-002	7.388812e-002	-3.039507e-002	-8.335438e-012	8.335438e-012	-1.473341e-003	3.186841e-002	4.351258e-002	3.039507e-002	-1.954119e-005	1.954119e-005	8.333334e-012	-8.331114e-012	7.390766e-002
1.011224415480620e-003	-7.318807e-002	-6.681204e-002	-5.000000e+000	-3.950804e+000	-1.049196e+000	-2.503042e+000	-2.496958e+000	-2.499854e+000	-2.500146e+000	-2.570147e+000	-2.569854e+000	1.459938e-003	-1.459938e-003	-7.038578e-002	7.038578e-002	-2.895524e-002	-7.968778e-012	7.968778e-012	-1.459938e-003	3.041518e-002	4.145153e-002	2.895524e-002	-2.098393e-005	2.098393e-005	7.962520e-012	-7.954526e-012	7.040676e-002
1.012224415480620e-003	-7.304358e-002	-6.695652e-002	-5.000000e+000	-3.882086e+000	-1.117914e+000	-2.502901e+000	-2.497099e+000	-2.499857e+000	-2.500143e+000	-2.570143e+000	-2.569857e+000	1.424578e-003	-1.424578e-003	-6.704951e-002	6.704951e-002	-2.758370e-002	-7.608214e-012	7.608214e-012	-1.424578e-003	2.900828e-002	3.948817e-002	2.758370e-002	-2.235828e-005	2.235828e-005	7.603695e-012	-7.595702e-012	6.707187e-002
1.014224415480620e-003	-7.276821e-002	-6.723189e-002	-5.000000e+000	-3.754268e+000	-1.245732e+000	-2.502636e+000	-2.497364e+000	-2.499867e+000	-2.500133e+000	-2.570132e+000	-2.569868e+000	1.324232e-003	-1.324232e-003	-6.084395e-002	6.084395e-002	-2.503264e-002	-6.920276e-012	6.920276e-012	-1.324232e-003	2.635687e-002	3.583622e-002	2.503264e-002	-2.491465e-005	2.491465e-005	6.911360e-012	-6.920686e-012	6.086886e-002
1.017224415480620e-003	-7.239604e-002	-6.760406e-002	-5.000000e+000	-3.584375e+000	-1.415625e+000	-2.502280e+000	-2.497720e+000	-2.499884e+000	-2.500116e+000	-2.570116e+000	-2.569884e+000	1.158130e-003	-1.158130e-003	-5.259573e-002	5.259573e-002	-2.164190e-002	-5.989540e-012	5.989540e-012	-1.158130e-003	2.280003e-002	3.098215e-002	2.164190e-002	-2.831250e-005	2.831250e-005	5.992540e-012	-5.986323e-012	5.262405e-002
1.020224415480619e-003	-7.207179e-002	-6.792808e-002	-5.000000e+000	-3.437514e+000	-1.562486e+000	-2.501971e+000	-2.498029e+000	-2.499900e+000	-2.500100e+000	-2.570100e+000	-2.569900e+000	1.004023e-003	-1.004023e-003	-4.546570e-002	4.546570e-002	-1.871084e-002	-5.179723e-012	5.179723e-012	-1.004023e-003	1.971487e-002	2.678611e-002	1.871084e-002	-3.124972e-005	3.124972e-005	5.180745e-012	-5.176304e-012	4.549695e-002
1.023224415480619e-003	-7.179117e-002	-6.820869e-002	-5.000000e+000	-3.310561e+000	-1.689439e+000	-2.501704e+000	-2.498296e+000	-2.499913e+000	-2.500087e+000	-2.570087e+000	-2.569913e+000	8.685384e-004	-8.685384e-004	-3.930224e-002	3.930224e-002	-1.617713e-002	-4.478553e-012	4.478553e-012	-8.685384e-004	1.704567e-002	2.315889e-002	1.617713e-002	-3.378878e-005	3.378878e-005	4.469314e-012	-4.472867e-012	3.933603e-002
1.026224415480619e-003	-7.154894e-002	-6.845117e-002	-5.000000e+000	-3.200819e+000	-1.799181e+000	-2.501474e+000	-2.498526e+000	-2.499925e+000	-2.500075e+000	-2.570075e+000	-2.569925e+000	7.509313e-004	-7.509313e-004	-3.397431e-002	3.397431e-002	-1.398690e-002	-3.872191e-012	3.872191e-012	-7.509313e-004	1.473783e-002	2.002339e-002	1.398690e-002	-3.598362e-005	3.598362e-005	3.879563e-012	-3.865352e-012	3.401029e-002
1.029224415480619e-003	-7.133913e-002	-6.866074e-002	-5.000000e+000	-3.105953e+000	-1.894047e+000	-2.501274e+000	-2.498726e+000	-2.499935e+000	-2.500065e+000	-2.570065e+000	-2.569935e+000	6.491619e-004	-6.491619e-004	-2.936866e-002	2.936866e-002	-1.209358e-002	-3.347977e-012	3.347977e-012	-6.491619e-004	1.274274e-002	1.731296e-002	1.209358e-002	-3.788093e-005	3.788093e-005	3.346212e-012	-3.346656e-012	2.940654e-002
1.032224415480618e-003	-7.115817e-002	-6.884193e-002	-5.000000e+000	-3.023948e+000	-1.976052e+000	-2.501102e+000	-2.498898e+000	-2.499944e+000	-2.500056e+000	-2.570056e+000	-2.569944e+000	5.611659e-004	-5.611659e-004	-2.538736e-002	2.538736e-002	-1.045693e-002	-2.894815e-012	2.894815e-012	-5.611659e-004	1.101809e-002	1.496995e-002	1.045693e-002	-3.952104e-005	3.952104e-005	2.899458e-012	-2.891909e-012	2.542688e-002
1.035224415480618e-003	-7.100129e-002	-6.899881e-002	-5.000000e+000	-2.953060e+000	-2.046940e+000	-2.500953e+000	-2.499047e+000	-2.499952e+000	-2.500048e+000	-2.570049e+000	-2.569952e+000	4.850940e-004	-4.850940e-004	-2.194577e-002	2.194577e-002	-9.042144e-003	-2.503083e-012	2.503083e-012	-4.850940e-004	9.527237e-003	1.294457e-002	9.042144e-003	-4.093880e-005	4.093880e-005	2.507772e-012	-2.501110e-012	2.198671e-002
1.038224415480618e-003	-7.086563e-002	-6.913447e-002	-5.000000e+000	-2.891781e+000	-2.108219e+000	-2.500824e+000	-2.499176e+000	-2.499958e+000	-2.500042e+000	-2.570042e+000	-2.569958e+000	4.193335e-004	-4.193335e-004	-1.897074e-002	1.897074e-002	-7.819151e-003	-2.164455e-012	2.164455e-012	-4.193335e-004	8.238485e-003	1.119375e-002	7.819151e-003	-4.216437e-005	4.216437e-005	2.163159e-012	-2.163603e-012	1.901291e-002
1.041224415480618e-003	-7.074857e-002	-6.925130e-002	-5.000000e+000	-2.838810e+000	-2.161190e+000	-2.500712e+000	-2.499288e+000	-2.499964e+000	-2.500036e+000	-2.570036e+000	-2.569964e+000	3.624875e-004	-3.624875e-004	-1.639901e-002	1.639901e-002	-6.761951e-003	-1.871732e-012	1.871732e-012	-3.624875e-004	7.124438e-003	9.680285e-003	6.761951e-003	-4.322380e-005	4.322380e-005	1.872724e-012	-1.868727e-012	1.644224e-002
1.044224415480617e-003	-7.064748e-002	-6.935263e-002	-5.000000e+000	-2.793020e+000	-2.206980e+000	-2.500616e+000	-2.499384e+000	-2.499969e+000	-2.500031e+000	-2.570031e+000	-2.569969e+000	3.133477e-004	-3.133477e-004	-1.417592e-002	1.417592e-002	-5.848068e-003	-1.618691e-012	1.618691e-012	-3.133477e-004	6.161415e-003	8.371986e-003	5.848068e-003	-4.413961e-005	4.413961e-005	1.618261e-012	-1.612932e-012	1.422006e-002
1.047224415480617e-003	-7.055998e-002	-6.944013e-002	-5.000000e+000	-2.753437e+000	-2.246563e+000	-2.500533e+000	-2.499467e+000	-2.499973e+000	-2.500027e+000	-2.570027e+000	-2.569973e+000	2.708694e-004	-2.708694e-004	-1.225419e-002	1.225419e-002	-5.058073e-003	-1.399953e-012	1.399953e-012	-2.708694e-004	5.328943e-003	7.241045e-003	5.058073e-003	-4.493127e-005	4.493127e-005	1.401546e-012	-1.392664e-012	1.229912e-002
1.050224415480617e-003	-7.048416e-002	-6.951571e-002	-5.000000e+000	-2.719220e+000	-2.280780e+000	-2.500461e+000	-2.499539e+000	-2.499977e+000	-2.500023e+000	-2.570023e+000	-2.569977e+000	2.341495e-004	-2.341495e-004	-1.059297e-002	1.059297e-002	-4.375173e-003	-1.210868e-012	1.210868e-012	-2.341495e-004	4.609323e-003	6.263417e-003	4.375173e-003	-4.561561e-005	4.561561e-005	1.211031e-012	-1.211475e-012	1.063859e-002
1.053224415480616e-003	-7.041883e-002	-6.958103e-002	-5.000000e+000	-2.689641e+000	-2.310359e+000	-2.500399e+000	-2.499601e+000	-2.499980e+000	-2.500020e+000	-2.570020e+000	-2.569980e+000	2.024076e-004	-2.024076e-004	-9.156960e-003	9.156960e-003	-3.784849e-003	-1.047416e-012	1.047416e-012	-2.024076e-004	3.987256e-003	5.418318e-003	3.784849e-003	-4.620718e-005	4.620718e-005	1.048495e-012	-1.048051e-012	9.203168e-003
1.056224415480616e-003	-7.036257e-002	-6.963754e-002	-5.000000e+000	-2.664073e+000	-2.335927e+000	-2.500345e+000	-2.499655e+000	-2.499983e+000	-2.500017e+000	-2.570018e+000	-2.569983e+000	1.749686e-004	-1.749686e-004	-7.915616e-003	7.915616e-003	-3.274550e-003	-9.061219e-013	9.061219e-013	-1.749686e-004	3.449519e-003	4.687785e-003	3.274550e-003	-4.671855e-005	4.671855e-005	9.130474e-013	-9.059420e-013	7.962335e-003
1.059224415480616e-003	-7.031369e-002	-6.968641e-002	-5.000000e+000	-2.641970e+000	-2.358030e+000	-2.500299e+000	-2.499701e+000	-2.499985e+000	-2.500015e+000	-2.570015e+000	-2.569985e+000	1.512493e-004	-1.512493e-004	-6.842553e-003	6.842553e-003	-2.833429e-003	-7.839820e-013	7.839820e-013	-1.512493e-004	2.984679e-003	4.056284e-003	2.833429e-003	-4.716060e-005	4.716060e-005	7.811529e-013	-7.744916e-013	6.889713e-003
1.062224415480616e-003	-7.027149e-002	-6.972837e-002	-5.000000e+000	-2.622864e+000	-2.377136e+000	-2.500258e+000	-2.499742e+000	-2.499987e+000	-2.500013e+000	-2.570013e+000	-2.569987e+000	1.307456e-004	-1.307456e-004	-5.914956e-003	5.914956e-003	-2.452108e-003	-6.783998e-013	6.783998e-013	-1.307456e-004	2.582854e-003	3.510391e-003	2.452108e-003	-4.754273e-005	4.754273e-005	6.754597e-013	-6.750156e-013	5.962499e-003
1.065224415480615e-003	-7.023501e-002	-6.976509e-002	-5.000000e+000	-2.606348e+000	-2.393652e+000	-2.500224e+000	-2.499776e+000	-2.499989e+000	-2.500011e+000	-2.570011e+000	-2.569989e+000	1.130213e-004	-1.130213e-004	-5.113108e-003	5.113108e-003	-2.122480e-003	-5.871306e-013	5.871306e-013	-1.130213e-004	2.235501e-003	3.038501e-003	2.122480e-003	-4.787305e-005	4.787305e-005	5.795364e-013	-5.861978e-013	5.160981e-003
1.068224415480615e-003	-7.020330e-002	-6.979656e-002	-5.000000e+000	-2.592070e+000	-2.407930e+000	-2.500194e+000	-2.499806e+000	-2.499990e+000	-2.500010e+000	-2.570010e+000	-2.569990e+000	9.769981e-005	-9.769981e-005	-4.419960e-003	4.419960e-003	-1.837537e-003	-5.082341e-013	5.082341e-013	-9.769981e-005	1.935237e-003	2.630582e-003	1.837537e-003	-4.815859e-005	4.815859e-005	5.080381e-013	-5.080381e-013	4.468119e-003
1.071224415480615e-003	-7.017612e-002	-6.982398e-002	-5.000000e+000	-2.579729e+000	-2.420271e+000	-2.500168e+000	-2.499832e+000	-2.499992e+000	-2.500008e+000	-2.570009e+000	-2.569992e+000	8.445535e-005	-8.445535e-005	-3.820778e-003	3.820778e-003	-1.591222e-003	-4.400330e-013	4.400330e-013	-8.445535e-005	1.675677e-003	2.277961e-003	1.591222e-003	-4.840543e-005	4.840543e-005	4.378720e-013	-4.369838e-013	3.869183e-003
1.074224415480615e-003	-7.015228e-002	-6.984782e-002	-5.000000e+000	-2.569060e+000	-2.430940e+000	-2.500145e+000	-2.499855e+000	-2.499993e+000	-2.500007e+000	-2.570007e+000	-2.569993e+000	7.300633e-005	-7.300633e-005	-3.302822e-003	3.302822e-003	-1.378298e-003	-3.810776e-013	3.810776e-013	-7.300633e-005	1.451304e-003	1.973143e-003	1.378298e-003	-4.861880e-005	4.861880e-005	3.792522e-013	-3.765876e-013	3.351441e-003
1.077224415480614e-003	-7.013202e-002	-6.986809e-002	-5.000000e+000	-2.559838e+000	-2.440162e+000	-2.500126e+000	-2.499874e+000	-2.499994e+000	-2.500006e+000	-2.570006e+000	-2.569994e+000	6.310939e-005	-6.310939e-005	-2.855082e-003	2.855082e-003	-1.194238e-003	-3.301142e-013	3.301142e-013	-6.310939e-005	1.257348e-003	1.709647e-003	1.194238e-003	-4.880325e-005	4.880325e-005	3.210765e-013	-3.375078e-013	2.903885e-003
1.080224415480614e-003	-7.011437e-002	-6.988549e-002	-5.000000e+000	-2.551866e+000	-2.448134e+000	-2.500109e+000	-2.499891e+000	-2.499995e+000	-2.500005e+000	-2.570005e+000	-2.569994e+000	5.455410e-005	-5.455410e-005	-2.468039e-003	2.468039e-003	-1.035130e-003	-2.860596e-013	2.860596e-013	-5.455410e-005	1.089684e-003	1.481871e-003	1.035130e-003	-4.896269e-005	4.896269e-005	2.771117e-013	-2.913225e-013	2.517001e-003
1.083224415480614e-003	-7.009912e-002	-6.990099e-002	-5.000000e+000	-2.544974e+000	-2.455026e+000	-2.500094e+000	-2.499906e+000	-2.499995e+000	-2.500005e+000	-2.570005e+000	-2.569995e+000	4.715859e-005	-4.715859e-005	-2.133464e-003	2.133464e-003	-8.975917e-004	-2.479772e-013	2.479772e-013	-4.715859e-005	9.447503e-004	1.284973e-003	8.975917e-004	-4.910052e-005	4.910052e-005	2.478018e-013	-2.522427e-013	2.182565e-003
1.086224415480614e-003	-7.008600e-002	-6.991386e-002	-5.000000e+000	-2.539017e+000	-2.460983e+000	-2.500082e+000	-2.499918e+000	-2.499996e+000	-2.500004e+000	-2.570004e+000	-2.569996e+000	4.076563e-005	-4.076563e-005	-1.844246e-003	1.844246e-003	-7.786981e-004	-2.150574e-013	2.150574e-013	-4.076563e-005	8.194637e-004	1.114767e-003	7.786981e-004	-4.921966e-005	4.921966e-005	2.122746e-013	-2.025047e-013	1.893465e-003
1.089224415480613e-003	-7.007456e-002	-6.992555e-002	-5.000000e+000	-2.533867e+000	-2.466133e+000	-2.500071e+000	-2.499929e+000	-2.499996e+000	-2.500004e+000	-2.570004e+000	-2.569997e+000	3.523933e-005	-3.523933e-005	-1.594234e-003	1.594234e-003	-6.759221e-004	-1.866002e-013	1.866002e-013	-3.523933e-005	7.111615e-004	9.676350e-004	6.759221e-004	-4.932265e-005	4.932265e-005	1.776357e-013	-1.811884e-013	1.643557e-003
1.092224415480613e-003	-7.006478e-002	-6.993532e-002	-5.000000e+000	-2.529416e+000	-2.470584e+000	-2.500062e+000	-2.499938e+000	-2.499997e+000	-2.500003e+000	-2.570003e+000	-2.569997e+000	3.046218e-005	-3.046218e-005	-1.378115e-003	1.378115e-003	-5.870787e-004	-1.620008e-013	1.620008e-013	-3.046218e-005	6.175409e-004	8.404483e-004	5.870787e-004	-4.941169e-005	4.941169e-005	1.589839e-013	-1.634248e-013	1.427527e-003
1.095224415480613e-003	-7.005620e-002	-6.994367e-002	-5.000000e+000	-2.525568e+000	-2.474432e+000	-2.500054e+000	-2.499946e+000	-2.499997e+000	-2.500003e+000	-2.570003e+000	-2.569997e+000	2.633264e-005	-2.633264e-005	-1.191294e-003	1.191294e-003	-5.102793e-004	-1.407361e-013	1.407361e-013	-2.633264e-005	5.366119e-004	7.305035e-004	5.102793e-004	-4.948865e-005	4.948865e-005	1.376677e-013	-1.314504e-013	1.240783e-003
1.098224415480613e-003	-7.004905e-002	-6.995106e-002	-5.000000e+000	-2.522241e+000	-2.477759e+000	-2.500047e+000	-2.499953e+000	-2.499998e+000	-2.500002e+000	-2.570002e+000	-2.569998e+000	2.276291e-005	-2.276291e-005	-1.029799e-003	1.029799e-003	-4.438909e-004	-1.223542e-013	1.223542e-013	-2.276291e-005	4.666538e-004	6.354631e-004	4.438909e-004	-4.955518e-005	4.955518e-005	1.185718e-013	-1.172396e-013	1.079354e-003
1.101224415480612e-003	-7.004261e-002	-6.995749e-002	-5.000000e+000	-2.519366e+000	-2.480634e+000	-2.500041e+000	-2.499959e+000	-2.499998e+000	-2.500002e+000	-2.570002e+000	-2.569998e+000	1.967711e-005	-1.967711e-005	-8.901964e-004	8.901964e-004	-3.865023e-004	-1.064641e-013	1.064641e-013	-1.967711e-005	4.061794e-004	5.533067e-004	3.865023e-004	-4.961268e-005	4.961268e-005	1.021405e-013	-1.030287e-013	9.398090e-004
1.104224415480612e-003	-7.003689e-002	-6.996298e-002	-5.000000e+000	-2.516880e+000	-2.483120e+000	-2.500035e+000	-2.499965e+000	-2.499998e+000	-2.500002e+000	-2.570002e+000	-2.569998e+000	1.700962e-005	-1.700962e-005	-7.695188e-004	7.695188e-004	-3.368935e-004	-9.272819e-014	9.272819e-014	-1.700962e-005	3.539032e-004	4.822876e-004	3.368935e-004	-4.966240e-005	4.966240e-005	9.103829e-014	-8.881784e-014	8.191812e-004
1.107224415480612e-003	-7.003212e-002	-6.996775e-002	-5.000000e+000	-2.514731e+000	-2.485269e+000	-2.500031e+000	-2.499969e+000	-2.499999e+000	-2.500001e+000	-2.570001e+000	-2.569999e+000	1.470375e-005	-1.470375e-005	-6.652006e-004	6.652006e-004	-2.940099e-004	-8.085434e-014	8.085434e-014	-1.470375e-005	3.087136e-004	4.208961e-004	2.940099e-004	-4.970537e-005	4.970537e-005	8.126833e-014	-8.526513e-014	7.149059e-004
1.110224415480612e-003	-7.002831e-002	-6.997180e-002	-5.000000e+000	-2.512874e+000	-2.487126e+000	-2.500027e+000	-2.499973e+000	-2.499999e+000	-2.500001e+000	-2.570001e+000	-2.569999e+000	1.271046e-005	-1.271046e-005	-5.750241e-004	5.750241e-004	-2.569396e-004	-7.059013e-014	7.059013e-014	-1.271046e-005	2.696501e-004	3.678270e-004	2.569396e-004	-4.974252e-005	4.974252e-005	6.972201e-014	-6.394885e-014	6.247666e-004
1.113224415480611e-003	-7.002473e-002	-6.997538e-002	-5.000000e+000	-2.511268e+000	-2.488732e+000	-2.500024e+000	-2.499976e+000	-2.499999e+000	-2.500001e+000	-2.570001e+000	-2.569999e+000	1.098740e-005	-1.098740e-005	-4.970721e-004	4.970721e-004	-2.248947e-004	-6.171738e-014	6.171738e-014	-1.098740e-005	2.358821e-004	3.219521e-004	2.248947e-004	-4.977463e-005	4.977463e-005	5.417888e-014	-6.039613e-014	5.468468e-004
1.116224415480611e-003	-7.002163e-002	-6.997824e-002	-5.000000e+000	-2.509880e+000	-2.490120e+000	-2.500021e+000	-2.499979e+000	-2.499999e+000	-2.500001e+000	-2.570001e+000	-2.569999e+000	9.497914e-006	-9.497914e-006	-4.296876e-004	4.296876e-004	-1.971939e-004	-5.404743e-014	5.404743e-014	-9.497914e-006	2.066918e-004	2.822961e-004	1.971939e-004	-4.980239e-005	4.980239e-005	5.373479e-014	-6.039613e-014	4.794900e-004
1.119224415480611e-003	-7.001901e-002	-6.998110e-002	-5.000000e+000	-2.508681e+000	-2.491319e+000	-2.500018e+000	-2.499982e+000	-2.499999e+000	-2.500001e+000	-2.570001e+000	-2.569999e+000	8.210349e-006	-8.210349e-006	-3.714379e-004	3.714379e-004	-1.732483e-004	-4.741725e-014	4.741725e-014	-8.210349e-006	1.814586e-004	2.480160e-004	1.732483e-004	-4.982639e-005	4.982639e-005	4.485301e-014	-5.329071e-014	4.212643e-004
1.122224415480611e-003	-7.001662e-002	-6.998324e-002	-5.000000e+000	-2.507643e+000	-2.492357e+000	-2.500016e+000	-2.499984e+000	-2.499999e+000	-2.500001e+000	-2.570001e+000	-2.569999e+000	7.097331e-006	-7.097331e-006	-3.210847e-004	3.210847e-004	-1.525488e-004	-4.168587e-014	4.168587e-014	-7.097331e-006	1.596462e-004	2.183830e-004	1.525488e-004	-4.984713e-005	4.984713e-005	4.085621e-014	-4.973799e-014	3.709319e-004
1.125224415480610e-003	-7.001472e-002	-6.998539e-002	-5.000000e+000	-2.506747e+000	-2.493253e+000	-2.500014e+000	-2.499986e+000	-2.499999e+000	-2.500001e+000	-2.570001e+000	-2.569999e+000	6.135196e-006	-6.135196e-006	-2.775576e-004	2.775576e-004	-1.346554e-004	-3.673146e-014	3.673146e-014	-6.135196e-006	1.407906e-004	1.927672e-004	1.346554e-004	-4.986506e-005	4.986506e-005	3.286260e-014	-3.552714e-014	3.274226e-004
1.128224415480610e-003	-7.001305e-002	-6.998706e-002	-5.000000e+000	-2.505972e+000	-2.494028e+000	-2.500012e+000	-2.499988e+000	-2.500000e+000	-2.500000e+000	-2.570001e+000	-2.569999e+000	5.303491e-006	-5.303491e-006	-2.399310e-004	2.399310e-004	-1.191877e-004	-3.244868e-014	3.244868e-014	-5.303491e-006	1.244912e-004	1.706239e-004	1.191877e-004	-4.988056e-005	4.988056e-005	2.486900e-014	-3.552714e-014	2.898116e-004
1.131224415480610e-003	-7.001138e-002	-6.998849e-002	-5.000000e+000	-2.505302e+000	-2.494698e+000	-2.500011e+000	-2.499989e+000	-2.500000e+000	-2.500000e+000	-2.570000e+000	-2.569999e+000	4.584535e-006	-4.584535e-006	-2.074053e-004	2.074053e-004	-1.058169e-004	-2.874649e-014	2.874649e-014	-4.584535e-006	1.104014e-004	1.514824e-004	1.058169e-004	-4.989396e-005	4.989396e-005	3.064216e-014	-2.842171e-014	2.572993e-004
1.134224415480610e-003	-7.001019e-002	-6.998992e-002	-5.000000e+000	-2.504723e+000	-2.495277e+000	-2.500010e+000	-2.499990e+000	-2.500000e+000	-2.500000e+000	-2.570000e+000	-2.570000e+000	3.963042e-006	-3.963042e-006	-1.792889e-004	1.792889e-004	-9.425860e-005	-2.554617e-014	2.554617e-014	-3.963042e-006	9.822164e-005	1.349358e-004	9.425860e-005	-4.990555e-005	4.990555e-005	2.620126e-014	-2.842171e-014	2.291944e-004
1.137224415480609e-003	-7.000923e-002	-6.999087e-002	-5.000000e+000	-2.504222e+000	-2.495778e+000	-2.500009e+000	-2.499991e+000	-2.500000e+000	-2.500000e+000	-2.570000e+000	-2.570000e+000	3.425801e-006	-3.425801e-006	-1.549839e-004	1.549839e-004	-8.426721e-005	-2.277970e-014	2.277970e-014	-3.425801e-006	8.769301e-005	1.206323e-004	8.426721e-005	-4.991556e-005	4.991556e-005	3.286260e-014	-1.421085e-014	2.048995e-004
1.140224415480609e-003	-7.000828e-002	-6.999183e-002	-5.000000e+000	-2.503789e+000	-2.496211e+000	-2.500008e+000	-2.499992e+000	-2.500000e+000	-2.500000e+000	-2.570000e+000	-2.570000e+000	2.961389e-006	-2.961389e-006	-1.339739e-004	1.339739e-004	-7.563028e-005	-2.038826e-014	2.038826e-014	-2.961389e-006	7.859166e-005	1.082678e-004	7.563028e-005	-4.992421e-005	4.992421e-005	2.353673e-014	-1.065814e-014	1.838981e-004
1.143224415480609e-003	-7.000732e-002	-6.999254e-002	-5.000000e+000	-2.503415e+000	-2.496585e+000	-2.500007e+000	-2.499993e+000	-2.500000e+000	-2.500000e+000	-2.570000e+000	-2.570000e+000	2.559935e-006	-2.559935e-006	-1.158120e-004	1.158120e-004	-6.816419e-005	-1.832101e-014	1.832101e-014	-2.559935e-006	7.072413e-005	9.757948e-005	6.816419e-005	-4.993170e-005	4.993170e-005	2.131628e-014	-1.065814e-014	1.657437e-004
1.146224415480609e-003	-7.000661e-002	-6.999326e-002	-5.000000e+000	-2.503092e+000	-2.496908e+000	-2.500006e+000	-2.499994e+000	-2.500000e+000	-2.500000e+000	-2.570000e+000	-2.570000e+000	2.212902e-006	-2.212902e-006	-1.001122e-004	1.001122e-004	-6.171023e-005	-1.653401e-014	1.653401e-014	-2.212902e-006	6.392313e-005	8.834011e-005	6.171023e-005	-4.993816e-005	4.993816e-005	1.998401e-014	0.000000e+000	1.500503e-004
1.149224415480608e-003	-7.000589e-002	-6.999397e-002	-5.000000e+000	-2.502812e+000	-2.497188e+000	-2.500006e+000	-2.499994e+000	-2.500000e+000	-2.500000e+000	-2.570000e+000	-2.570000e+000	1.912915e-006	-1.912915e-006	-8.654068e-005	8.654068e-005	-5.613118e-005	-1.498925e-014	1.498925e-014	-1.912915e-006	5.804410e-005	8.035325e-005	5.613118e-005	-4.994375e-005	4.994375e-005	1.776357e-014	-3.552714e-015	1.364844e-004
1.152224415480608e-003	-7.000542e-002	-6.999469e-002	-5.000000e+000	-2.502571e+000	-2.497429e+000	-2.500005e+000	-2.499995e+000	-2.500000e+000	-2.500000e+000	-2.570000e+000	-2.570000e+000	1.653595e-006	-1.653595e-006	-7.480897e-005	7.480897e-005	-5.130845e-005	-1.365391e-014	1.365391e-014	-1.653595e-006	5.296204e-005	7.344910e-005	5.130845e-005	-4.994859e-005	4.994859e-005	1.687539e-014	-2.131628e-014	1.247576e-004
1.155224415480608e-003	-7.000494e-002	-6.999516e-002	-5.000000e+000	-2.502362e+000	-2.497638e+000	-2.500005e+000	-2.499995e+000	-2.500000e+000	-2.500000e+000	-2.570000e+000	-2.570000e+000	1.429429e-006	-1.429429e-006	-6.466765e-005	6.466765e-005	-4.713950e-005	-1.249959e-014	1.249959e-014	-1.429429e-006	4.856893e-005	6.748091e-005	4.713950e-005	-4.995276e-005	4.995276e-005	5.773160e-015	-7.105427e-015	1.146204e-004
1.158224415480608e-003	-7.000470e-002	-6.999540e-002	-5.000000e+000	-2.502181e+000	-2.497819e+000	-2.500005e+000	-2.499995e+000	-2.500000e+000	-2.500000e+000	-2.570000e+000	-2.570000e+000	1.235651e-006	-1.235651e-006	-5.590112e-005	5.590112e-005	-4.353571e-005	-1.150175e-014	1.150175e-014	-1.235651e-006	4.477136e-005	6.232179e-005	4.353571e-005	-4.995638e-005	4.995638e-005	1.421085e-014	-1.065814e-014	1.058575e-004
1.161224415480607e-003	-7.000422e-002	-6.999588e-002	-5.000000e+000	-2.502025e+000	-2.497975e+000	-2.500004e+000	-2.499996e+000	-2.500000e+000	-2.500000e+000	-2.570000e+000	-2.570000e+000	1.068143e-006	-1.068143e-006	-4.832300e-005	4.832300e-005	-4.042045e-005	-1.063918e-014	1.063918e-014	-1.068143e-006	4.148860e-005	5.786205e-005	4.042045e-005	-4.995950e-005	4.995950e-005	7.549517e-015	-3.552714e-015	9.828250e-005
1.164224415480607e-003	-7.000399e-002	-6.999612e-002	-5.000000e+000	-2.501890e+000	-2.498110e+000	-2.500004e+000	-2.499996e+000	-2.500000e+000	-2.500000e+000	-2.570000e+000	-2.570000e+000	9.233423e-007	-9.233423e-007	-4.177220e-005	4.177220e-005	-3.772751e-005	-9.893550e-015	9.893550e-015	-9.233423e-007	3.865085e-005	5.400688e-005	3.772751e-005	-4.996219e-005	4.996219e-005	4.884981e-015	-3.552714e-015	9.173439e-005
1.167224415480607e-003	-7.000375e-002	-6.999636e-002	-5.000000e+000	-2.501774e+000	-2.498226e+000	-2.500004e+000	-2.499996e+000	-2.500000e+000	-2.500000e+000	-2.570000e+000	-2.570000e+000	7.981714e-007	-7.981713e-007	-3.610944e-005	3.610944e-005	-3.539964e-005	-9.248994e-015	9.248994e-015	-7.981713e-007	3.619781e-005	5.067433e-005	3.539964e-005	-4.996453e-005	4.996453e-005	7.993606e-015	-3.552714e-015	8.607397e-005
1.170224415480607e-003	-7.000351e-002	-6.999660e-002	-5.000000e+000	-2.501673e+000	-2.498327e+000	-2.500003e+000	-2.499997e+000	-2.500000e+000	-2.500000e+000	-2.570000e+000	-2.570000e+000	6.899689e-007	-6.899689e-007	-3.121434e-005	3.121434e-005	-3.338733e-005	-8.691817e-015	8.691818e-015	-6.899689e-007	3.407730e-005	4.779355e-005	3.338733e-005	-4.996654e-005	4.996654e-005	3.552714e-015	-3.552714e-015	8.118089e-005
1.173224415480606e-003	-7.000351e-002	-6.999660e-002	-5.000000e+000	-2.501585e+000	-2.498415e+000	-2.500003e+000	-2.499997e+000	-2.500000e+000	-2.500000e+000	-2.570000e+000	-2.570000e+000	5.964347e-007	-5.964347e-007	-2.698283e-005	2.698283e-005	-3.164782e-005	-8.210173e-015	8.210173e-015	-5.964347e-007	3.224426e-005	4.530330e-005	3.164782e-005	-4.996829e-005	4.996829e-005	6.661338e-015	-7.105427e-015	7.695112e-005
1.176224415480606e-003	-7.000303e-002	-6.999683e-002	-5.000000e+000	-2.501510e+000	-2.498490e+000	-2.500003e+000	-2.499997e+000	-2.500000e+000	-2.500000e+000	-2.570000e+000	-2.570000e+000	5.155804e-007	-5.155803e-007	-2.332496e-005	2.332496e-005	-3.014412e-005	-7.793821e-015	7.793821e-015	-5.155803e-007	3.065970e-005	4.315063e-005	3.014412e-005	-4.996979e-005	4.996979e-005	7.993606e-015	0.000000e+000	7.329475e-005
1.179224415480606e-003	-7.000279e-002	-6.999707e-002	-5.000000e+000	-2.501445e+000	-2.498555e+000	-2.500003e+000	-2.499997e+000	-2.500000e+000	-2.500000e+000	-2.570000e+000	-2.570000e+000	4.456868e-007	-4.456868e-007	-2.016296e-005	2.016296e-005	-2.884427e-005	-7.433911e-015	7.433912e-015	-4.456868e-007	2.928996e-005	4.128979e-005	2.884427e-005	-4.997109e-005	4.997109e-005	1.376677e-014	-3.552714e-015	7.013406e-005
1.182224415480606e-003	-7.000279e-002	-6.999707e-002	-5.000000e+000	-2.501389e+000	-2.498611e+000	-2.500003e+000	-2.499997e+000	-2.500000e+000	-2.500000e+000	-2.570000e+000	-2.570000e+000	3.852682e-007	-3.852682e-007	-1.742961e-005	1.742961e-005	-2.772063e-005	-7.122792e-015	7.122792e-015	-3.852682e-007	2.810590e-005	3.968120e-005	2.772063e-005	-4.997222e-005	4.997222e-005	8.437695e-015	3.552714e-015	6.740184e-005
1.185224415480605e-003	-7.000256e-002	-6.999731e-002	-5.000000e+000	-2.501340e+000	-2.498660e+000	-2.500003e+000	-2.499997e+000	-2.500000e+000	-2.500000e+000	-2.570000e+000	-2.570000e+000	3.330401e-007	-3.330401e-007	-1.506680e-005	1.506680e-005	-2.674932e-005	-6.853849e-015	6.853849e-015	-3.330401e-007	2.708235e-005	3.829068e-005	2.674932e-005	-4.997320e-005	4.997320e-005	7.105427e-015	7.105427e-015	6.504000e-005
1.188224415480605e-003	-7.000256e-002	-6.999731e-002	-5.000000e+000	-2.501298e+000	-2.498702e+000	-2.500003e+000	-2.499997e+000	-2.500000e+000	-2.500000e+000	-2.570000e+000	-2.570000e+000	2.878922e-007	-2.878922e-007	-1.302431e-005	1.302431e-005	-2.590967e-005	-6.621365e-015	6.621365e-015	-2.878922e-007	2.619757e-005	3.708867e-005	2.590967e-005	-4.997404e-005	4.997404e-005	7.549517e-015	0.000000e+000	6.299834e-005
1.191224415480605e-003	-7.000256e-002	-6.999731e-002	-5.000000e+000	-2.501262e+000	-2.498738e+000	-2.500003e+000	-2.499997e+000	-2.500000e+000	-2.500000e+000	-2.570000e+000	-2.570000e+000	2.488648e-007	-2.488648e-007	-1.125869e-005	1.125869e-005	-2.518386e-005	-6.420396e-015	6.420396e-015	-2.488648e-007	2.543272e-005	3.604960e-005	2.518386e-005	-4.997477e-005	4.997477e-005	5.329071e-015	3.552714e-015	6.123346e-005
1.194224415480605e-003	-7.000232e-002	-6.999755e-002	-5.000000e+000	-2.501230e+000	-2.498770e+000	-2.500002e+000	-2.499998e+000	-2.500000e+000	-2.500000e+000	-2.570000e+000	-2.570000e+000	2.151279e-007	-2.151279e-007	-9.732432e-006	9.732432e-006	-2.455643e-005	-6.246672e-015	6.246672e-015	-2.151279e-007	2.477156e-005	3.515140e-005	2.455643e-005	-4.997540e-005	4.997540e-005	7.549517e-015	0.000000e+000	5.970783e-005
1.197224415480604e-003	-7.000232e-002	-6.999755e-002	-5.000000e+000	-2.501203e+000	-2.498797e+000	-2.500002e+000	-2.499998e+000	-2.500000e+000	-2.500000e+000	-2.570000e+000	-2.570000e+000	1.859646e-007	-1.859646e-007	-8.413075e-006	8.413075e-006	-2.401407e-005	-6.096498e-015	6.096498e-015	-1.859646e-007	2.420003e-005	3.437495e-005	2.401407e-005	-4.997594e-005	4.997594e-005	2.220446e-015	0.000000e+000	5.838901e-005
1.200224415480604e-003	-7.000232e-002	-6.999755e-002	-5.000000e+000	-2.501180e+000	-2.498820e+000	-2.500002e+000	-2.499998e+000	-2.500000e+000	-2.500000e+000	-2.570000e+000	-2.570000e+000	1.607547e-007	-1.607547e-007	-7.272575e-006	7.272575e-006	-2.354522e-005	-5.966683e-015	5.966683e-015	-1.607547e-007	2.370598e-005	3.370376e-005	2.354522e-005	-4.997641e-005	4.997641e-005	7.549517e-015	7.105427e-015	5.724898e-005
1.203224415480604e-003	-7.000232e-002	-6.999755e-002	-5.000000e+000	-2.501159e+000	-2.498841e+000	-2.500002e+000	-2.499998e+000	-2.500000e+000	-2.500000e+000	-2.570000e+000	-2.570000e+000	1.389623e-007	-1.389623e-007	-6.286683e-006	6.286683e-006	-2.313994e-005	-5.854465e-015	5.854465e-015	-1.389623e-007	2.327890e-005	3.312356e-005	2.313994e-005	-4.997681e-005	4.997681e-005	7.993606e-015	0.000000e+000	5.626350e-005
1.206224415480604e-003	-7.000232e-002	-6.999755e-002	-5.000000e+000	-2.501142e+000	-2.498858e+000	-2.500002e+000	-2.499998e+000	-2.500000e+000	-2.500000e+000	-2.570000e+000	-2.570000e+000	1.201242e-007	-1.201242e-007	-5.434442e-006	5.434442e-006	-2.278959e-005	-5.757460e-015	5.757460e-015	-1.201242e-007	2.290972e-005	3.262201e-005	2.278959e-005	-4.997716e-005	4.997716e-005	7.549517e-015	-7.105427e-015	5.541161e-005
1.209224415480603e-003	-7.000208e-002	-6.999779e-002	-5.000000e+000	-2.501127e+000	-2.498873e+000	-2.500002e+000	-2.499998e+000	-2.500000e+000	-2.500000e+000	-2.570000e+000	-2.570000e+000	1.038398e-007	-1.038398e-007	-4.697734e-006	4.697734e-006	-2.248674e-005	-5.673605e-015	5.673605e-015	-1.038398e-007	2.259058e-005	3.218846e-005	2.248674e-005	-4.997747e-005	4.997747e-005	1.332268e-015	0.000000e+000	5.467520e-005
1.212224415480603e-003	-7.000208e-002	-6.999779e-002	-5.000000e+000	-2.501113e+000	-2.498887e+000	-2.500002e+000	-2.499998e+000	-2.500000e+000	-2.500000e+000	-2.570000e+000	-2.570000e+000	8.976297e-008	-8.976296e-008	-4.060896e-006	4.060896e-006	-2.222495e-005	-5.601118e-015	5.601118e-015	-8.976297e-008	2.231471e-005	3.181368e-005	2.222495e-005	-4.997773e-005	4.997773e-005	3.552714e-015	3.552714e-015	5.403862e-005
1.215224415480603e-003	-7.000208e-002	-6.999779e-002	-5.000000e+000	-2.501102e+000	-2.498898e+000	-2.500002e+000	-2.499998e+000	-2.500000e+000	-2.500000e+000	-2.570000e+000	-2.570000e+000	7.759444e-008	-7.759444e-008	-3.510389e-006	3.510389e-006	-2.199864e-005	-5.538457e-015	5.538457e-015	-7.759444e-008	2.207623e-005	3.148970e-005	2.199864e-005	-4.997796e-005	4.997796e-005	1.154632e-014	-3.552714e-015	5.348834e-005
1.218224415480603e-003	-7.000208e-002	-6.999779e-002	-5.000000e+000	-2.501092e+000	-2.498908e+000	-2.500002e+000	-2.499998e+000	-2.500000e+000	-2.500000e+000	-2.570000e+000	-2.570000e+000	6.707552e-008	-6.707552e-008	-3.034510e-006	3.034510e-006	-2.180301e-005	-5.484291e-015	5.484291e-015	-6.707551e-008	2.187009e-005	3.120965e-005	2.180301e-005	-4.997815e-005	4.997815e-005	8.881784e-015	-3.552714e-015	5.301266e-005
1.221224415480602e-003	-7.000208e-002	-6.999779e-002	-5.000000e+000	-2.501084e+000	-2.498916e+000	-2.500002e+000	-2.499998e+000	-2.500000e+000	-2.500000e+000	-2.570000e+000	-2.570000e+000	5.798257e-008	-5.798256e-008	-2.623143e-006	2.623143e-006	-2.163391e-005	-5.437468e-015	5.437468e-015	-5.798256e-008	2.169189e-005	3.096756e-005	2.163391e-005	-4.997832e-005	4.997832e-005	9.325873e-015	0.000000e+000	5.260147e-005
1.224224415480602e-003	-7.000208e-002	-6.999779e-002	-5.000000e+000	-2.501076e+000	-2.498924e+000	-2.500002e+000	-2.499998e+000	-2.500000e+000	-2.500000e+000	-2.570000e+000	-2.570000e+000	5.012229e-008	-5.012227e-008	-2.267543e-006	2.267543e-006	-2.148773e-005	-5.396992e-015	5.396992e-015	-5.012228e-008	2.153785e-005	3.075828e-005	2.148773e-005	-4.997847e-005	4.997847e-005	4.440892e-015	3.552714e-015	5.224601e-005
1.227224415480602e-003	-7.000208e-002	-6.999779e-002	-5.000000e+000	-2.501070e+000	-2.498930e+000	-2.500002e+000	-2.499998e+000	-2.500000e+000	-2.500000e+000	-2.570000e+000	-2.570000e+000	4.332756e-008	-4.332756e-008	-1.960148e-006	1.960148e-006	-2.136136e-005	-5.362004e-015	5.362004e-015	-4.332756e-008	2.140469e-005	3.057739e-005	2.136136e-005	-4.997860e-005	4.997860e-005	9.769963e-015	0.000000e+000	5.193874e-005
1.230224415480602e-003	-7.000208e-002	-6.999779e-002	-5.000000e+000	-2.501065e+000	-2.498935e+000	-2.500002e+000	-2.499998e+000	-2.500000e+000	-2.500000e+000	-2.570000e+000	-2.570000e+000	3.745395e-008	-3.745394e-008	-1.694425e-006	1.694425e-006	-2.125212e-005	-5.331758e-015	5.331758e-015	-3.745395e-008	2.128958e-005	3.042100e-005	2.125212e-005	-4.997871e-005	4.997871e-005	3.552714e-015	0.000000e+000	5.167313e-005
1.233224415480601e-003	-7.000208e-002	-6.999779e-002	-5.000000e+000	-2.501060e+000	-2.498940e+000	-2.500002e+000	-2.499998e+000	-2.500000e+000	-2.500000e+000	-2.570000e+000	-2.570000e+000	3.237659e-008	-3.237658e-008	-1.464723e-006	1.464723e-006	-2.115770e-005	-5.305613e-015	5.305613e-015	-3.237658e-008	2.119007e-005	3.028582e-005	2.115770e-005	-4.997880e-005	4.997880e-005	1.332268e-015	-7.105427e-015	5.144352e-005
1.236224415480601e-003	-7.000208e-002	-6.999779e-002	-5.000000e+000	-2.501056e+000	-2.498944e+000	-2.500002e+000	-2.499998e+000	-2.500000e+000	-2.500000e+000	-2.570000e+000	-2.570000e+000	2.798753e-008	-2.798752e-008	-1.266161e-006	1.266161e-006	-2.107607e-005	-5.283011e-015	5.283012e-015	-2.798752e-008	2.110406e-005	3.016897e-005	2.107607e-005	-4.997888e-005	4.997888e-005	3.552714e-015	0.000000e+000	5.124504e-005
1.239224415480601e-003	-7.000208e-002	-6.999779e-002	-5.000000e+000	-2.501052e+000	-2.498948e+000	-2.500002e+000	-2.499998e+000	-2.500000e+000	-2.500000e+000	-2.570000e+000	-2.570000e+000	2.419345e-008	-2.419345e-008	-1.094517e-006	1.094517e-006	-2.100551e-005	-5.263475e-015	5.263475e-015	-2.419345e-008	2.102970e-005	3.006796e-005	2.100551e-005	-4.997895e-005	4.997895e-005	0.000000e+000	7.105427e-015	5.107347e-005
1.242224415480601e-003	-7.000208e-002	-6.999779e-002	-5.000000e+000	-2.501049e+000	-2.498951e+000	-2.500002e+000	-2.499998e+000	-2.500000e+000	-2.500000e+000	-2.570000e+000	-2.570000e+000	2.091373e-008	-2.091372e-008	-9.461410e-007	9.461410e-007	-2.094452e-005	-5.246586e-015	5.246586e-015	-2.091372e-008	2.096543e-005	2.998064e-005	2.094452e-005	-4.997901e-005	4.997901e-005	5.329071e-015	3.552714e-015	5.092515e-005
1.245224415480600e-003	-7.000208e-002	-6.999779e-002	-5.000000e+000	-2.501047e+000	-2.498953e+000	-2.500002e+000	-2.499998e+000	-2.500000e+000	-2.500000e+000	-2.570000e+000	-2.570000e+000	1.807860e-008	-1.807859e-008	-8.178794e-007	8.178794e-007	-2.089179e-005	-5.231987e-015	5.231987e-015	-1.807859e-008	2.090987e-005	2.990516e-005	2.089179e-005	-4.997907e-005	4.997907e-005	4.440892e-015	0.000000e+000	5.079695e-005
1.248224415480600e-003	-7.000208e-002	-6.999779e-002	-5.000000e+000	-2.501044e+000	-2.498956e+000	-2.500002e+000	-2.499998e+000	-2.500000e+000	-2.500000e+000	-2.570000e+000	-2.570000e+000	1.562782e-008	-1.562780e-008	-7.070053e-007	7.070053e-007	-2.084621e-005	-5.219367e-015	5.219367e-015	-1.562781e-008	2.086184e-005	2.983991e-005	2.084621e-005	-4.997911e-005	4.997911e-005	9.325873e-015	-3.552714e-015	5.068612e-005
1.251224415480600e-003	-7.000208e-002	-6.999779e-002	-5.000000e+000	-2.501042e+000	-2.498958e+000	-2.500002e+000	-2.499998e+000	-2.500000e+000	-2.500000e+000	-2.570000e+000	-2.570000e+000	1.350926e-008	-1.350925e-008	-6.111616e-007	6.111616e-007	-2.080681e-005	-5.208457e-015	5.208458e-015	-1.350926e-008	2.082032e-005	2.978350e-005	2.080681e-005	-4.997915e-005	4.997915e-005	5.773160e-015	0.000000e+000	5.059031e-005
1.254224415480600e-003	-7.000208e-002	-6.999779e-002	-5.000000e+000	-2.501041e+000	-2.498959e+000	-2.500002e+000	-2.499998e+000	-2.500000e+000	-2.500000e+000	-2.570000e+000	-2.570000e+000	1.167790e-008	-1.167790e-008	-5.283108e-007	5.283108e-007	-2.077275e-005	-5.199027e-015	5.199027e-015	-1.167790e-008	2.078443e-005	2.973475e-005	2.077275e-005	-4.997919e-005	4.997919e-005	3.552714e-015	0.000000e+000	5.050750e-005
1.257224415480599e-003	-7.000208e-002	-6.999779e-002	-5.000000e+000	-2.501039e+000	-2.498961e+000	-2.500002e+000	-2.499998e+000	-2.500000e+000	-2.500000e+000	-2.570000e+000	-2.570000e+000	1.009482e-008	-1.009481e-008	-4.566915e-007	4.566915e-007	-2.074331e-005	-5.190875e-015	5.190875e-015	-1.009481e-008	2.075340e-005	2.969260e-005	2.074331e-005	-4.997921e-005	4.997921e-005	5.329071e-015	0.000000e+000	5.043590e-005
1.259795844052028e-003	-7.000208e-002	-6.999779e-002	-5.000000e+000	-2.501038e+000	-2.498962e+000	-2.500002e+000	-2.499998e+000	-2.500000e+000	-2.500000e+000	-2.570000e+000	-2.570000e+000	8.943839e-009	-8.943831e-009	-4.046210e-007	4.046210e-007	-2.072191e-005	-5.184948e-015	5.184948e-015	-8.943834e-009	2.073085e-005	2.966195e-005	2.072191e-005	-4.997924e-005	4.997924e-005	4.083176e-015	1.113763e-015	5.038386e-005
1.262367272623456e-003	-7.000208e-002	-6.999779e-002	-5.000000e+000	-2.501037e+000	-2.498963e+000	-2.500002e+000	-2.499998e+000	-2.500000e+000	-2.500000e+000	-2.570000e+000	-2.570000e+000	7.896391e-009	-7.896384e-009	-3.572343e-007	3.572343e-007	-2.070242e-005	-5.179554e-015	5.179555e-015	-7.896388e-009	2.071032e-005	2.963406e-005	2.070242e-005	-4.997926e-005	4.997926e-005	3.041108e-015	1.687095e-015	5.033649e-005
1.264938701194884e-003	-7.000208e-002	-6.999779e-002	-5.000000e+000	-2.501036e+000	-2.498964e+000	-2.500002e+000	-2.499998e+000	-2.500000e+000	-2.500000e+000	-2.570000e+000	-2.570000e+000	6.952474e-009	-6.952467e-009	-3.145313e-007	3.145313e-007	-2.068487e-005	-5.174694e-015	5.174694e-015	-6.952471e-009	2.069182e-005	2.960893e-005	2.068487e-005	-4.997927e-005	4.997927e-005	2.202868e-015	1.719995e-015	5.029381e-005
1.267510129766313e-003	-7.000208e-002	-6.999779e-002	-5.000000e+000	-2.501036e+000	-2.498964e+000	-2.500002e+000	-2.499998e+000	-2.500000e+000	-2.500000e+000	-2.570000e+000	-2.570000e+000	6.112086e-009	-6.112080e-009	-2.765120e-007	2.765120e-007	-2.066924e-005	-5.170366e-015	5.170366e-015	-6.112084e-009	2.067535e-005	2.958656e-005	2.066924e-005	-4.997929e-005	4.997929e-005	1.568455e-015	1.212465e-015	5.025580e-005
1.270081558337741e-003	-7.000208e-002	-6.999779e-002	-5.000000e+000	-2.501035e+000	-2.498965e+000	-2.500002e+000	-2.499998e+000	-2.500000e+000	-2.500000e+000	-2.570000e+000	-2.570000e+000	5.375228e-009	-5.375224e-009	-2.431764e-007	2.431764e-007	-2.065554e-005	-5.166572e-015	5.166572e-015	-5.375226e-009	2.066091e-005	2.956694e-005	2.065554e-005	-4.997930e-005	4.997930e-005	1.137869e-015	1.645032e-016	5.022248e-005
1.272652986909169e-003	-7.000208e-002	-6.999779e-002	-5.000000e+000	-2.501034e+000	-2.498966e+000	-2.500002e+000	-2.499998e+000	-2.500000e+000	-2.500000e+000	-2.570000e+000	-2.570000e+000	4.741900e-009	-4.741897e-009	-2.145245e-007	2.145245e-007	-2.064376e-005	-5.163311e-015	5.163311e-015	-4.741897e-009	2.064850e-005	2.955008e-005	2.064376e-005	-4.997931e-005	4.997931e-005	9.111100e-016	-1.423890e-015	5.019384e-005
1.275224415480598e-003	-7.000208e-002	-6.999779e-002	-5.000000e+000	-2.501034e+000	-2.498966e+000	-2.500002e+000	-2.499998e+000	-2.500000e+000	-2.500000e+000	-2.570000e+000	-2.570000e+000	4.212102e-009	-4.212100e-009	-1.905563e-007	1.905563e-007	-2.063391e-005	-5.160583e-015	5.160583e-015	-4.212098e-009	2.063812e-005	2.953598e-005	2.063391e-005	-4.997932e-005	4.997932e-005	8.881784e-016	-3.552714e-015	5.016988e-005
1.278510129766312e-003	-7.000208e-002	-6.999779e-002	-5.000000e+000	-2.501033e+000	-2.498967e+000	-2.500002e+000	-2.499998e+000	-2.500000e+000	-2.500000e+000	-2.570000e+000	-2.570000e+000	3.617765e-009	-3.617763e-009	-1.636684e-007	1.636684e-007	-2.062285e-005	-5.157522e-015	5.157522e-015	-3.617762e-009	2.062647e-005	2.952015e-005	2.062285e-005	-4.997933e-005	4.997933e-005	3.936840e-015	-2.044237e-015	5.014301e-005
1.281795844052026e-003	-7.000208e-002	-6.999779e-002	-5.000000e+000	-2.501033e+000	-2.498967e+000	-2.500002e+000	-2.499998e+000	-2.500000e+000	-2.500000e+000	-2.570000e+000	-2.570000e+000	3.086615e-009	-3.086611e-009	-1.396391e-007	1.396391e-007	-2.061297e-005	-5.154787e-015	5.154787e-015	-3.086611e-009	2.061606e-005	2.950601e-005	2.061297e-005	-4.997934e-005	4.997934e-005	6.180752e-015	-7.002330e-016	5.011899e-005
1.285081558337740e-003	-7.000208e-002	-6.999779e-002	-5.000000e+000	-2.501032e+000	-2.498968e+000	-2.500002e+000	-2.499998e+000	-2.500000e+000	-2.500000e+000	-2.570000e+000	-2.570000e+000	2.618651e-009	-2.618646e-009	-1.184683e-007	1.184683e-007	-2.060427e-005	-5.152377e-015	5.152378e-015	-2.618647e-009	2.060689e-005	2.949355e-005	2.060427e-005	-4.997935e-005	4.997935e-005	7.619915e-015	4.792998e-016	5.009782e-005
1.288367272623454e-003	-7.000208e-002	-6.999779e-002	-5.000000e+000	-2.501032e+000	-2.498968e+000	-2.500002e+000	-2.499998e+000	-2.500000e+000	-2.500000e+000	-2.570000e+000	-2.570000e+000	2.213874e-009	-2.213867e-009	-1.001560e-007	1.001560e-007	-2.059674e-005	-5.150293e-015	5.150293e-015	-2.213869e-009	2.059896e-005	2.948277e-005	2.059674e-005	-4.997936e-005	4.997936e-005	8.254328e-015	1.494361e-015	5.007952e-005
1.291652986909168e-003	-7.000208e-002	-6.999779e-002	-5.000000e+000	-2.501032e+000	-2.498968e+000	-2.500002e+000	-2.499998e+000	-2.500000e+000	-2.500000e+000	-2.570000e+000	-2.570000e+000	1.872283e-009	-1.872275e-009	-8.470229e-008	8.470231e-008	-2.059039e-005	-5.148534e-015	5.148534e-015	-1.872277e-009	2.059226e-005	2.947368e-005	2.059039e-005	-4.997937e-005	4.997937e-005	8.083992e-015	2.344950e-015	5.006407e-005
1.294938701194882e-003	-7.000208e-002	-6.999779e-002	-5.000000e+000	-2.501031e+000	-2.498969e+000	-2.500002e+000	-2.499998e+000	-2.500000e+000	-2.500000e+000	-2.570000e+000	-2.570000e+000	1.593879e-009	-1.593868e-009	-7.210713e-008	7.210715e-008	-2.058521e-005	-5.147100e-015	5.147101e-015	-1.593871e-009	2.058681e-005	2.946627e-005	2.058521e-005	-4.997937e-005	4.997937e-005	7.108906e-015	3.031068e-015	5.005148e-005
1.298224415480596e-003	-7.000208e-002	-6.999779e-002	-5.000000e+000	-2.501031e+000	-2.498969e+000	-2.500002e+000	-2.499998e+000	-2.500000e+000	-2.500000e+000	-2.570000e+000	-2.570000e+000	1.378661e-009	-1.378648e-009	-6.237052e-008	6.237053e-008	-2.058121e-005	-5.145992e-015	5.145992e-015	-1.378651e-009	2.058259e-005	2.946054e-005	2.058121e-005	-4.997938e-005	4.997938e-005	5.329071e-015	3.552714e-015	5.004175e-005
1.303081558337738e-003	-7.000208e-002	-6.999779e-002	-5.000000e+000	-2.501031e+000	-2.498969e+000	-2.500002e+000	-2.499998e+000	-2.500000e+000	-2.500000e+000	-2.570000e+000	-2.570000e+000	1.112019e-009	-1.112010e-009	-5.030772e-008	5.030773e-008	-2.057625e-005	-5.144619e-015	5.144619e-015	-1.112011e-009	2.057736e-005	2.945344e-005	2.057625e-005	-4.997938e-005	4.997938e-005	5.775259e-015	1.150354e-015	5.002969e-005
1.307938701194881e-003	-7.000208e-002	-6.999779e-002	-5.000000e+000	-2.501031e+000	-2.498969e+000	-2.500002e+000	-2.499998e+000	-2.500000e+000	-2.500000e+000	-2.570000e+000	-2.570000e+000	8.812029e-010	-8.811961e-010	-3.986565e-008	3.986566e-008	-2.057196e-005	-5.143430e-015	5.143431e-015	-8.811967e-010	2.057284e-005	2.944729e-005	2.057196e-005	-4.997939e-005	4.997939e-005	6.093865e-015	-6.203958e-016	5.001925e-005
1.312795844052023e-003	-7.000208e-002	-6.999779e-002	-5.000000e+000	-2.501031e+000	-2.498969e+000	-2.500002e+000	-2.499998e+000	-2.500000e+000	-2.500000e+000	-2.570000e+000	-2.570000e+000	6.862127e-010	-6.862073e-010	-3.104431e-008	3.104432e-008	-2.056833e-005	-5.142426e-015	5.142426e-015	-6.862075e-010	2.056902e-005	2.944210e-005	2.056833e-005	-4.997939e-005	4.997939e-005	6.284888e-015	-1.759536e-015	5.001044e-005
1.317652986909166e-003	-7.000208e-002	-6.999779e-002	-5.000000e+000	-2.501030e+000	-2.498970e+000	-2.500002e+000	-2.499998e+000	-2.500000e+000	-2.500000e+000	-2.570000e+000	-2.570000e+000	5.270486e-010	-5.270432e-010	-2.384370e-008	2.384371e-008	-2.056537e-005	-5.141606e-015	5.141607e-015	-5.270435e-010	2.056590e-005	2.943786e-005	2.056537e-005	-4.997939e-005	4.997939e-005	6.348330e-015	-2.267067e-015	5.000324e-005
1.322510129766308e-003	-7.000208e-002	-6.999779e-002	-5.000000e+000	-2.501030e+000	-2.498970e+000	-2.500002e+000	-2.499998e+000	-2.500000e+000	-2.500000e+000	-2.570000e+000	-2.570000e+000	4.037106e-010	-4.037039e-010	-1.826382e-008	1.826382e-008	-2.056308e-005	-5.140971e-015	5.140972e-015	-4.037046e-010	2.056348e-005	2.943458e-005	2.056308e-005	-4.997940e-005	4.997940e-005	6.284189e-015	-2.142987e-015	4.999766e-005
1.327367272623451e-003	-7.000208e-002	-6.999779e-002	-5.000000e+000	-2.501030e+000	-2.498970e+000	-2.500002e+000	-2.499998e+000	-2.500000e+000	-2.500000e+000	-2.570000e+000	-2.570000e+000	3.161986e-010	-3.161894e-010	-1.430467e-008	1.430467e-008	-2.056145e-005	-5.140521e-015	5.140521e-015	-3.161909e-010	2.056177e-005	2.943225e-005	2.056145e-005	-4.997940e-005	4.997940e-005	6.092465e-015	-1.387299e-015	4.999370e-005
1.332224415480593e-003	-7.000208e-002	-6.999779e-002	-5.000000e+000	-2.501030e+000	-2.498970e+000	-2.500002e+000	-2.499998e+000	-2.500000e+000	-2.500000e+000	-2.570000e+000	-2.570000e+000	2.645127e-010	-2.644996e-010	-1.196625e-008	1.196625e-008	-2.056049e-005	-5.140255e-015	5.140255e-015	-2.645023e-010	2.056076e-005	2.943087e-005	2.056049e-005	-4.997940e-005	4.997940e-005	5.773160e-015	0.000000e+000	4.999137e-005
1.342510129766306e-003	-7.000208e-002	-6.999779e-002	-5.000000e+000	-2.501030e+000	-2.498970e+000	-2.500002e+000	-2.499998e+000	-2.500000e+000	-2.500000e+000	-2.570000e+000	-2.570000e+000	1.822504e-010	-1.822397e-010	-8.244758e-009	8.244765e-009	-2.055896e-005	-5.139831e-015	5.139831e-015	-1.822412e-010	2.055914e-005	2.942868e-005	2.055896e-005	-4.997940e-005	4.997940e-005	7.301449e-015	5.823146e-016	4.998765e-005
1.352795844052020e-003	-7.000208e-002	-6.999779e-002	-5.000000e+000	-2.501030e+000	-2.498970e+000	-2.500002e+000	-2.499998e+000	-2.500000e+000	-2.500000e+000	-2.570000e+000	-2.570000e+000	1.151949e-010	-1.151861e-010	-5.211216e-009	5.211224e-009	-2.055771e-005	-5.139486e-015	5.139486e-015	-1.151867e-010	2.055783e-005	2.942690e-005	2.055771e-005	-4.997940e-005	4.997940e-005	8.362603e-015	9.705244e-016	4.998461e-005
1.363081558337733e-003	-7.000208e-002	-6.999779e-002	-5.000000e+000	-2.501030e+000	-2.498970e+000	-2.500002e+000	-2.499998e+000	-2.500000e+000	-2.500000e+000	-2.570000e+000	-2.570000e+000	6.334627e-011	-6.333866e-011	-2.865621e-009	2.865629e-009	-2.055675e-005	-5.139219e-015	5.139219e-015	-6.333885e-011	2.055681e-005	2.942552e-005	2.055675e-005	-4.997940e-005	4.997940e-005	8.956621e-015	1.164629e-015	4.998227e-005
1.373367272623447e-003	-7.000208e-002	-6.999779e-002	-5.000000e+000	-2.501030e+000	-2.498970e+000	-2.500002e+000	-2.499998e+000	-2.500000e+000	-2.500000e+000	-2.570000e+000	-2.570000e+000	2.670448e-011	-2.669750e-011	-1.207973e-009	1.207980e-009	-2.055607e-005	-5.139030e-015	5.139030e-015	-2.669768e-011	2.055609e-005	2.942454e-005	2.055607e-005	-4.997940e-005	4.997940e-005	9.083504e-015	1.164629e-015	4.998061e-005
1.383652986909160e-003	-7.000208e-002	-6.999779e-002	-5.000000e+000	-2.501030e+000	-2.498970e+000	-2.500002e+000	-2.499998e+000	-2.500000e+000	-2.500000e+000	-2.570000e+000	-2.570000e+000	5.269544e-012	-5.262591e-012	-2.382709e-010	2.382782e-010	-2.055567e-005	-5.138920e-015	5.138920e-015	-5.263177e-012	2.055567e-005	2.942397e-005	2.055567e-005	-4.997941e-005	4.997941e-005	8.743251e-015	9.705244e-016	4.997964e-005
1.393938701194874e-003	-7.000208e-002	-6.999779e-002	-5.000000e+000	-2.501030e+000	-2.498970e+000	-2.500002e+000	-2.499998e+000	-2.500000e+000	-2.500000e+000	-2.570000e+000	-2.570000e+000	-9.585524e-013	9.660628e-013	4.348442e-011	-4.347720e-011	-2.055555e-005	-5.138887e-015	5.138888e-015	9.646694e-013	2.055555e-005	2.942381e-005	2.055555e-005	-4.997940e-005	4.997940e-005	7.935862e-015	5.823146e-016	4.997936e-005
1.404224415480587e-003	-7.000208e-002	-6.999779e-002	-5.000000e+000	-2.501030e+000	-2.498970e+000	-2.500002e+000	-2.499998e+000	-2.500000e+000	-2.500000e+000	-2.570000e+000	-2.570000e+000	8.020196e-012	-8.011536e-012	-3.627068e-010	3.627139e-010	-2.055572e-005	-5.138934e-015	5.138934e-015	-8.014145e-012	2.055573e-005	2.942405e-005	2.055572e-005	-4.997940e-005	4.997940e-005	6.661338e-015	0.000000e+000	4.997976e-005
2.005224415480548e-003	-7.000208e-002	-6.999779e-002	-5.000000e+000	-2.501030e+000	-2.498970e+000	-2.500002e+000	-2.499998e+000	-2.500000e+000	-2.500000e+000	-2.570000e+000	-2.570000e+000	4.218847e-015	4.218847e-015	3.552714e-015	3.552714e-015	-2.055557e-005	-5.138892e-015	5.138894e-015	0.000000e+000	2.055557e-005	2.942383e-005	2.055557e-005	-4.997940e-005	4.997940e-005	7.549517e-015	1.065814e-014	4.997940e-005
3.029224415480684e-003	-7.000208e-002	-6.999779e-002	-5.000000e+000	-2.501030e+000	-2.498970e+000	-2.500002e+000	-2.499998e+000	-2.500000e+000	-2.500000e+000	-2.570000e+000	-2.570000e+000	0.000000e+000	2.220446e-015	2.664535e-015	3.552714e-015	-2.055557e-005	-5.138891e-015	5.138895e-015	2.775558e-015	2.055557e-005	2.942383e-005	2.055557e-005	-4.997940e-005	4.997940e-005	3.108624e-015	-3.552714e-015	4.997940e-005
4.053224415480819e-003	-7.000208e-002	-6.999779e-002	-5.000000e+000	-2.501030e+000	-2.498970e+000	-2.500002e+000	-2.499998e+000	-2.500000e+000	-2.500000e+000	-2.570000e+000	-2.570000e+000	2.220446e-015	6.439294e-015	2.664535e-015	4.218847e-015	-2.055557e-005	-5.138890e-015	5.138896e-015	3.330669e-015	2.055557e-005	2.942383e-005	2.055557e-005	-4.997940e-005	4.997940e-005	4.884981e-015	0.000000e+000	4.997940e-005
4.999224415480945e-003	-7.000208e-002	-6.999779e-002	-5.000000e+000	-2.501030e+000	-2.498970e+000	-2.500002e+000	-2.499998e+000	-2.500000e+000	-2.500000e+000	-2.570000e+000	-2.570000e+000	4.969174e-015	2.002332e-015	3.552714e-015	4.553149e-015	-2.055557e-005	-5.138889e-015	5.138896e-015	2.080125e-015	2.055557e-005	2.942383e-005	2.055557e-005	-4.997940e-005	4.997940e-005	4.716597e-015	7.105427e-015	4.997940e-005
5.000000000000000e-003	-7.000208e-002	-6.999779e-002	-5.000000e+000	-2.501030e+000	-2.498970e+000	-2.500002e+000	-2.499998e+000	-2.500000e+000	-2.500000e+000	-2.570000e+000	-2.570000e+000	6.883383e-015	-5.995204e-015	3.552714e-015	7.105427e-015	-2.055557e-005	-5.138889e-015	5.138896e-015	-2.220446e-015	2.055557e-005	2.942383e-005	2.055557e-005	-4.997940e-005	4.997940e-005	0.000000e+000	7.105427e-015	4.997940e-005
