time	V(N008,N005)	V(N009,N004)	V(n001)	V(n002)	V(n003)	V(n004)	V(n005)	V(n006)	V(n007)	V(n008)	V(n009)	I(C1)	I(C2)	I(C3)	I(C4)	I(R0)	I(R1)	I(R2)	I(R3)	I(R4)	I(R5)	I(R6)	I(R7)	I(R8)	I(V1)	I(V2)	I(V3)
0.000000000000000e+000	-7.000000e-002	-7.000000e-002	0.000000e+000	-3.500000e-018	-3.500000e-018	-3.503500e-018	-3.503500e-018	-3.503500e-018	-3.503500e-018	-7.000000e-002	-7.000000e-002	7.000000e-023	7.000000e-023	3.500000e-036	3.500000e-036	7.000000e-023	-7.268883e-034	-7.268883e-034	0.000000e+000	0.000000e+000	0.000000e+000	7.000000e-023	7.000000e-023	7.000000e-023	-3.503500e-039	-3.503500e-039	-7.000000e-023
1.000000000000000e-003	-7.000000e-002	-7.000000e-002	0.000000e+000	-2.749765e-014	-2.749765e-014	-2.843820e-014	-2.843820e-014	-2.776889e-011	-2.776889e-011	-7.000000e-002	-7.000000e-002	1.872959e-017	1.872959e-017	1.826096e-017	1.826096e-017	1.881091e-017	6.935113e-020	6.935113e-020	0.000000e+000	0.000000e+000	-1.172022e-030	1.881091e-017	5.499530e-019	5.499530e-019	-6.935113e-020	-6.935113e-020	-1.881091e-017
1.000000100000000e-003	-7.018490e-002	-6.981507e-002	-5.000000e-001	-4.999984e-001	-1.618113e-006	-2.503514e-001	-2.496486e-001	-2.501664e-001	-2.498336e-001	-3.198335e-001	-3.201664e-001	-1.479376e-003	1.479376e-003	-1.213575e-002	1.213575e-002	-4.992940e-003	-5.085471e-013	5.085473e-013	1.479376e-003	3.513565e-003	7.142811e-003	4.992940e-003	-3.236226e-011	3.236226e-011	5.089262e-013	-5.082601e-013	1.213575e-002
1.000000300000000e-003	-7.075173e-002	-6.924826e-002	-1.500000e+000	-1.499993e+000	-6.991776e-006	-7.511401e-001	-7.488600e-001	-7.503883e-001	-7.496117e-001	-8.196117e-001	-8.203883e-001	-3.576848e-003	3.576848e-003	-3.640543e-002	3.640543e-002	-1.497706e-002	-1.955841e-012	1.955841e-012	3.576848e-003	1.140021e-002	2.142837e-002	1.497706e-002	-1.398355e-010	1.398355e-010	1.957091e-012	-1.956167e-012	3.640543e-002
1.000000452285285e-003	-7.136738e-002	-6.863260e-002	-2.261426e+000	-2.261413e+000	-1.371858e-005	-1.132530e+000	-1.128896e+000	-1.131163e+000	-1.130264e+000	-1.200264e+000	-1.201163e+000	-4.409887e-003	4.409887e-003	-5.488335e-002	5.488335e-002	-2.257765e-002	-3.439470e-012	3.439470e-012	4.409887e-003	1.816777e-002	3.230570e-002	2.257765e-002	-2.743717e-010	2.743717e-010	3.441032e-012	-3.440366e-012	5.488335e-002
1.000000603762033e-003	-7.206631e-002	-6.793380e-002	-3.018810e+000	-3.018786e+000	-2.411635e-005	-1.511948e+000	-1.506862e+000	-1.509882e+000	-1.508928e+000	-1.578928e+000	-1.579882e+000	-4.707747e-003	4.707747e-003	-7.326193e-002	7.326193e-002	-3.013676e-002	-5.180317e-012	5.180317e-012	4.707747e-003	2.542901e-002	4.312517e-002	3.013676e-002	-4.823270e-010	4.823270e-010	5.182225e-012	-5.180153e-012	7.326193e-002
1.000000906715527e-003	-7.353544e-002	-6.646466e-002	-4.533577e+000	-4.533526e+000	-5.134430e-005	-2.270820e+000	-2.262758e+000	-2.267285e+000	-2.266293e+000	-2.336293e+000	-2.337285e+000	-4.940890e-003	4.940890e-003	-1.100181e-001	1.100181e-001	-4.525412e-002	-8.843085e-012	8.843085e-012	4.940890e-003	4.031323e-002	6.476393e-002	4.525412e-002	-1.026886e-009	1.026886e-009	8.847820e-012	-8.842021e-012	1.100181e-001
1.000001000000000e-003	-7.399654e-002	-6.600332e-002	-5.000000e+000	-4.999938e+000	-6.127797e-005	-2.504494e+000	-2.495506e+000	-2.500497e+000	-2.499503e+000	-2.569503e+000	-2.570497e+000	-4.970729e-003	4.970729e-003	-1.213357e-001	1.213357e-001	-4.990890e-002	-9.991860e-012	9.991860e-012	4.970729e-003	4.493817e-002	7.142682e-002	4.990890e-002	-1.225559e-009	1.225559e-009	9.997336e-012	-9.990231e-012	1.213357e-001
1.000001060590699e-003	-7.421899e-002	-6.578112e-002	-5.000000e+000	-4.999931e+000	-6.862958e-005	-2.504600e+000	-2.495400e+000	-2.500381e+000	-2.499619e+000	-2.569619e+000	-2.570381e+000	-3.903746e-003	3.903746e-003	-1.213332e-001	1.213332e-001	-4.990662e-002	-1.052478e-011	1.052478e-011	3.903746e-003	4.600288e-002	7.142661e-002	4.990662e-002	-1.372592e-009	1.372592e-009	1.052787e-011	-1.051840e-011	1.213332e-001
1.000001181772097e-003	-7.454896e-002	-6.545091e-002	-5.000000e+000	-4.999917e+000	-8.333250e-005	-2.504753e+000	-2.495247e+000	-2.500204e+000	-2.499796e+000	-2.569796e+000	-2.570204e+000	-2.374013e-003	2.374013e-003	-1.213295e-001	1.213295e-001	-4.990327e-002	-1.128881e-011	1.128881e-011	2.374013e-003	4.752926e-002	7.142619e-002	4.990327e-002	-1.666650e-009	1.666650e-009	1.128875e-011	-1.128342e-011	1.213295e-001
1.000001424134893e-003	-7.484794e-002	-6.515217e-002	-5.000000e+000	-4.999887e+000	-1.127374e-004	-2.504898e+000	-2.495102e+000	-2.500050e+000	-2.499950e+000	-2.569950e+000	-2.570050e+000	-9.212011e-004	9.212011e-004	-1.213251e-001	1.213251e-001	-4.989979e-002	-1.201435e-011	1.201435e-011	9.212011e-004	4.897859e-002	7.142535e-002	4.989979e-002	-2.254747e-009	2.254747e-009	1.201321e-011	-1.201202e-011	1.213251e-001
1.000001908860484e-003	-7.498240e-002	-6.501770e-002	-5.000000e+000	-4.999828e+000	-1.715452e-004	-2.504977e+000	-2.495023e+000	-2.499995e+000	-2.500005e+000	-2.570005e+000	-2.569995e+000	-1.223610e-004	1.223610e-004	-1.213207e-001	1.213207e-001	-4.989702e-002	-1.241307e-011	1.241307e-011	1.223610e-004	4.977466e-002	7.142367e-002	4.989702e-002	-3.430904e-009	3.430904e-009	1.241204e-011	-1.241242e-011	1.213207e-001
1.000002570468846e-003	-7.498932e-002	-6.501055e-002	-5.000000e+000	-4.999748e+000	-2.518099e-004	-2.504991e+000	-2.495009e+000	-2.500001e+000	-2.499999e+000	-2.569999e+000	-2.570001e+000	1.065262e-005	-1.065262e-005	-1.213165e-001	1.213165e-001	-4.989515e-002	-1.247911e-011	1.247911e-011	-1.065260e-005	4.990580e-002	7.142138e-002	4.989515e-002	-5.036199e-009	5.036199e-009	1.247798e-011	-1.247870e-011	1.213165e-001
1.000003727746048e-003	-7.498980e-002	-6.501031e-002	-5.000000e+000	-4.999608e+000	-3.922000e-004	-2.504989e+000	-2.495011e+000	-2.499999e+000	-2.500001e+000	-2.570001e+000	-2.569999e+000	-1.505494e-006	1.505494e-006	-1.213097e-001	1.213097e-001	-4.989237e-002	-1.247234e-011	1.247234e-011	1.505507e-006	4.989087e-002	7.141737e-002	4.989237e-002	-7.844001e-009	7.844001e-009	1.247121e-011	-1.247202e-011	1.213097e-001
1.000006042300452e-003	-7.498837e-002	-6.501174e-002	-5.000000e+000	-4.999327e+000	-6.729504e-004	-2.504989e+000	-2.495011e+000	-2.500000e+000	-2.500000e+000	-2.570000e+000	-2.570000e+000	7.011576e-007	-7.011574e-007	-1.212961e-001	1.212961e-001	-4.988677e-002	-1.247204e-011	1.247204e-011	-7.011450e-007	4.988747e-002	7.140934e-002	4.988677e-002	-1.345901e-008	1.345901e-008	1.247110e-011	-1.247228e-011	1.212961e-001
1.000010671409260e-003	-7.498789e-002	-6.501222e-002	-5.000000e+000	-4.998765e+000	-1.234333e-003	-2.504987e+000	-2.495013e+000	-2.500000e+000	-2.500000e+000	-2.570000e+000	-2.570000e+000	7.341691e-008	-7.341676e-008	-1.212688e-001	1.212688e-001	-4.987556e-002	-1.246893e-011	1.246893e-011	-7.340433e-008	4.987564e-002	7.139330e-002	4.987556e-002	-2.468666e-008	2.468666e-008	1.246786e-011	-1.246842e-011	1.212689e-001
1.000019929626877e-003	-7.498503e-002	-6.501484e-002	-5.000000e+000	-4.997643e+000	-2.356625e-003	-2.504985e+000	-2.495015e+000	-2.500000e+000	-2.500000e+000	-2.570000e+000	-2.570000e+000	3.143642e-007	-3.143642e-007	-1.212144e-001	1.212144e-001	-4.985316e-002	-1.246345e-011	1.246345e-011	-3.143517e-007	4.985347e-002	7.136124e-002	4.985316e-002	-4.713250e-008	4.713250e-008	1.246154e-011	-1.246216e-011	1.212144e-001
1.000038446062110e-003	-7.498145e-002	-6.501865e-002	-5.000000e+000	-4.995400e+000	-4.599318e-003	-2.504981e+000	-2.495019e+000	-2.500000e+000	-2.500000e+000	-2.570000e+000	-2.570000e+000	2.081630e-007	-2.081630e-007	-1.211055e-001	1.211055e-001	-4.980840e-002	-1.245220e-011	1.245220e-011	-2.081507e-007	4.980860e-002	7.129716e-002	4.980840e-002	-9.198637e-008	9.198637e-008	1.245150e-011	-1.245155e-011	1.211056e-001
1.000075478932577e-003	-7.497168e-002	-6.502819e-002	-5.000000e+000	-4.990923e+000	-9.077158e-003	-2.504972e+000	-2.495028e+000	-2.500000e+000	-2.500000e+000	-2.570000e+000	-2.570000e+000	2.574563e-007	-2.574563e-007	-1.208881e-001	1.208881e-001	-4.971902e-002	-1.242988e-011	1.242988e-011	-2.574440e-007	4.971928e-002	7.116922e-002	4.971902e-002	-1.815432e-007	1.815432e-007	1.243077e-011	-1.243046e-011	1.208882e-001
1.000149544673510e-003	-7.495451e-002	-6.504560e-002	-5.000000e+000	-4.981997e+000	-1.800275e-002	-2.504954e+000	-2.495046e+000	-2.500000e+000	-2.500000e+000	-2.570000e+000	-2.570000e+000	2.325018e-007	-2.325018e-007	-1.204547e-001	1.204547e-001	-4.954086e-002	-1.238533e-011	1.238533e-011	-2.324895e-007	4.954109e-002	7.091420e-002	4.954086e-002	-3.600549e-007	3.600549e-007	1.238561e-011	-1.238577e-011	1.204551e-001
1.000297676155377e-003	-7.491851e-002	-6.508136e-002	-5.000000e+000	-4.964265e+000	-3.573437e-002	-2.504919e+000	-2.495081e+000	-2.500000e+000	-2.500000e+000	-2.570000e+000	-2.570000e+000	2.426398e-007	-2.426398e-007	-1.195938e-001	1.195938e-001	-4.918694e-002	-1.229686e-011	1.229686e-011	-2.426275e-007	4.918718e-002	7.040759e-002	4.918694e-002	-7.146874e-007	7.146874e-007	1.229590e-011	-1.229698e-011	1.195945e-001
1.000593939119110e-003	-7.484937e-002	-6.515074e-002	-5.000000e+000	-4.929274e+000	-7.072575e-002	-2.504849e+000	-2.495151e+000	-2.500000e+000	-2.500000e+000	-2.570000e+000	-2.570000e+000	2.333671e-007	-2.333671e-007	-1.178949e-001	1.178949e-001	-4.848851e-002	-1.212224e-011	1.212224e-011	-2.333551e-007	4.848874e-002	6.940784e-002	4.848851e-002	-1.414515e-006	1.414515e-006	1.212065e-011	-1.212252e-011	1.178963e-001
1.001186465046577e-003	-7.471228e-002	-6.528759e-002	-5.000000e+000	-4.860982e+000	-1.390173e-001	-2.504713e+000	-2.495287e+000	-2.500000e+000	-2.500000e+000	-2.570000e+000	-2.570000e+000	2.294980e-007	-2.294980e-007	-1.145793e-001	1.145793e-001	-4.712540e-002	-1.178146e-011	1.178146e-011	-2.294863e-007	4.712563e-002	6.745665e-002	4.712540e-002	-2.780347e-006	2.780347e-006	1.178039e-011	-1.178123e-011	1.145820e-001
1.002186465046577e-003	-7.449079e-002	-6.550932e-002	-5.000000e+000	-4.749667e+000	-2.503332e-001	-2.504490e+000	-2.495510e+000	-2.500000e+000	-2.500000e+000	-2.570000e+000	-2.570000e+000	2.179153e-007	-2.179153e-007	-1.091747e-001	1.091747e-001	-4.490353e-002	-1.122599e-011	1.122599e-011	-2.179040e-007	4.490375e-002	6.427620e-002	4.490353e-002	-5.006664e-006	5.006664e-006	1.122576e-011	-1.122569e-011	1.091797e-001
1.003186465046577e-003	-7.427740e-002	-6.572247e-002	-5.000000e+000	-4.643080e+000	-3.569204e-001	-2.504278e+000	-2.495722e+000	-2.500000e+000	-2.500000e+000	-2.570000e+000	-2.570000e+000	2.075868e-007	-2.075868e-007	-1.039997e-001	1.039997e-001	-4.277604e-002	-1.069411e-011	1.069411e-011	-2.075761e-007	4.277625e-002	6.123085e-002	4.277604e-002	-7.138408e-006	7.138408e-006	1.069413e-011	-1.069436e-011	1.040069e-001
1.004186465046577e-003	-7.407546e-002	-6.592464e-002	-5.000000e+000	-4.541545e+000	-4.584553e-001	-2.504075e+000	-2.495925e+000	-2.500000e+000	-2.500000e+000	-2.570000e+000	-2.570000e+000	1.977461e-007	-1.977461e-007	-9.907007e-002	9.907007e-002	-4.074939e-002	-1.018745e-011	1.018745e-011	-1.977359e-007	4.074959e-002	5.832985e-002	4.074939e-002	-9.169107e-006	9.169107e-006	1.018732e-011	-1.018669e-011	9.907924e-002
1.005186465046577e-003	-7.388163e-002	-6.611824e-002	-5.000000e+000	-4.444822e+000	-5.551774e-001	-2.503882e+000	-2.496118e+000	-2.500000e+000	-2.500000e+000	-2.570000e+000	-2.570000e+000	1.883736e-007	-1.883736e-007	-9.437407e-002	9.437407e-002	-3.881881e-002	-9.704798e-012	9.704798e-012	-1.883640e-007	3.881900e-002	5.556636e-002	3.881881e-002	-1.110355e-005	1.110355e-005	9.704746e-012	-9.703684e-012	9.438518e-002
1.006186465046576e-003	-7.369852e-002	-6.630158e-002	-5.000000e+000	-4.352685e+000	-6.473148e-001	-2.503698e+000	-2.496302e+000	-2.500000e+000	-2.500000e+000	-2.570000e+000	-2.570000e+000	1.794437e-007	-1.794437e-007	-8.990066e-002	8.990066e-002	-3.697974e-002	-9.245026e-012	9.245026e-012	-1.794346e-007	3.697992e-002	5.293386e-002	3.697974e-002	-1.294630e-005	1.294630e-005	9.245287e-012	-9.245129e-012	8.991361e-002
1.007186465046576e-003	-7.352257e-002	-6.647730e-002	-5.000000e+000	-4.264915e+000	-7.350848e-001	-2.503523e+000	-2.496477e+000	-2.500000e+000	-2.500000e+000	-2.570000e+000	-2.570000e+000	1.709388e-007	-1.709388e-007	-8.563930e-002	8.563930e-002	-3.522785e-002	-8.807048e-012	8.807048e-012	-1.709300e-007	3.522802e-002	5.042615e-002	3.522785e-002	-1.470169e-005	1.470169e-005	8.807300e-012	-8.807604e-012	8.565400e-002
1.009186465046576e-003	-7.319665e-002	-6.680322e-002	-5.000000e+000	-4.101659e+000	-8.983408e-001	-2.503197e+000	-2.496803e+000	-2.500000e+000	-2.500000e+000	-2.570000e+000	-2.570000e+000	1.551177e-007	-1.551177e-007	-7.771297e-002	7.771297e-002	-3.196925e-002	-7.992389e-012	7.992389e-012	-1.551096e-007	3.196940e-002	4.576169e-002	3.196925e-002	-1.796682e-005	1.796682e-005	7.991479e-012	-7.991370e-012	7.773094e-002
1.011186465046576e-003	-7.290077e-002	-6.709909e-002	-5.000000e+000	-3.953513e+000	-1.046487e+000	-2.502901e+000	-2.497099e+000	-2.500000e+000	-2.500000e+000	-2.570000e+000	-2.570000e+000	1.407608e-007	-1.407608e-007	-7.052026e-002	7.052026e-002	-2.901224e-002	-7.253130e-012	7.253130e-012	-1.407536e-007	2.901238e-002	4.152895e-002	2.901224e-002	-2.092973e-005	2.092973e-005	7.251987e-012	-7.251904e-012	7.054119e-002
1.013186465046576e-003	-7.263279e-002	-6.736708e-002	-5.000000e+000	-3.819079e+000	-1.180921e+000	-2.502633e+000	-2.497367e+000	-2.500000e+000	-2.500000e+000	-2.570000e+000	-2.570000e+000	1.277327e-007	-1.277327e-007	-6.399328e-002	6.399328e-002	-2.632892e-002	-6.582294e-012	6.582294e-012	-1.277262e-007	2.632905e-002	3.768797e-002	2.632892e-002	-2.361842e-005	2.361842e-005	6.584597e-012	-6.582324e-012	6.401689e-002
1.016186465046576e-003	-7.227683e-002	-6.772327e-002	-5.000000e+000	-3.640393e+000	-1.359607e+000	-2.502276e+000	-2.497724e+000	-2.500000e+000	-2.500000e+000	-2.570000e+000	-2.570000e+000	1.104154e-007	-1.104154e-007	-5.531780e-002	5.531780e-002	-2.276234e-002	-5.690639e-012	5.690639e-012	-1.104098e-007	2.276245e-002	3.258266e-002	2.276234e-002	-2.719214e-005	2.719214e-005	5.690899e-012	-5.690007e-012	5.534500e-002
1.019186465046575e-003	-7.196760e-002	-6.803226e-002	-5.000000e+000	-3.485931e+000	-1.514069e+000	-2.501968e+000	-2.498032e+000	-2.500000e+000	-2.500000e+000	-2.570000e+000	-2.570000e+000	9.544743e-008	-9.544743e-008	-4.781846e-002	4.781846e-002	-1.967927e-002	-4.919865e-012	4.919865e-012	-9.544243e-008	1.967936e-002	2.816947e-002	1.967927e-002	-3.028137e-005	3.028137e-005	4.921003e-012	-4.920600e-012	4.784874e-002
1.022186465046575e-003	-7.170177e-002	-6.829834e-002	-5.000000e+000	-3.352410e+000	-1.647590e+000	-2.501701e+000	-2.498299e+000	-2.500000e+000	-2.500000e+000	-2.570000e+000	-2.570000e+000	8.250692e-008	-8.250692e-008	-4.133578e-002	4.133578e-002	-1.701417e-002	-4.253583e-012	4.253584e-012	-8.250265e-008	1.701425e-002	2.435457e-002	1.701417e-002	-3.295180e-005	3.295180e-005	4.253937e-012	-4.253580e-012	4.136873e-002
1.025186465046575e-003	-7.147074e-002	-6.852913e-002	-5.000000e+000	-3.236989e+000	-1.763011e+000	-2.501471e+000	-2.498529e+000	-2.500000e+000	-2.500000e+000	-2.570000e+000	-2.570000e+000	7.132240e-008	-7.132240e-008	-3.573196e-002	3.573196e-002	-1.471037e-002	-3.677628e-012	3.677629e-012	-7.131871e-008	1.471044e-002	2.105685e-002	1.471037e-002	-3.526021e-005	3.526021e-005	3.679441e-012	-3.677798e-012	3.576722e-002
1.028186465046575e-003	-7.127213e-002	-6.872773e-002	-5.000000e+000	-3.137217e+000	-1.862783e+000	-2.501272e+000	-2.498728e+000	-2.500000e+000	-2.500000e+000	-2.570000e+000	-2.570000e+000	6.165249e-008	-6.165249e-008	-3.088783e-002	3.088783e-002	-1.271890e-002	-3.179754e-012	3.179755e-012	-6.164930e-008	1.271896e-002	1.820619e-002	1.271890e-002	-3.725567e-005	3.725567e-005	3.179662e-012	-3.180287e-012	3.092509e-002
1.031186465046574e-003	-7.109952e-002	-6.890035e-002	-5.000000e+000	-3.050970e+000	-1.949030e+000	-2.501100e+000	-2.498900e+000	-2.500000e+000	-2.500000e+000	-2.570000e+000	-2.570000e+000	5.329520e-008	-5.329520e-008	-2.670041e-002	2.670041e-002	-1.099740e-002	-2.749377e-012	2.749377e-012	-5.329247e-008	1.099745e-002	1.574199e-002	1.099740e-002	-3.898060e-005	3.898060e-005	2.751615e-012	-2.751396e-012	2.673939e-002
1.034186465046574e-003	-7.095098e-002	-6.904888e-002	-5.000000e+000	-2.976415e+000	-2.023585e+000	-2.500951e+000	-2.499049e+000	-2.500000e+000	-2.500000e+000	-2.570000e+000	-2.570000e+000	4.606920e-008	-4.606920e-008	-2.308068e-002	2.308068e-002	-9.509287e-003	-2.377345e-012	2.377345e-012	-4.606687e-008	9.509333e-003	1.361187e-002	9.509287e-003	-4.047170e-005	4.047170e-005	2.379636e-012	-2.377247e-012	2.312115e-002
1.037186465046574e-003	-7.082200e-002	-6.917787e-002	-5.000000e+000	-2.911968e+000	-2.088032e+000	-2.500822e+000	-2.499178e+000	-2.500000e+000	-2.500000e+000	-2.570000e+000	-2.570000e+000	3.982456e-008	-3.982456e-008	-1.995167e-002	1.995167e-002	-8.222914e-003	-2.055748e-012	2.055749e-012	-3.982245e-008	8.222954e-003	1.177051e-002	8.222914e-003	-4.176064e-005	4.176064e-005	2.055510e-012	-2.055383e-012	1.999343e-002
1.040186465046574e-003	-7.071137e-002	-6.928849e-002	-5.000000e+000	-2.856258e+000	-2.143742e+000	-2.500711e+000	-2.499289e+000	-2.500000e+000	-2.500000e+000	-2.570000e+000	-2.570000e+000	3.442472e-008	-3.442472e-008	-1.724685e-002	1.724685e-002	-7.110933e-003	-1.777750e-012	1.777751e-012	-3.442290e-008	7.110968e-003	1.017879e-002	7.110933e-003	-4.287484e-005	4.287484e-005	1.777399e-012	-1.775988e-012	1.728973e-002
1.043186465046573e-003	-7.061481e-002	-6.938505e-002	-5.000000e+000	-2.808100e+000	-2.191900e+000	-2.500615e+000	-2.499385e+000	-2.500000e+000	-2.500000e+000	-2.570000e+000	-2.570000e+000	2.975867e-008	-2.975867e-008	-1.490872e-002	1.490872e-002	-6.149702e-003	-1.537440e-012	1.537441e-012	-2.975708e-008	6.149732e-003	8.802859e-003	6.149702e-003	-4.383800e-005	4.383800e-005	1.537994e-012	-1.536184e-012	1.495256e-002
1.046186465046573e-003	-7.053208e-002	-6.946778e-002	-5.000000e+000	-2.766471e+000	-2.233529e+000	-2.500532e+000	-2.499468e+000	-2.500000e+000	-2.500000e+000	-2.570000e+000	-2.570000e+000	2.572358e-008	-2.572358e-008	-1.288757e-002	1.288757e-002	-5.318783e-003	-1.329708e-012	1.329709e-012	-2.572216e-008	5.318809e-003	7.613458e-003	5.318783e-003	-4.467058e-005	4.467058e-005	1.330506e-012	-1.330065e-012	1.293224e-002
1.049186465046573e-003	-7.045984e-002	-6.954002e-002	-5.000000e+000	-2.730485e+000	-2.269515e+000	-2.500460e+000	-2.499540e+000	-2.500000e+000	-2.500000e+000	-2.570000e+000	-2.570000e+000	2.223703e-008	-2.223703e-008	-1.114042e-002	1.114042e-002	-4.600510e-003	-1.150139e-012	1.150139e-012	-2.223589e-008	4.600533e-003	6.585303e-003	4.600510e-003	-4.539029e-005	4.539029e-005	1.149574e-012	-1.148290e-012	1.118581e-002
1.052186465046573e-003	-7.039809e-002	-6.960177e-002	-5.000000e+000	-2.699378e+000	-2.300622e+000	-2.500398e+000	-2.499602e+000	-2.500000e+000	-2.500000e+000	-2.570000e+000	-2.570000e+000	1.922149e-008	-1.922149e-008	-9.630132e-003	9.630132e-003	-3.979613e-003	-9.949127e-013	9.949131e-013	-1.922058e-008	3.979633e-003	5.696532e-003	3.979613e-003	-4.601243e-005	4.601243e-005	9.943305e-013	-9.930938e-013	9.676145e-003
1.055186465046572e-003	-7.034397e-002	-6.965590e-002	-5.000000e+000	-2.672489e+000	-2.327511e+000	-2.500344e+000	-2.499656e+000	-2.500000e+000	-2.500000e+000	-2.570000e+000	-2.570000e+000	1.661658e-008	-1.661658e-008	-8.324591e-003	8.324591e-003	-3.442890e-003	-8.607306e-013	8.607310e-013	-1.661567e-008	3.442907e-003	4.928251e-003	3.442890e-003	-4.655022e-005	4.655022e-005	8.610666e-013	-8.612111e-013	8.371141e-003
1.058186465046572e-003	-7.029819e-002	-6.970167e-002	-5.000000e+000	-2.649244e+000	-2.350756e+000	-2.500298e+000	-2.499702e+000	-2.500000e+000	-2.500000e+000	-2.570000e+000	-2.570000e+000	1.436302e-008	-1.436302e-008	-7.196039e-003	7.196039e-003	-2.978930e-003	-7.447393e-013	7.447398e-013	-1.436229e-008	2.978944e-003	4.264125e-003	2.978930e-003	-4.701511e-005	4.701511e-005	7.448569e-013	-7.432702e-013	7.243054e-003
1.061186465046572e-003	-7.025743e-002	-6.974244e-002	-5.000000e+000	-2.629151e+000	-2.370849e+000	-2.500258e+000	-2.499742e+000	-2.500000e+000	-2.500000e+000	-2.570000e+000	-2.570000e+000	1.241671e-008	-1.241671e-008	-6.220483e-003	6.220483e-003	-2.577867e-003	-6.444728e-013	6.444733e-013	-1.241602e-008	2.577880e-003	3.690033e-003	2.577867e-003	-4.741698e-005	4.741698e-005	6.443325e-013	-6.427948e-013	6.267900e-003
1.064186465046572e-003	-7.022333e-002	-6.977654e-002	-5.000000e+000	-2.611782e+000	-2.388218e+000	-2.500223e+000	-2.499777e+000	-2.500000e+000	-2.500000e+000	-2.570000e+000	-2.570000e+000	1.073255e-008	-1.073255e-008	-5.377182e-003	5.377182e-003	-2.231177e-003	-5.577992e-013	5.577998e-013	-1.073198e-008	2.231187e-003	3.193770e-003	2.231177e-003	-4.776436e-005	4.776436e-005	5.592187e-013	-5.577240e-013	5.424947e-003
1.067186465046571e-003	-7.019281e-002	-6.980705e-002	-5.000000e+000	-2.596767e+000	-2.403233e+000	-2.500193e+000	-2.499807e+000	-2.500000e+000	-2.500000e+000	-2.570000e+000	-2.570000e+000	9.278381e-009	-9.278381e-009	-4.648206e-003	4.648206e-003	-1.931486e-003	-4.828759e-013	4.828764e-013	-9.277926e-009	1.931495e-003	2.764784e-003	1.931486e-003	-4.806465e-005	4.806465e-005	4.840557e-013	-4.826068e-013	4.696270e-003
1.070186465046571e-003	-7.016730e-002	-6.983256e-002	-5.000000e+000	-2.583788e+000	-2.416212e+000	-2.500167e+000	-2.499833e+000	-2.500000e+000	-2.500000e+000	-2.570000e+000	-2.570000e+000	8.019697e-009	-8.019640e-009	-4.018056e-003	4.018056e-003	-1.672424e-003	-4.181098e-013	4.181103e-013	-8.019299e-009	1.672432e-003	2.393956e-003	1.672424e-003	-4.832423e-005	4.832423e-005	4.200355e-013	-4.181844e-013	4.066380e-003
1.073186465046571e-003	-7.014465e-002	-6.985521e-002	-5.000000e+000	-2.572569e+000	-2.427431e+000	-2.500145e+000	-2.499855e+000	-2.500000e+000	-2.500000e+000	-2.570000e+000	-2.570000e+000	6.933362e-009	-6.933362e-009	-3.473334e-003	3.473334e-003	-1.448483e-003	-3.621239e-013	3.621245e-013	-6.932908e-009	1.448490e-003	2.073400e-003	1.448483e-003	-4.854862e-005	4.854862e-005	3.650734e-013	-3.628246e-013	3.521883e-003
1.076186465046571e-003	-7.012558e-002	-6.987429e-002	-5.000000e+000	-2.562871e+000	-2.437129e+000	-2.500125e+000	-2.499875e+000	-2.500000e+000	-2.500000e+000	-2.570000e+000	-2.570000e+000	5.992490e-009	-5.992490e-009	-3.002460e-003	3.002460e-003	-1.254901e-003	-3.137280e-013	3.137285e-013	-5.992263e-009	1.254907e-003	1.796301e-003	1.254901e-003	-4.874259e-005	4.874259e-005	3.129751e-013	-3.138865e-013	3.051203e-003
1.079186465046570e-003	-7.010841e-002	-6.989145e-002	-5.000000e+000	-2.554487e+000	-2.445513e+000	-2.500109e+000	-2.499891e+000	-2.500000e+000	-2.500000e+000	-2.570000e+000	-2.570000e+000	5.180937e-009	-5.180937e-009	-2.595421e-003	2.595421e-003	-1.087563e-003	-2.718930e-013	2.718936e-013	-5.180652e-009	1.087568e-003	1.556769e-003	1.087563e-003	-4.891026e-005	4.891026e-005	2.719489e-013	-2.711334e-013	2.644331e-003
1.082186465046570e-003	-7.009435e-002	-6.990552e-002	-5.000000e+000	-2.547240e+000	-2.452760e+000	-2.500094e+000	-2.499906e+000	-2.500000e+000	-2.500000e+000	-2.570000e+000	-2.570000e+000	4.477783e-009	-4.477783e-009	-2.243564e-003	2.243564e-003	-9.429103e-004	-2.357295e-013	2.357301e-013	-4.477556e-009	9.429147e-004	1.349709e-003	9.429103e-004	-4.905520e-005	4.905520e-005	2.369127e-013	-2.361466e-013	2.292619e-003
1.085186465046570e-003	-7.008147e-002	-6.991839e-002	-5.000000e+000	-2.540975e+000	-2.459025e+000	-2.500082e+000	-2.499918e+000	-2.500000e+000	-2.500000e+000	-2.570000e+000	-2.570000e+000	3.871548e-009	-3.871548e-009	-1.939407e-003	1.939407e-003	-8.178681e-004	-2.044686e-013	2.044693e-013	-3.871321e-009	8.178719e-004	1.170720e-003	8.178681e-004	-4.918050e-005	4.918050e-005	2.039278e-013	-2.027651e-013	1.988588e-003
1.088186465046570e-003	-7.007122e-002	-6.992865e-002	-5.000000e+000	-2.535560e+000	-2.464440e+000	-2.500071e+000	-2.499929e+000	-2.500000e+000	-2.500000e+000	-2.570000e+000	-2.570000e+000	3.345860e-009	-3.345860e-009	-1.676485e-003	1.676485e-003	-7.097777e-004	-1.774458e-013	1.774464e-013	-3.345633e-009	7.097811e-004	1.015996e-003	7.097777e-004	-4.928880e-005	4.928880e-005	1.784451e-013	-1.773256e-013	1.725774e-003
1.091186465046569e-003	-7.006121e-002	-6.993866e-002	-5.000000e+000	-2.530879e+000	-2.469121e+000	-2.500062e+000	-2.499938e+000	-2.500000e+000	-2.500000e+000	-2.570000e+000	-2.570000e+000	2.893046e-009	-2.893046e-009	-1.449206e-003	1.449206e-003	-6.163409e-004	-1.540864e-013	1.540870e-013	-2.892989e-009	6.163438e-004	8.822480e-004	6.163409e-004	-4.938243e-005	4.938243e-005	1.552671e-013	-1.528643e-013	1.498589e-003
1.094186465046569e-003	-7.005382e-002	-6.994605e-002	-5.000000e+000	-2.526832e+000	-2.473168e+000	-2.500054e+000	-2.499946e+000	-2.500000e+000	-2.500000e+000	-2.570000e+000	-2.570000e+000	2.500030e-009	-2.500030e-009	-1.252740e-003	1.252740e-003	-5.355712e-004	-1.338937e-013	1.338944e-013	-2.499974e-009	5.355738e-004	7.666320e-004	5.355712e-004	-4.946336e-005	4.946336e-005	1.342041e-013	-1.331832e-013	1.302203e-003
1.097186465046569e-003	-7.004642e-002	-6.995344e-002	-5.000000e+000	-2.523334e+000	-2.476666e+000	-2.500047e+000	-2.499953e+000	-2.500000e+000	-2.500000e+000	-2.570000e+000	-2.570000e+000	2.161926e-009	-2.161926e-009	-1.082908e-003	1.082908e-003	-4.657513e-004	-1.164386e-013	1.164393e-013	-2.161812e-009	4.657535e-004	6.666898e-004	4.657513e-004	-4.953332e-005	4.953332e-005	1.154879e-013	-1.145106e-013	1.132441e-003
1.100186465046569e-003	-7.004070e-002	-6.995916e-002	-5.000000e+000	-2.520310e+000	-2.479690e+000	-2.500041e+000	-2.499959e+000	-2.500000e+000	-2.500000e+000	-2.570000e+000	-2.570000e+000	1.868045e-009	-1.868045e-009	-9.360997e-004	9.360997e-004	-4.053969e-004	-1.013498e-013	1.013505e-013	-1.867932e-009	4.053987e-004	5.802966e-004	4.053969e-004	-4.959379e-005	4.959379e-005	1.016485e-013	-1.002796e-013	9.856935e-004
1.103186465046568e-003	-7.003498e-002	-6.996489e-002	-5.000000e+000	-2.517697e+000	-2.482303e+000	-2.500035e+000	-2.499965e+000	-2.500000e+000	-2.500000e+000	-2.570000e+000	-2.570000e+000	1.615604e-009	-1.615604e-009	-8.091941e-004	8.091941e-004	-3.532245e-004	-8.830657e-014	8.830730e-014	-1.615490e-009	3.532261e-004	5.056157e-004	3.532245e-004	-4.964607e-005	4.964607e-005	8.900281e-014	-8.812569e-014	8.588402e-004
1.106186465046568e-003	-7.003093e-002	-6.996894e-002	-5.000000e+000	-2.515437e+000	-2.484563e+000	-2.500031e+000	-2.499969e+000	-2.500000e+000	-2.500000e+000	-2.570000e+000	-2.570000e+000	1.395790e-009	-1.395790e-009	-6.994929e-004	6.994929e-004	-3.081251e-004	-7.703160e-014	7.703235e-014	-1.395676e-009	3.081265e-004	4.410591e-004	3.081251e-004	-4.969126e-005	4.969126e-005	7.833838e-014	-7.750636e-014	7.491842e-004
1.109186465046568e-003	-7.002664e-002	-6.997323e-002	-5.000000e+000	-2.513484e+000	-2.486516e+000	-2.500027e+000	-2.499973e+000	-2.500000e+000	-2.500000e+000	-2.570000e+000	-2.570000e+000	1.207354e-009	-1.207354e-009	-6.046637e-004	6.046637e-004	-2.691398e-004	-6.728517e-014	6.728593e-014	-1.207354e-009	2.691410e-004	3.852543e-004	2.691398e-004	-4.973032e-005	4.973032e-005	6.742328e-014	-6.574667e-014	6.543941e-004
1.112186465046568e-003	-7.002378e-002	-6.997609e-002	-5.000000e+000	-2.511796e+000	-2.488204e+000	-2.500024e+000	-2.499976e+000	-2.500000e+000	-2.500000e+000	-2.570000e+000	-2.570000e+000	1.042906e-009	-1.042906e-009	-5.226905e-004	5.226905e-004	-2.354396e-004	-5.886003e-014	5.886081e-014	-1.042793e-009	2.354406e-004	3.370150e-004	2.354396e-004	-4.976409e-005	4.976409e-005	5.963871e-014	-5.845953e-014	5.724545e-004
1.115186465046567e-003	-7.002020e-002	-6.997967e-002	-5.000000e+000	-2.510336e+000	-2.489664e+000	-2.500021e+000	-2.499979e+000	-2.500000e+000	-2.500000e+000	-2.570000e+000	-2.570000e+000	9.023324e-010	-9.023324e-010	-4.518301e-004	4.518301e-004	-2.063081e-004	-5.157708e-014	5.157787e-014	-9.021619e-010	2.063090e-004	2.953153e-004	2.063081e-004	-4.979328e-005	4.979328e-005	5.180253e-014	-5.022653e-014	5.016234e-004
1.118186465046567e-003	-7.001829e-002	-6.998158e-002	-5.000000e+000	-2.509074e+000	-2.490926e+000	-2.500018e+000	-2.499982e+000	-2.500000e+000	-2.500000e+000	-2.570000e+000	-2.570000e+000	7.790959e-010	-7.790959e-010	-3.905762e-004	3.905762e-004	-1.811259e-004	-4.528146e-014	4.528227e-014	-7.790959e-010	1.811267e-004	2.592688e-004	1.811259e-004	-4.981851e-005	4.981851e-005	4.514206e-014	-4.361355e-014	4.403947e-004
1.121186465046567e-003	-7.001567e-002	-6.998420e-002	-5.000000e+000	-2.507984e+000	-2.492016e+000	-2.500016e+000	-2.499984e+000	-2.500000e+000	-2.500000e+000	-2.570000e+000	-2.570000e+000	6.743335e-010	-6.743335e-010	-3.376264e-004	3.376264e-004	-1.593576e-004	-3.983933e-014	3.984016e-014	-6.743335e-010	1.593583e-004	2.281091e-004	1.593576e-004	-4.984032e-005	4.984032e-005	4.021111e-014	-4.005954e-014	3.874667e-004
1.124186465046567e-003	-7.001424e-002	-6.998563e-002	-5.000000e+000	-2.507041e+000	-2.492959e+000	-2.500014e+000	-2.499986e+000	-2.500000e+000	-2.500000e+000	-2.570000e+000	-2.570000e+000	5.821335e-010	-5.821335e-010	-2.918549e-004	2.918549e-004	-1.405405e-004	-3.513498e-014	3.513583e-014	-5.820766e-010	1.405410e-004	2.011736e-004	1.405405e-004	-4.985918e-005	4.985918e-005	3.583375e-014	-3.528666e-014	3.417141e-004
1.127186465046566e-003	-7.001209e-002	-6.998777e-002	-5.000000e+000	-2.506226e+000	-2.493774e+000	-2.500012e+000	-2.499988e+000	-2.500000e+000	-2.500000e+000	-2.570000e+000	-2.570000e+000	5.040306e-010	-5.040306e-010	-2.522886e-004	2.522886e-004	-1.242743e-004	-3.106840e-014	3.106926e-014	-5.039738e-010	1.242748e-004	1.778898e-004	1.242743e-004	-4.987548e-005	4.987548e-005	3.157609e-014	-3.019221e-014	3.021641e-004
1.130186465046566e-003	-7.001114e-002	-6.998873e-002	-5.000000e+000	-2.505522e+000	-2.494478e+000	-2.500011e+000	-2.499989e+000	-2.500000e+000	-2.500000e+000	-2.570000e+000	-2.570000e+000	4.348522e-010	-4.348522e-010	-2.180862e-004	2.180862e-004	-1.102133e-004	-2.755310e-014	2.755399e-014	-4.348522e-010	1.102137e-004	1.577625e-004	1.102133e-004	-4.988957e-005	4.988957e-005	2.811141e-014	-2.632790e-014	2.679758e-004
1.133186465046566e-003	-7.000947e-002	-6.999040e-002	-5.000000e+000	-2.504913e+000	-2.495087e+000	-2.500010e+000	-2.499990e+000	-2.500000e+000	-2.500000e+000	-2.570000e+000	-2.570000e+000	3.767013e-010	-3.767013e-010	-1.885206e-004	1.885206e-004	-9.805855e-005	-2.451438e-014	2.451527e-014	-3.767013e-010	9.805892e-005	1.403638e-004	9.805855e-005	-4.990174e-005	4.990174e-005	2.474540e-014	-2.434403e-014	2.384224e-004
1.136186465046566e-003	-7.000899e-002	-6.999087e-002	-5.000000e+000	-2.504386e+000	-2.495614e+000	-2.500009e+000	-2.499991e+000	-2.500000e+000	-2.500000e+000	-2.570000e+000	-2.570000e+000	3.249170e-010	-3.249170e-010	-1.629632e-004	1.629632e-004	-8.755160e-005	-2.188760e-014	2.188852e-014	-3.248033e-010	8.755192e-005	1.253239e-004	8.755160e-005	-4.991227e-005	4.991227e-005	2.100295e-014	-1.931528e-014	2.128754e-004
1.139186465046565e-003	-7.000756e-002	-6.999230e-002	-5.000000e+000	-2.503931e+000	-2.496069e+000	-2.500008e+000	-2.499992e+000	-2.500000e+000	-2.500000e+000	-2.570000e+000	-2.570000e+000	2.816591e-010	-2.816591e-010	-1.408705e-004	1.408705e-004	-7.846904e-005	-1.961694e-014	1.961787e-014	-2.816023e-010	7.846933e-005	1.123228e-004	7.846904e-005	-4.992137e-005	4.992137e-005	2.038170e-014	-1.874130e-014	1.907919e-004
1.142186465046565e-003	-7.000732e-002	-6.999254e-002	-5.000000e+000	-2.503538e+000	-2.496462e+000	-2.500007e+000	-2.499993e+000	-2.500000e+000	-2.500000e+000	-2.570000e+000	-2.570000e+000	2.426077e-010	-2.426077e-010	-1.217729e-004	1.217729e-004	-7.061781e-005	-1.765410e-014	1.765505e-014	-2.426077e-010	7.061805e-005	1.010843e-004	7.061781e-005	-4.992924e-005	4.992924e-005	1.791297e-014	-1.676177e-014	1.717022e-004
1.145186465046565e-003	-7.000613e-002	-6.999373e-002	-5.000000e+000	-2.503198e+000	-2.496802e+000	-2.500006e+000	-2.499994e+000	-2.500000e+000	-2.500000e+000	-2.570000e+000	-2.570000e+000	2.105480e-010	-2.105480e-010	-1.052643e-004	1.052643e-004	-6.383095e-005	-1.595736e-014	1.595833e-014	-2.104343e-010	6.383116e-005	9.136944e-005	6.383095e-005	-4.993604e-005	4.993604e-005	1.662190e-014	-1.551580e-014	1.552004e-004
1.148186465046565e-003	-7.000589e-002	-6.999397e-002	-5.000000e+000	-2.502904e+000	-2.497096e+000	-2.500006e+000	-2.499994e+000	-2.500000e+000	-2.500000e+000	-2.570000e+000	-2.570000e+000	1.811600e-010	-1.811600e-010	-9.099382e-005	9.099382e-005	-5.796417e-005	-1.449064e-014	1.449163e-014	-1.811600e-010	5.796435e-005	8.297157e-005	5.796417e-005	-4.994192e-005	4.994192e-005	1.478223e-014	-1.327389e-014	1.409357e-004
1.151186465046564e-003	-7.000494e-002	-6.999493e-002	-5.000000e+000	-2.502650e+000	-2.497350e+000	-2.500005e+000	-2.499995e+000	-2.500000e+000	-2.500000e+000	-2.570000e+000	-2.570000e+000	1.573994e-010	-1.573994e-010	-7.865793e-005	7.865793e-005	-5.289275e-005	-1.322276e-014	1.322377e-014	-1.573994e-010	5.289290e-005	7.571219e-005	5.289275e-005	-4.994700e-005	4.994700e-005	1.467771e-014	-1.365986e-014	1.286049e-004
1.154186465046564e-003	-7.000494e-002	-6.999493e-002	-5.000000e+000	-2.502430e+000	-2.497570e+000	-2.500005e+000	-2.499995e+000	-2.500000e+000	-2.500000e+000	-2.570000e+000	-2.570000e+000	1.352305e-010	-1.352305e-010	-6.799440e-005	6.799440e-005	-4.850885e-005	-1.212677e-014	1.212779e-014	-1.352305e-010	4.850898e-005	6.943695e-005	4.850885e-005	-4.995139e-005	4.995139e-005	1.251625e-014	-1.199106e-014	1.179458e-004
1.157186465046564e-003	-7.000422e-002	-6.999564e-002	-5.000000e+000	-2.502240e+000	-2.497760e+000	-2.500005e+000	-2.499995e+000	-2.500000e+000	-2.500000e+000	-2.570000e+000	-2.570000e+000	1.176659e-010	-1.176659e-010	-5.877650e-005	5.877650e-005	-4.471927e-005	-1.117936e-014	1.118039e-014	-1.176659e-010	4.471938e-005	6.401243e-005	4.471927e-005	-4.995519e-005	4.995519e-005	1.110201e-014	-1.018369e-014	1.087317e-004
1.160186465046563e-003	-7.000422e-002	-6.999564e-002	-5.000000e+000	-2.502076e+000	-2.497924e+000	-2.500004e+000	-2.499996e+000	-2.500000e+000	-2.500000e+000	-2.570000e+000	-2.570000e+000	1.010108e-010	-1.010108e-010	-5.080827e-005	5.080827e-005	-4.144343e-005	-1.036038e-014	1.036144e-014	-1.010108e-010	4.144353e-005	5.932331e-005	4.144343e-005	-4.995847e-005	4.995847e-005	1.244729e-014	-1.068807e-014	1.007667e-004
1.163186465046563e-003	-7.000351e-002	-6.999636e-002	-5.000000e+000	-2.501935e+000	-2.498065e+000	-2.500004e+000	-2.499996e+000	-2.500000e+000	-2.500000e+000	-2.570000e+000	-2.570000e+000	8.805046e-011	-8.805046e-011	-4.392027e-005	4.392027e-005	-3.861170e-005	-9.652432e-015	9.653504e-015	-8.805046e-011	3.861178e-005	5.526988e-005	3.861170e-005	-4.996131e-005	4.996131e-005	7.381465e-015	-6.107745e-015	9.388158e-005
1.166186465046563e-003	-7.000375e-002	-6.999612e-002	-5.000000e+000	-2.501812e+000	-2.498188e+000	-2.500004e+000	-2.499996e+000	-2.500000e+000	-2.500000e+000	-2.570000e+000	-2.570000e+000	7.543122e-011	-7.543122e-011	-3.796607e-005	3.796607e-005	-3.616385e-005	-9.040457e-015	9.041546e-015	-7.543122e-011	3.616393e-005	5.176598e-005	3.616385e-005	-4.996376e-005	4.996376e-005	1.052066e-014	-8.847957e-015	8.792983e-005
1.169186465046563e-003	-7.000303e-002	-6.999683e-002	-5.000000e+000	-2.501706e+000	-2.498294e+000	-2.500003e+000	-2.499997e+000	-2.500000e+000	-2.500000e+000	-2.570000e+000	-2.570000e+000	6.593837e-011	-6.593837e-011	-3.281907e-005	3.281907e-005	-3.404787e-005	-8.511445e-015	8.512552e-015	-6.593837e-011	3.404793e-005	4.873709e-005	3.404787e-005	-4.996589e-005	4.996589e-005	9.050703e-015	-7.424833e-015	8.278495e-005
1.172186465046562e-003	-7.000351e-002	-6.999636e-002	-5.000000e+000	-2.501614e+000	-2.498386e+000	-2.500003e+000	-2.499997e+000	-2.500000e+000	-2.500000e+000	-2.570000e+000	-2.570000e+000	5.621814e-011	-5.621814e-011	-2.836984e-005	2.836984e-005	-3.221873e-005	-8.054150e-015	8.055274e-015	-5.621814e-011	3.221879e-005	4.611882e-005	3.221873e-005	-4.996772e-005	4.996772e-005	8.535056e-015	-6.056136e-015	7.833755e-005
1.175186465046562e-003	-7.000279e-002	-6.999707e-002	-5.000000e+000	-2.501535e+000	-2.498465e+000	-2.500003e+000	-2.499997e+000	-2.500000e+000	-2.500000e+000	-2.570000e+000	-2.570000e+000	4.934009e-011	-4.934009e-011	-2.452378e-005	2.452378e-005	-3.063758e-005	-7.658848e-015	7.659990e-015	-4.934009e-011	3.063763e-005	4.385551e-005	3.063758e-005	-4.996930e-005	4.996930e-005	8.898698e-015	-7.798016e-015	7.449308e-005
1.178186465046562e-003	-7.000303e-002	-6.999683e-002	-5.000000e+000	-2.501467e+000	-2.498533e+000	-2.500003e+000	-2.499997e+000	-2.500000e+000	-2.500000e+000	-2.570000e+000	-2.570000e+000	4.189360e-011	-4.189360e-011	-2.119913e-005	2.119913e-005	-2.927078e-005	-7.317136e-015	7.318294e-015	-4.189360e-011	2.927082e-005	4.189903e-005	2.927078e-005	-4.997067e-005	4.997067e-005	8.971122e-015	-7.033436e-015	7.116980e-005
1.181186465046562e-003	-7.000256e-002	-6.999731e-002	-5.000000e+000	-2.501407e+000	-2.498593e+000	-2.500003e+000	-2.499997e+000	-2.500000e+000	-2.500000e+000	-2.570000e+000	-2.570000e+000	3.700507e-011	-3.689138e-011	-1.832520e-005	1.832520e-005	-2.808927e-005	-7.021747e-015	7.022924e-015	-3.689138e-011	2.808931e-005	4.020778e-005	2.808927e-005	-4.997186e-005	4.997186e-005	7.861767e-015	-5.968967e-015	6.829706e-005
1.184186465046561e-003	-7.000279e-002	-6.999707e-002	-5.000000e+000	-2.501356e+000	-2.498644e+000	-2.500003e+000	-2.499997e+000	-2.500000e+000	-2.500000e+000	-2.570000e+000	-2.570000e+000	3.120704e-011	-3.120704e-011	-1.584088e-005	1.584088e-005	-2.706794e-005	-6.766403e-015	6.767597e-015	-3.120704e-011	2.706797e-005	3.874582e-005	2.706794e-005	-4.997288e-005	4.997288e-005	8.501663e-015	-7.993389e-015	6.581376e-005
1.187186465046561e-003	-7.000232e-002	-6.999755e-002	-5.000000e+000	-2.501312e+000	-2.498688e+000	-2.500003e+000	-2.499997e+000	-2.500000e+000	-2.500000e+000	-2.570000e+000	-2.570000e+000	2.773959e-011	-2.773959e-011	-1.369336e-005	1.369336e-005	-2.618507e-005	-6.545675e-015	6.546886e-015	-2.773959e-011	2.618509e-005	3.748205e-005	2.618507e-005	-4.997376e-005	4.997376e-005	7.805388e-015	-6.455773e-015	6.366712e-005
1.190186465046561e-003	-7.000279e-002	-6.999707e-002	-5.000000e+000	-2.501274e+000	-2.498726e+000	-2.500003e+000	-2.499997e+000	-2.500000e+000	-2.500000e+000	-2.570000e+000	-2.570000e+000	2.324896e-011	-2.319211e-011	-1.183697e-005	1.183697e-005	-2.542188e-005	-6.354868e-015	6.356097e-015	-2.319211e-011	2.542191e-005	3.638961e-005	2.542188e-005	-4.997453e-005	4.997453e-005	5.819130e-015	-4.517220e-015	6.181149e-005
1.193186465046561e-003	-7.000208e-002	-6.999779e-002	-5.000000e+000	-2.501241e+000	-2.498759e+000	-2.500002e+000	-2.499998e+000	-2.500000e+000	-2.500000e+000	-2.570000e+000	-2.570000e+000	2.080469e-011	-2.080469e-011	-1.023225e-005	1.023225e-005	-2.476216e-005	-6.189929e-015	6.191175e-015	-2.080469e-011	2.476219e-005	3.544527e-005	2.476216e-005	-4.997519e-005	4.997519e-005	7.961513e-015	-5.375908e-015	6.020744e-005
1.196186465046560e-003	-7.000256e-002	-6.999731e-002	-5.000000e+000	-2.501212e+000	-2.498788e+000	-2.500002e+000	-2.499998e+000	-2.500000e+000	-2.500000e+000	-2.570000e+000	-2.570000e+000	1.716671e-011	-1.716671e-011	-8.845079e-006	8.845079e-006	-2.419188e-005	-6.047348e-015	6.048611e-015	-1.716671e-011	2.419190e-005	3.462895e-005	2.419188e-005	-4.997576e-005	4.997576e-005	8.181173e-015	-5.642839e-015	5.882084e-005
1.199186465046560e-003	-7.000208e-002	-6.999779e-002	-5.000000e+000	-2.501187e+000	-2.498813e+000	-2.500002e+000	-2.499998e+000	-2.500000e+000	-2.500000e+000	-2.570000e+000	-2.570000e+000	1.563194e-011	-1.563194e-011	-7.645966e-006	7.645966e-006	-2.369891e-005	-5.924096e-015	5.925377e-015	-1.557510e-011	2.369893e-005	3.392330e-005	2.369891e-005	-4.997625e-005	4.997625e-005	6.543811e-015	-5.825635e-015	5.762222e-005
1.202186465046560e-003	-7.000256e-002	-6.999731e-002	-5.000000e+000	-2.501166e+000	-2.498834e+000	-2.500002e+000	-2.499998e+000	-2.500000e+000	-2.500000e+000	-2.570000e+000	-2.570000e+000	1.278977e-011	-1.278977e-011	-6.609414e-006	6.609414e-006	-2.327278e-005	-5.817551e-015	5.818850e-015	-1.278977e-011	2.327279e-005	3.331332e-005	2.327278e-005	-4.997668e-005	4.997668e-005	7.797148e-015	-5.798964e-015	5.658610e-005
1.205186465046560e-003	-7.000208e-002	-6.999779e-002	-5.000000e+000	-2.501148e+000	-2.498852e+000	-2.500002e+000	-2.499998e+000	-2.500000e+000	-2.500000e+000	-2.570000e+000	-2.570000e+000	1.182343e-011	-1.182343e-011	-5.713386e-006	5.713386e-006	-2.290441e-005	-5.725451e-015	5.726766e-015	-1.182343e-011	2.290442e-005	3.278603e-005	2.290441e-005	-4.997705e-005	4.997705e-005	5.709842e-015	-4.644288e-015	5.569043e-005
1.208186465046559e-003	-7.000232e-002	-6.999755e-002	-5.000000e+000	-2.501132e+000	-2.498868e+000	-2.500002e+000	-2.499998e+000	-2.500000e+000	-2.500000e+000	-2.570000e+000	-2.570000e+000	9.436008e-012	-9.436008e-012	-4.938831e-006	4.938831e-006	-2.258598e-005	-5.645834e-015	5.647166e-015	-9.436008e-012	2.258599e-005	3.233022e-005	2.258598e-005	-4.997737e-005	4.997737e-005	3.212708e-015	-3.523440e-015	5.491620e-005
1.211186465046559e-003	-7.000184e-002	-6.999803e-002	-5.000000e+000	-2.501118e+000	-2.498882e+000	-2.500002e+000	-2.499998e+000	-2.500000e+000	-2.500000e+000	-2.570000e+000	-2.570000e+000	8.867573e-012	-8.867573e-012	-4.269281e-006	4.269281e-006	-2.231072e-005	-5.577010e-015	5.578360e-015	-8.867573e-012	2.231073e-005	3.193620e-005	2.231072e-005	-4.997765e-005	4.997765e-005	6.790358e-015	-5.820214e-015	5.424693e-005
1.214186465046559e-003	-7.000232e-002	-6.999755e-002	-5.000000e+000	-2.501106e+000	-2.498894e+000	-2.500002e+000	-2.499998e+000	-2.500000e+000	-2.500000e+000	-2.570000e+000	-2.570000e+000	6.991741e-012	-6.991741e-012	-3.690502e-006	3.690502e-006	-2.207278e-005	-5.517515e-015	5.518882e-015	-6.991741e-012	2.207279e-005	3.159561e-005	2.207278e-005	-4.997788e-005	4.997788e-005	6.266689e-015	-5.344249e-015	5.366838e-005
1.217186465046559e-003	-7.000184e-002	-6.999803e-002	-5.000000e+000	-2.501096e+000	-2.498904e+000	-2.500002e+000	-2.499998e+000	-2.500000e+000	-2.500000e+000	-2.570000e+000	-2.570000e+000	6.764367e-012	-6.764367e-012	-3.190186e-006	3.190186e-006	-2.186709e-005	-5.466084e-015	5.467469e-015	-6.764367e-012	2.186710e-005	3.130118e-005	2.186709e-005	-4.997809e-005	4.997809e-005	4.286935e-015	-2.962474e-015	5.316827e-005
1.220186465046558e-003	-7.000232e-002	-6.999755e-002	-5.000000e+000	-2.501087e+000	-2.498913e+000	-2.500002e+000	-2.499998e+000	-2.500000e+000	-2.500000e+000	-2.570000e+000	-2.570000e+000	5.059064e-012	-5.059064e-012	-2.757698e-006	2.757698e-006	-2.168929e-005	-5.421625e-015	5.423026e-015	-5.059064e-012	2.168930e-005	3.104667e-005	2.168929e-005	-4.997827e-005	4.997827e-005	4.788270e-015	-3.957121e-015	5.273597e-005
1.223186465046558e-003	-7.000184e-002	-6.999803e-002	-5.000000e+000	-2.501079e+000	-2.498921e+000	-2.500002e+000	-2.499998e+000	-2.500000e+000	-2.500000e+000	-2.570000e+000	-2.570000e+000	5.115908e-012	-5.115908e-012	-2.383841e-006	2.383841e-006	-2.153559e-005	-5.383192e-015	5.384611e-015	-5.115908e-012	2.153560e-005	3.082667e-005	2.153559e-005	-4.997842e-005	4.997842e-005	6.041175e-015	-5.250574e-015	5.236226e-005
1.226186465046558e-003	-7.000232e-002	-6.999755e-002	-5.000000e+000	-2.501072e+000	-2.498928e+000	-2.500002e+000	-2.499998e+000	-2.500000e+000	-2.500000e+000	-2.570000e+000	-2.570000e+000	3.694822e-012	-3.637979e-012	-2.060667e-006	2.060667e-006	-2.140274e-005	-5.349967e-015	5.351404e-015	-3.637979e-012	2.140274e-005	3.063649e-005	2.140274e-005	-4.997856e-005	4.997856e-005	4.960659e-015	-4.661636e-015	5.203922e-005
1.229186465046558e-003	-7.000184e-002	-6.999803e-002	-5.000000e+000	-2.501066e+000	-2.498934e+000	-2.500002e+000	-2.499998e+000	-2.500000e+000	-2.500000e+000	-2.570000e+000	-2.570000e+000	3.979039e-012	-3.922196e-012	-1.781306e-006	1.781306e-006	-2.128789e-005	-5.321246e-015	5.322701e-015	-3.922196e-012	2.128789e-005	3.047209e-005	2.128789e-005	-4.997867e-005	4.997867e-005	6.340848e-015	-5.193979e-015	5.175998e-005
1.232186465046557e-003	-7.000232e-002	-6.999755e-002	-5.000000e+000	-2.501061e+000	-2.498939e+000	-2.500002e+000	-2.499998e+000	-2.500000e+000	-2.500000e+000	-2.570000e+000	-2.570000e+000	2.728484e-012	-2.728484e-012	-1.539817e-006	1.539817e-006	-2.118861e-005	-5.296418e-015	5.297889e-015	-2.728484e-012	2.118861e-005	3.032998e-005	2.118861e-005	-4.997877e-005	4.997877e-005	6.658736e-015	-6.003661e-015	5.151859e-005
1.235186465046557e-003	-7.000184e-002	-6.999803e-002	-5.000000e+000	-2.501057e+000	-2.498943e+000	-2.500002e+000	-2.499998e+000	-2.500000e+000	-2.500000e+000	-2.570000e+000	-2.570000e+000	3.012701e-012	-3.012701e-012	-1.331066e-006	1.331066e-006	-2.110279e-005	-5.274954e-015	5.276443e-015	-3.012701e-012	2.110279e-005	3.020713e-005	2.110279e-005	-4.997885e-005	4.997885e-005	5.578871e-015	-5.416024e-015	5.130992e-005
1.238186465046557e-003	-7.000232e-002	-6.999755e-002	-5.000000e+000	-2.501054e+000	-2.498946e+000	-2.500002e+000	-2.499998e+000	-2.500000e+000	-2.500000e+000	-2.570000e+000	-2.570000e+000	1.875833e-012	-1.875833e-012	-1.150616e-006	1.150616e-006	-2.102860e-005	-5.256398e-015	5.257905e-015	-1.875833e-012	2.102861e-005	3.010094e-005	2.102860e-005	-4.997893e-005	4.997893e-005	6.264520e-015	-4.369985e-015	5.112954e-005
1.241186465046557e-003	-7.000184e-002	-6.999803e-002	-5.000000e+000	-2.501050e+000	-2.498950e+000	-2.500002e+000	-2.499998e+000	-2.500000e+000	-2.500000e+000	-2.570000e+000	-2.570000e+000	2.330580e-012	-2.330580e-012	-9.946286e-007	9.946286e-007	-2.096447e-005	-5.240358e-015	5.241881e-015	-2.330580e-012	2.096448e-005	3.000915e-005	2.096447e-005	-4.997899e-005	4.997899e-005	5.591881e-015	-3.738763e-015	5.097362e-005
1.244186465046556e-003	-7.000232e-002	-6.999755e-002	-5.000000e+000	-2.501048e+000	-2.498952e+000	-2.500002e+000	-2.499998e+000	-2.500000e+000	-2.500000e+000	-2.570000e+000	-2.570000e+000	1.307399e-012	-1.307399e-012	-8.597883e-007	8.597883e-007	-2.090904e-005	-5.226491e-015	5.228031e-015	-1.307399e-012	2.090904e-005	2.992980e-005	2.090904e-005	-4.997905e-005	4.997905e-005	5.072115e-015	-5.486714e-015	5.083884e-005
1.247186465046556e-003	-7.000184e-002	-6.999803e-002	-5.000000e+000	-2.501045e+000	-2.498955e+000	-2.500002e+000	-2.499998e+000	-2.500000e+000	-2.500000e+000	-2.570000e+000	-2.570000e+000	1.818989e-012	-1.818989e-012	-7.432282e-007	7.432282e-007	-2.086112e-005	-5.214502e-015	5.216060e-015	-1.818989e-012	2.086112e-005	2.986120e-005	2.086112e-005	-4.997910e-005	4.997910e-005	4.896691e-015	-4.471467e-015	5.072232e-005
1.250186465046556e-003	-7.000232e-002	-6.999755e-002	-5.000000e+000	-2.501043e+000	-2.498957e+000	-2.500002e+000	-2.499998e+000	-2.500000e+000	-2.500000e+000	-2.570000e+000	-2.570000e+000	9.663381e-013	-9.663381e-013	-6.424699e-007	6.424699e-007	-2.081970e-005	-5.204137e-015	5.205713e-015	-8.526513e-013	2.081970e-005	2.980191e-005	2.081970e-005	-4.997914e-005	4.997914e-005	6.043560e-015	-5.223686e-015	5.062161e-005
1.253186465046556e-003	-7.000184e-002	-6.999803e-002	-5.000000e+000	-2.501041e+000	-2.498959e+000	-2.500002e+000	-2.499998e+000	-2.500000e+000	-2.500000e+000	-2.570000e+000	-2.570000e+000	1.534772e-012	-1.534772e-012	-5.553712e-007	5.553712e-007	-2.078389e-005	-5.195177e-015	5.196770e-015	-1.534772e-012	2.078389e-005	2.975066e-005	2.078389e-005	-4.997917e-005	4.997917e-005	5.971352e-015	-4.308836e-015	5.053455e-005
1.256186465046555e-003	-7.000232e-002	-6.999755e-002	-5.000000e+000	-2.501040e+000	-2.498960e+000	-2.500002e+000	-2.499998e+000	-2.500000e+000	-2.500000e+000	-2.570000e+000	-2.570000e+000	6.252776e-013	-6.252776e-013	-4.800804e-007	4.800804e-007	-2.075294e-005	-5.187430e-015	5.189040e-015	-6.252776e-013	2.075294e-005	2.970635e-005	2.075294e-005	-4.997920e-005	4.997920e-005	3.441908e-015	-3.603888e-015	5.045929e-005
1.258615036475127e-003	-7.000225e-002	-6.999762e-002	-5.000000e+000	-2.501039e+000	-2.498961e+000	-2.500002e+000	-2.499998e+000	-2.500000e+000	-2.500000e+000	-2.570000e+000	-2.570000e+000	6.162721e-013	-6.162721e-013	-4.280632e-007	4.280632e-007	-2.073155e-005	-5.182077e-015	5.183701e-015	-6.044564e-013	2.073155e-005	2.967574e-005	2.073155e-005	-4.997923e-005	4.997923e-005	4.492253e-015	-3.891373e-015	5.040729e-005
1.261043607903698e-003	-7.000218e-002	-6.999769e-002	-5.000000e+000	-2.501038e+000	-2.498962e+000	-2.500002e+000	-2.499998e+000	-2.500000e+000	-2.500000e+000	-2.570000e+000	-2.570000e+000	6.156820e-013	-6.156820e-013	-3.805373e-007	3.805373e-007	-2.071202e-005	-5.177185e-015	5.178823e-015	-5.959892e-013	2.071201e-005	2.964777e-005	2.071202e-005	-4.997925e-005	4.997925e-005	5.268417e-015	-4.108182e-015	5.035978e-005
1.263472179332269e-003	-7.000211e-002	-6.999775e-002	-5.000000e+000	-2.501037e+000	-2.498963e+000	-2.500002e+000	-2.499998e+000	-2.500000e+000	-2.500000e+000	-2.570000e+000	-2.570000e+000	6.235075e-013	-6.235075e-013	-3.375024e-007	3.375024e-007	-2.069432e-005	-5.172755e-015	5.174407e-015	-5.998761e-013	2.069432e-005	2.962245e-005	2.069432e-005	-4.997926e-005	4.997926e-005	5.770403e-015	-4.254318e-015	5.031677e-005
1.265900750760840e-003	-7.000204e-002	-6.999782e-002	-5.000000e+000	-2.501036e+000	-2.498964e+000	-2.500002e+000	-2.499998e+000	-2.500000e+000	-2.500000e+000	-2.570000e+000	-2.570000e+000	6.397485e-013	-6.397485e-013	-2.989588e-007	2.989588e-007	-2.067848e-005	-5.168787e-015	5.170453e-015	-6.161171e-013	2.067848e-005	2.959976e-005	2.067848e-005	-4.997928e-005	4.997928e-005	5.998210e-015	-4.329778e-015	5.027824e-005
1.268329322189412e-003	-7.000198e-002	-6.999789e-002	-5.000000e+000	-2.501035e+000	-2.498965e+000	-2.500002e+000	-2.499998e+000	-2.500000e+000	-2.500000e+000	-2.570000e+000	-2.570000e+000	6.644050e-013	-6.644050e-013	-2.649063e-007	2.649063e-007	-2.066448e-005	-5.165280e-015	5.166960e-015	-6.447121e-013	2.066448e-005	2.957972e-005	2.066448e-005	-4.997929e-005	4.997929e-005	5.951837e-015	-4.334564e-015	5.024420e-005
1.270757893617983e-003	-7.000191e-002	-6.999796e-002	-5.000000e+000	-2.501035e+000	-2.498965e+000	-2.500002e+000	-2.499998e+000	-2.500000e+000	-2.500000e+000	-2.570000e+000	-2.570000e+000	6.974769e-013	-6.974769e-013	-2.353450e-007	2.353450e-007	-2.065232e-005	-5.162234e-015	5.163929e-015	-6.856613e-013	2.065233e-005	2.956233e-005	2.065232e-005	-4.997931e-005	4.997931e-005	5.631284e-015	-4.268675e-015	5.021465e-005
1.273186465046554e-003	-7.000184e-002	-6.999803e-002	-5.000000e+000	-2.501034e+000	-2.498966e+000	-2.500002e+000	-2.499998e+000	-2.500000e+000	-2.500000e+000	-2.570000e+000	-2.570000e+000	7.389644e-013	-7.389644e-013	-2.102749e-007	2.102749e-007	-2.064202e-005	-5.159650e-015	5.161359e-015	-7.389644e-013	2.064202e-005	2.954757e-005	2.064202e-005	-4.997932e-005	4.997932e-005	5.036553e-015	-4.132111e-015	5.018959e-005
1.276329322189411e-003	-7.000196e-002	-6.999791e-002	-5.000000e+000	-2.501034e+000	-2.498966e+000	-2.500002e+000	-2.499998e+000	-2.500000e+000	-2.500000e+000	-2.570000e+000	-2.570000e+000	4.806355e-013	-4.806355e-013	-1.817072e-007	1.817072e-007	-2.063027e-005	-5.156705e-015	5.158432e-015	-4.806355e-013	2.063027e-005	2.953076e-005	2.063027e-005	-4.997933e-005	4.997933e-005	5.413712e-015	-4.263710e-015	5.016104e-005
1.279472179332268e-003	-7.000204e-002	-6.999783e-002	-5.000000e+000	-2.501033e+000	-2.498967e+000	-2.500002e+000	-2.499998e+000	-2.500000e+000	-2.500000e+000	-2.570000e+000	-2.570000e+000	2.948821e-013	-2.948821e-013	-1.560893e-007	1.560893e-007	-2.061974e-005	-5.154063e-015	5.155808e-015	-2.948821e-013	2.061974e-005	2.951569e-005	2.061974e-005	-4.997934e-005	4.997934e-005	5.677925e-015	-4.380076e-015	5.013543e-005
1.282615036475125e-003	-7.000207e-002	-6.999779e-002	-5.000000e+000	-2.501033e+000	-2.498967e+000	-2.500002e+000	-2.499998e+000	-2.500000e+000	-2.500000e+000	-2.570000e+000	-2.570000e+000	1.817042e-013	-1.817042e-013	-1.334211e-007	1.334211e-007	-2.061042e-005	-5.151724e-015	5.153487e-015	-1.817042e-013	2.061042e-005	2.950235e-005	2.061042e-005	-4.997935e-005	4.997935e-005	5.829191e-015	-4.481209e-015	5.011277e-005
1.285757893617982e-003	-7.000207e-002	-6.999779e-002	-5.000000e+000	-2.501032e+000	-2.498968e+000	-2.500002e+000	-2.499998e+000	-2.500000e+000	-2.500000e+000	-2.570000e+000	-2.570000e+000	1.411018e-013	-1.411018e-013	-1.137026e-007	1.137026e-007	-2.060232e-005	-5.149689e-015	5.151470e-015	-1.411018e-013	2.060232e-005	2.949074e-005	2.060232e-005	-4.997936e-005	4.997936e-005	5.867509e-015	-4.567109e-015	5.009306e-005
1.288900750760838e-003	-7.000204e-002	-6.999783e-002	-5.000000e+000	-2.501032e+000	-2.498968e+000	-2.500002e+000	-2.499998e+000	-2.500000e+000	-2.500000e+000	-2.570000e+000	-2.570000e+000	1.730748e-013	-1.730748e-013	-9.693390e-008	9.693391e-008	-2.059542e-005	-5.147956e-015	5.149755e-015	-1.730748e-013	2.059542e-005	2.948088e-005	2.059542e-005	-4.997936e-005	4.997936e-005	5.792881e-015	-4.637776e-015	5.007630e-005
1.292043607903695e-003	-7.000196e-002	-6.999791e-002	-5.000000e+000	-2.501032e+000	-2.498968e+000	-2.500002e+000	-2.499998e+000	-2.500000e+000	-2.500000e+000	-2.570000e+000	-2.570000e+000	2.776233e-013	-2.776233e-013	-8.311492e-008	8.311494e-008	-2.058974e-005	-5.146527e-015	5.148344e-015	-2.776233e-013	2.058974e-005	2.947274e-005	2.058974e-005	-4.997937e-005	4.997937e-005	5.605306e-015	-4.693209e-015	5.006248e-005
1.295186465046552e-003	-7.000184e-002	-6.999803e-002	-5.000000e+000	-2.501031e+000	-2.498969e+000	-2.500002e+000	-2.499998e+000	-2.500000e+000	-2.500000e+000	-2.570000e+000	-2.570000e+000	4.547474e-013	-4.547474e-013	-7.224569e-008	7.224570e-008	-2.058527e-005	-5.145401e-015	5.147236e-015	-4.547474e-013	2.058527e-005	2.946635e-005	2.058527e-005	-4.997938e-005	4.997938e-005	5.304784e-015	-4.733410e-015	5.005162e-005
1.299757893617980e-003	-7.000196e-002	-6.999791e-002	-5.000000e+000	-2.501031e+000	-2.498969e+000	-2.500002e+000	-2.499998e+000	-2.500000e+000	-2.500000e+000	-2.570000e+000	-2.570000e+000	2.318411e-013	-2.318411e-013	-5.890739e-008	5.890739e-008	-2.057979e-005	-5.144017e-015	5.145878e-015	-2.318411e-013	2.057979e-005	2.945850e-005	2.057979e-005	-4.997938e-005	4.997938e-005	5.160149e-015	-4.674449e-015	5.003829e-005
1.304329322189409e-003	-7.000204e-002	-6.999783e-002	-5.000000e+000	-2.501031e+000	-2.498969e+000	-2.500002e+000	-2.499998e+000	-2.500000e+000	-2.500000e+000	-2.570000e+000	-2.570000e+000	7.782333e-014	-7.782333e-014	-4.730222e-008	4.730223e-008	-2.057502e-005	-5.142810e-015	5.144699e-015	-7.782333e-014	2.057502e-005	2.945167e-005	2.057502e-005	-4.997938e-005	4.997938e-005	5.165031e-015	-4.654410e-015	5.002669e-005
1.308900750760837e-003	-7.000207e-002	-6.999779e-002	-5.000000e+000	-2.501031e+000	-2.498969e+000	-2.500002e+000	-2.499998e+000	-2.500000e+000	-2.500000e+000	-2.570000e+000	-2.570000e+000	-7.306059e-015	7.306059e-015	-3.743020e-008	3.743021e-008	-2.057096e-005	-5.141783e-015	5.143697e-015	7.306059e-015	2.057096e-005	2.944586e-005	2.057096e-005	-4.997939e-005	4.997939e-005	5.319430e-015	-4.673292e-015	5.001682e-005
1.313472179332265e-003	-7.000207e-002	-6.999779e-002	-5.000000e+000	-2.501030e+000	-2.498970e+000	-2.500002e+000	-2.499998e+000	-2.500000e+000	-2.500000e+000	-2.570000e+000	-2.570000e+000	-2.354704e-014	2.354704e-014	-2.929131e-008	2.929132e-008	-2.056761e-005	-5.140933e-015	5.142874e-015	2.354704e-014	2.056761e-005	2.944107e-005	2.056761e-005	-4.997939e-005	4.997939e-005	5.623348e-015	-4.731096e-015	5.000868e-005
1.318043607903693e-003	-7.000204e-002	-6.999783e-002	-5.000000e+000	-2.501030e+000	-2.498970e+000	-2.500002e+000	-2.499998e+000	-2.500000e+000	-2.500000e+000	-2.570000e+000	-2.570000e+000	2.910040e-014	-2.910040e-014	-2.288557e-008	2.288558e-008	-2.056498e-005	-5.140261e-015	5.142229e-015	-2.910040e-014	2.056498e-005	2.943730e-005	2.056498e-005	-4.997939e-005	4.997939e-005	6.076783e-015	-4.827820e-015	5.000228e-005
1.322615036475121e-003	-7.000196e-002	-6.999791e-002	-5.000000e+000	-2.501030e+000	-2.498970e+000	-2.500002e+000	-2.499998e+000	-2.500000e+000	-2.500000e+000	-2.570000e+000	-2.570000e+000	1.506363e-013	-1.506363e-013	-1.821296e-008	1.821297e-008	-2.056306e-005	-5.139768e-015	5.141762e-015	-1.506363e-013	2.056306e-005	2.943455e-005	2.056306e-005	-4.997940e-005	4.997940e-005	6.679735e-015	-4.963467e-015	4.999761e-005
1.327186465046549e-003	-7.000184e-002	-6.999803e-002	-5.000000e+000	-2.501030e+000	-2.498970e+000	-2.500002e+000	-2.499998e+000	-2.500000e+000	-2.500000e+000	-2.570000e+000	-2.570000e+000	3.410605e-013	-3.410605e-013	-1.527349e-008	1.527350e-008	-2.056185e-005	-5.139452e-015	5.141473e-015	-3.410605e-013	2.056185e-005	2.943282e-005	2.056185e-005	-4.997940e-005	4.997940e-005	7.432206e-015	-5.138034e-015	4.999467e-005
1.336186465046549e-003	-7.000191e-002	-6.999796e-002	-5.000000e+000	-2.501030e+000	-2.498970e+000	-2.500002e+000	-2.499998e+000	-2.500000e+000	-2.500000e+000	-2.570000e+000	-2.570000e+000	2.519806e-013	-2.519806e-013	-1.083984e-008	1.083985e-008	-2.056003e-005	-5.138971e-015	5.141043e-015	-2.519806e-013	2.056003e-005	2.943021e-005	2.056003e-005	-4.997940e-005	4.997940e-005	6.530488e-015	-4.856899e-015	4.999024e-005
1.345186465046548e-003	-7.000198e-002	-6.999789e-002	-5.000000e+000	-2.501030e+000	-2.498970e+000	-2.500002e+000	-2.499998e+000	-2.500000e+000	-2.500000e+000	-2.570000e+000	-2.570000e+000	1.601121e-013	-1.601121e-013	-7.190887e-009	7.190895e-009	-2.055853e-005	-5.138570e-015	5.140694e-015	-1.601121e-013	2.055853e-005	2.942806e-005	2.055853e-005	-4.997940e-005	4.997940e-005	5.895660e-015	-4.661102e-015	4.998659e-005
1.354186465046547e-003	-7.000204e-002	-6.999782e-002	-5.000000e+000	-2.501030e+000	-2.498970e+000	-2.500002e+000	-2.499998e+000	-2.500000e+000	-2.500000e+000	-2.570000e+000	-2.570000e+000	6.545486e-014	-6.545486e-014	-4.326632e-009	4.326640e-009	-2.055735e-005	-5.138249e-015	5.140426e-015	-6.545486e-014	2.055735e-005	2.942638e-005	2.055735e-005	-4.997940e-005	4.997940e-005	5.527722e-015	-4.550642e-015	4.998373e-005
1.363186465046546e-003	-7.000211e-002	-6.999775e-002	-5.000000e+000	-2.501030e+000	-2.498970e+000	-2.500002e+000	-2.499998e+000	-2.500000e+000	-2.500000e+000	-2.570000e+000	-2.570000e+000	-3.199100e-014	3.199100e-014	-2.247076e-009	2.247084e-009	-2.055650e-005	-5.138009e-015	5.140238e-015	3.199100e-014	2.055650e-005	2.942515e-005	2.055650e-005	-4.997940e-005	4.997940e-005	5.426675e-015	-4.525519e-015	4.998165e-005
1.372186465046546e-003	-7.000218e-002	-6.999769e-002	-5.000000e+000	-2.501030e+000	-2.498970e+000	-2.500002e+000	-2.499998e+000	-2.500000e+000	-2.500000e+000	-2.570000e+000	-2.570000e+000	-1.322255e-013	1.322255e-013	-9.522201e-010	9.522278e-010	-2.055596e-005	-5.137850e-015	5.140131e-015	1.322255e-013	2.055596e-005	2.942439e-005	2.055596e-005	-4.997940e-005	4.997940e-005	5.592517e-015	-4.585734e-015	4.998035e-005
1.381186465046545e-003	-7.000225e-002	-6.999762e-002	-5.000000e+000	-2.501030e+000	-2.498970e+000	-2.500002e+000	-2.499998e+000	-2.500000e+000	-2.500000e+000	-2.570000e+000	-2.570000e+000	-2.352487e-013	2.352487e-013	-4.420630e-010	4.420706e-010	-2.055575e-005	-5.137772e-015	5.140104e-015	2.352487e-013	2.055575e-005	2.942409e-005	2.055575e-005	-4.997940e-005	4.997940e-005	6.025250e-015	-4.731287e-015	4.997984e-005
1.390186465046544e-003	-7.000232e-002	-6.999755e-002	-5.000000e+000	-2.501030e+000	-2.498970e+000	-2.500002e+000	-2.499998e+000	-2.500000e+000	-2.500000e+000	-2.570000e+000	-2.570000e+000	-3.410605e-013	3.410605e-013	-7.166052e-010	7.166125e-010	-2.055587e-005	-5.137774e-015	5.140158e-015	3.410605e-013	2.055586e-005	2.942425e-005	2.055587e-005	-4.997940e-005	4.997940e-005	6.724872e-015	-4.962177e-015	4.998012e-005
2.010186465046505e-003	-7.000208e-002	-6.999803e-002	-5.000000e+000	-2.501030e+000	-2.498970e+000	-2.500002e+000	-2.499998e+000	-2.500000e+000	-2.500000e+000	-2.570000e+000	-2.570000e+000	-2.273737e-013	2.273737e-013	3.108624e-015	3.996803e-015	-2.055557e-005	-5.135910e-015	5.141875e-015	2.273737e-013	2.055557e-005	2.942383e-005	2.055557e-005	-4.997940e-005	4.997940e-005	6.596503e-015	-4.309053e-015	4.997940e-005
3.034186465046640e-003	-7.000208e-002	-6.999803e-002	-5.000000e+000	-2.501030e+000	-2.498970e+000	-2.500002e+000	-2.499998e+000	-2.500000e+000	-2.500000e+000	-2.570000e+000	-2.570000e+000	-9.947598e-014	9.947598e-014	3.330669e-015	3.996803e-015	-2.055557e-005	-5.132960e-015	5.144825e-015	9.947598e-014	2.055557e-005	2.942383e-005	2.055557e-005	-4.997940e-005	4.997940e-005	6.654833e-015	-5.980026e-015	4.997940e-005
4.058186465046776e-003	-7.000208e-002	-6.999779e-002	-5.000000e+000	-2.501030e+000	-2.498970e+000	-2.500002e+000	-2.499998e+000	-2.500000e+000	-2.500000e+000	-2.570000e+000	-2.570000e+000	-4.263256e-014	4.263256e-014	3.108624e-015	4.218847e-015	-2.055557e-005	-5.130018e-015	5.147768e-015	4.263256e-014	2.055557e-005	2.942383e-005	2.055557e-005	-4.997940e-005	4.997940e-005	4.693511e-015	-4.369118e-015	4.997940e-005
4.999186465046901e-003	-7.000208e-002	-6.999779e-002	-5.000000e+000	-2.501030e+000	-2.498970e+000	-2.500002e+000	-2.499998e+000	-2.500000e+000	-2.500000e+000	-2.570000e+000	-2.570000e+000	-1.080983e-011	1.081338e-011	-1.886083e-014	2.494110e-014	-2.055557e-005	-5.127315e-015	5.150460e-015	1.081534e-011	2.055556e-005	2.942383e-005	2.055557e-005	-4.997940e-005	4.997940e-005	5.614120e-015	-5.235640e-015	4.997940e-005
5.000000000000000e-003	-7.000208e-002	-6.999779e-002	-5.000000e+000	-2.501030e+000	-2.498970e+000	-2.500002e+000	-2.499998e+000	-2.500000e+000	-2.500000e+000	-2.570000e+000	-2.570000e+000	-5.807621e-011	5.807976e-011	-1.136868e-013	1.185718e-013	-2.055557e-005	-5.127290e-015	5.150437e-015	5.808332e-011	2.055551e-005	2.942383e-005	2.055557e-005	-4.997940e-005	4.997940e-005	5.569763e-015	-8.748210e-015	4.997940e-005
