time	V(N008,N005)	V(N009,N004)	V(n001)	V(n002)	V(n003)	V(n004)	V(n005)	V(n006)	V(n007)	V(n008)	V(n009)	I(C1)	I(C2)	I(C3)	I(C4)	I(R1)	I(R2)	I(R3)	I(R4)	I(R5)	I(R6)	I(R7)	I(R8)	I(R9)	I(V1)	I(V2)	I(V3)
0.000000000000000e+000	-7.000000e-002	-7.000000e-002	0.000000e+000	-2.101456e-020	-2.098544e-020	-2.102292e-020	-2.102300e-020	-2.102296e-020	-2.102296e-020	-7.000000e-002	-7.000000e-002	4.200000e-025	4.200000e-025	2.101456e-038	2.098544e-038	9.969919e-035	-1.084227e-034	0.000000e+000	-4.162437e-025	8.362437e-025	3.756237e-027	4.159526e-025	4.202912e-025	4.197088e-025	-9.629650e-035	9.629650e-035	-4.202912e-025
1.000000000000000e-003	-7.000000e-002	-7.000000e-002	0.000000e+000	-5.995030e-017	-3.838069e-017	-8.918104e-016	-9.005745e-016	-6.377102e-012	-6.377102e-012	-7.000000e-002	-7.000000e-002	3.934955e-017	4.389113e-017	8.287667e-017	3.935891e-019	1.594052e-020	1.594050e-020	0.000000e+000	-4.382072e-017	8.318601e-017	8.621939e-020	3.081373e-019	1.199006e-021	7.676138e-022	-1.594053e-020	-1.594051e-020	-8.287788e-017
1.000000100000000e-003	-7.000518e-002	-6.999528e-002	-5.000000e-001	-4.999990e-001	-9.590374e-007	-4.994996e-001	-4.994896e-001	-4.994949e-001	-4.994948e-001	-5.694948e-001	-5.694948e-001	-1.985968e-007	1.985968e-007	-7.192778e-003	7.192778e-003	-1.238790e-014	1.238793e-014	1.985968e-007	4.975027e-005	-4.994886e-005	4.994886e-005	7.142830e-003	-1.918075e-011	1.918075e-011	1.216041e-014	-1.252991e-014	7.192778e-003
1.000000300000000e-003	-7.001555e-002	-6.998563e-002	-1.500000e+000	-1.499996e+000	-4.144005e-006	-1.498497e+000	-1.498467e+000	-1.498483e+000	-1.498483e+000	-1.568483e+000	-1.568483e+000	-2.997041e-007	2.997041e-007	-2.157830e-002	2.157830e-002	-3.731172e-014	3.731175e-014	2.997041e-007	1.495466e-004	-1.498463e-004	1.498463e-004	2.142845e-002	-8.288011e-011	8.288011e-011	3.751598e-014	-3.744479e-014	2.157830e-002
1.000000906658481e-003	-7.004595e-002	-6.995535e-002	-4.533292e+000	-4.533262e+000	-3.043130e-005	-4.528733e+000	-4.528643e+000	-4.528688e+000	-4.528688e+000	-4.598689e+000	-4.598689e+000	-2.996311e-007	2.996311e-007	-6.521331e-002	6.521331e-002	-1.130655e-013	1.130655e-013	2.996312e-007	4.525616e-004	-4.528612e-004	4.528612e-004	6.476045e-002	-6.086261e-010	6.086261e-010	1.127498e-013	-1.171206e-013	6.521332e-002
1.000001000000000e-003	-7.004976e-002	-6.995010e-002	-5.000000e+000	-4.999964e+000	-3.632331e-005	-4.994969e+000	-4.994869e+000	-4.994919e+000	-4.994919e+000	-5.064919e+000	-5.064919e+000	-3.027306e-007	3.027306e-007	-7.192702e-002	7.192702e-002	-1.247194e-013	1.247195e-013	3.027307e-007	4.991805e-004	-4.994833e-004	4.994833e-004	7.142753e-002	-7.264662e-010	7.264662e-010	1.260103e-013	-1.321165e-013	7.192702e-002
1.000001060585256e-003	-7.005024e-002	-6.995010e-002	-5.000000e+000	-4.999959e+000	-4.068101e-005	-4.994965e+000	-4.994864e+000	-4.994915e+000	-4.994915e+000	-5.064915e+000	-5.064915e+000	-1.029025e-007	1.029025e-007	-7.192689e-002	7.192689e-002	-1.248191e-013	1.248192e-013	1.029026e-007	4.993795e-004	-4.994824e-004	4.994824e-004	7.142741e-002	-8.136203e-010	8.136203e-010	1.227167e-013	-1.270835e-013	7.192689e-002
1.000001181755769e-003	-7.004976e-002	-6.994963e-002	-5.000000e+000	-4.999950e+000	-4.939640e-005	-4.994956e+000	-4.994856e+000	-4.994906e+000	-4.994906e+000	-5.064906e+000	-5.064906e+000	-4.903618e-011	4.903537e-011	-7.192664e-002	7.192664e-002	-1.248701e-013	1.248702e-013	4.915994e-011	4.994806e-004	-4.994806e-004	4.994806e-004	7.142716e-002	-9.879281e-010	9.879281e-010	1.239657e-013	-1.269216e-013	7.192664e-002
1.000284755375517e-003	-6.999860e-002	-6.989951e-002	-5.000000e+000	-4.979690e+000	-2.030970e-002	-4.974736e+000	-4.974637e+000	-4.974636e+000	-4.974636e+000	-5.044635e+000	-5.044635e+000	-1.151907e-011	1.151713e-011	-7.134332e-002	7.134332e-002	-1.238583e-013	1.238581e-013	1.164136e-011	4.954327e-004	-4.954327e-004	4.954327e-004	7.084829e-002	-4.061939e-007	4.061939e-007	1.214715e-013	-1.259152e-013	7.134373e-002
1.000568328995265e-003	-6.994128e-002	-6.984317e-002	-5.000000e+000	-4.959598e+000	-4.040190e-002	-4.954684e+000	-4.954586e+000	-4.954527e+000	-4.954527e+000	-5.024527e+000	-5.024527e+000	1.621517e-011	-1.621800e-011	-7.076484e-002	7.076484e-002	-1.228548e-013	1.228544e-013	-1.609418e-011	4.914184e-004	-4.914184e-004	4.914184e-004	7.027423e-002	-8.080380e-007	8.080380e-007	1.195781e-013	-1.249488e-013	7.076565e-002
1.000851902615013e-003	-6.987781e-002	-6.978059e-002	-5.000000e+000	-4.939674e+000	-6.032601e-002	-4.934799e+000	-4.934702e+000	-4.934580e+000	-4.934580e+000	-5.004580e+000	-5.004580e+000	3.416654e-011	-3.417002e-011	-7.019120e-002	7.019120e-002	-1.218598e-013	1.218590e-013	-3.404668e-011	4.874376e-004	-4.874376e-004	4.874376e-004	6.970497e-002	-1.206520e-006	1.206520e-006	1.182854e-013	-1.240224e-013	7.019241e-002
1.001135476234762e-003	-6.980819e-002	-6.971179e-002	-5.000000e+000	-4.919918e+000	-8.008202e-002	-4.915083e+000	-4.914986e+000	-4.914794e+000	-4.914794e+000	-4.984795e+000	-4.984795e+000	4.233503e-011	-4.233894e-011	-6.962240e-002	6.962240e-002	-1.208732e-013	1.208720e-013	-4.221614e-011	4.834905e-004	-4.834904e-004	4.834904e-004	6.914051e-002	-1.601640e-006	1.601640e-006	1.175934e-013	-1.231360e-013	6.962401e-002
1.001419049854510e-003	-6.973242e-002	-6.963676e-002	-5.000000e+000	-4.900330e+000	-9.966994e-002	-4.895534e+000	-4.895438e+000	-4.895171e+000	-4.895171e+000	-4.965171e+000	-4.965171e+000	4.072066e-011	-4.072476e-011	-6.905844e-002	6.905844e-002	-1.198951e-013	1.198934e-013	-4.060256e-011	4.795769e-004	-4.795769e-004	4.795769e-004	6.858086e-002	-1.993399e-006	1.993399e-006	1.175022e-013	-1.222896e-013	6.906044e-002
1.001702623474258e-003	-6.965050e-002	-6.955551e-002	-5.000000e+000	-4.880910e+000	-1.190898e-001	-4.876153e+000	-4.876058e+000	-4.875709e+000	-4.875709e+000	-4.945709e+000	-4.945709e+000	2.932341e-011	-2.932747e-011	-6.849932e-002	6.849932e-002	-1.189253e-013	1.189231e-013	-2.920594e-011	4.756969e-004	-4.756968e-004	4.756968e-004	6.802601e-002	-2.381795e-006	2.381795e-006	1.180116e-013	-1.214832e-013	6.850170e-002
1.001986197094006e-003	-6.956244e-002	-6.946802e-002	-5.000000e+000	-4.861659e+000	-1.383415e-001	-4.856940e+000	-4.856846e+000	-4.856409e+000	-4.856409e+000	-4.926408e+000	-4.926408e+000	8.143297e-012	-8.147078e-012	-6.794504e-002	6.794504e-002	-1.179640e-013	1.179613e-013	-8.026283e-012	4.718504e-004	-4.718504e-004	4.718504e-004	6.747596e-002	-2.766829e-006	2.766829e-006	1.191218e-013	-1.207169e-013	6.794780e-002
1.002986197094006e-003	-6.957197e-002	-6.947994e-002	-5.000000e+000	-4.794682e+000	-2.053187e-001	-4.790097e+000	-4.790005e+000	-4.789577e+000	-4.789577e+000	-4.859577e+000	-4.859577e+000	7.913892e-012	-7.914003e-012	-6.601668e-002	6.601668e-002	-1.146189e-013	1.146154e-013	-7.797096e-012	4.584686e-004	-4.584686e-004	4.584686e-004	6.556232e-002	-4.106374e-006	4.106374e-006	1.186446e-013	-1.167274e-013	6.602079e-002
1.003986197094006e-003	-6.958389e-002	-6.949472e-002	-5.000000e+000	-4.729601e+000	-2.703985e-001	-4.725147e+000	-4.725058e+000	-4.724641e+000	-4.724641e+000	-4.794641e+000	-4.794641e+000	7.690182e-012	-7.688516e-012	-6.414296e-002	6.414296e-002	-1.113680e-013	1.113649e-013	-7.577272e-012	4.454659e-004	-4.454659e-004	4.454659e-004	6.370290e-002	-5.407971e-006	5.407971e-006	1.116748e-013	-1.111709e-013	6.414837e-002
1.004986197094005e-003	-6.959534e-002	-6.950855e-002	-5.000000e+000	-4.666369e+000	-3.336312e-001	-4.662041e+000	-4.661954e+000	-4.661550e+000	-4.661550e+000	-4.731549e+000	-4.731549e+000	7.471801e-012	-7.470358e-012	-6.232241e-002	6.232241e-002	-1.082093e-013	1.082069e-013	-7.362999e-012	4.328323e-004	-4.328323e-004	4.328323e-004	6.189625e-002	-6.672625e-006	6.672625e-006	1.060489e-013	-1.071533e-013	6.232908e-002
1.006986197094005e-003	-6.961823e-002	-6.953669e-002	-5.000000e+000	-4.545237e+000	-4.547634e-001	-4.541150e+000	-4.541069e+000	-4.540687e+000	-4.540687e+000	-4.610687e+000	-4.610687e+000	7.053802e-012	-7.052137e-012	-5.883487e-002	5.883487e-002	-1.021582e-013	1.021571e-013	-6.948886e-012	4.086305e-004	-4.086305e-004	4.086305e-004	5.843533e-002	-9.095268e-006	9.095268e-006	1.040243e-013	-1.047314e-013	5.884396e-002
1.008986197094005e-003	-6.963968e-002	-6.956244e-002	-5.000000e+000	-4.430883e+000	-5.691171e-001	-4.427025e+000	-4.426948e+000	-4.426588e+000	-4.426588e+000	-4.496588e+000	-4.496588e+000	6.659118e-012	-6.657452e-012	-5.554248e-002	5.554248e-002	-9.644562e-014	9.644594e-014	-6.560308e-012	3.857831e-004	-3.857831e-004	3.857831e-004	5.516808e-002	-1.138234e-005	1.138234e-005	9.718859e-014	-9.770929e-014	5.555387e-002
1.011986197094005e-003	-6.966925e-002	-6.959867e-002	-5.000000e+000	-4.271238e+000	-7.287617e-001	-4.267699e+000	-4.267629e+000	-4.267298e+000	-4.267298e+000	-4.337298e+000	-4.337298e+000	6.108114e-012	-6.106560e-012	-5.094612e-002	5.094612e-002	-8.847054e-014	8.847281e-014	-6.016299e-012	3.538867e-004	-3.538867e-004	3.538867e-004	5.060681e-002	-1.457523e-005	1.457523e-005	9.146567e-014	-9.115702e-014	5.096069e-002
1.014986197094005e-003	-6.969643e-002	-6.963158e-002	-5.000000e+000	-4.124804e+000	-8.751952e-001	-4.121559e+000	-4.121494e+000	-4.121191e+000	-4.121191e+000	-4.191190e+000	-4.191190e+000	5.602629e-012	-5.601186e-012	-4.673012e-002	4.673012e-002	-8.115541e-014	8.115953e-014	-5.517808e-012	3.246298e-004	-3.246298e-004	3.246298e-004	4.642300e-002	-1.750390e-005	1.750390e-005	8.418980e-014	-8.304510e-014	4.674762e-002
1.017986197094004e-003	-6.972194e-002	-6.966233e-002	-5.000000e+000	-3.990489e+000	-1.009511e+000	-3.987511e+000	-3.987452e+000	-3.987174e+000	-3.987174e+000	-4.057174e+000	-4.057174e+000	5.139000e-012	-5.137668e-012	-4.286301e-002	4.286301e-002	-7.444556e-014	7.445151e-014	-5.061507e-012	2.977941e-004	-2.977941e-004	2.977941e-004	4.258541e-002	-2.019021e-005	2.019021e-005	7.474837e-014	-7.597892e-014	4.288320e-002
1.021129054236861e-003	-6.974553e-002	-6.969100e-002	-5.000000e+000	-3.863790e+000	-1.136210e+000	-3.861066e+000	-3.861011e+000	-3.860757e+000	-3.860757e+000	-3.930757e+000	-3.930757e+000	4.701748e-012	-4.700391e-012	-3.921520e-002	3.921520e-002	-6.811616e-014	6.812393e-014	-4.631324e-012	2.724802e-004	-2.724802e-004	2.724802e-004	3.896544e-002	-2.272419e-005	2.272419e-005	6.862867e-014	-6.910869e-014	3.923792e-002
1.024271911379718e-003	-6.976747e-002	-6.971766e-002	-5.000000e+000	-3.746059e+000	-1.253942e+000	-3.743569e+000	-3.743519e+000	-3.743287e+000	-3.743287e+000	-3.813287e+000	-3.813287e+000	4.295423e-012	-4.294061e-012	-3.582555e-002	3.582555e-002	-6.223468e-014	6.224422e-014	-4.231531e-012	2.489578e-004	-2.489578e-004	2.489578e-004	3.560167e-002	-2.507883e-005	2.507883e-005	6.280668e-014	-6.275214e-014	3.585063e-002
1.027414768522575e-003	-6.978776e-002	-6.974231e-002	-5.000000e+000	-3.637294e+000	-1.362707e+000	-3.635021e+000	-3.634976e+000	-3.634764e+000	-3.634764e+000	-3.704764e+000	-3.704764e+000	3.920025e-012	-3.918676e-012	-3.269407e-002	3.269407e-002	-5.680110e-014	5.681237e-014	-3.862127e-012	2.272269e-004	-2.272269e-004	2.272269e-004	3.249410e-002	-2.725413e-005	2.725413e-005	5.728239e-014	-5.690928e-014	3.272133e-002
1.030557625665432e-003	-6.980639e-002	-6.976496e-002	-5.000000e+000	-3.537496e+000	-1.462505e+000	-3.535423e+000	-3.535381e+000	-3.535188e+000	-3.535188e+000	-3.605188e+000	-3.605188e+000	3.575555e-012	-3.574237e-012	-2.982076e-002	2.982076e-002	-5.181544e-014	5.182839e-014	-3.523113e-012	2.072877e-004	-2.072877e-004	2.072877e-004	2.964273e-002	-2.925009e-005	2.925009e-005	5.205580e-014	-5.158011e-014	2.985002e-002
1.033700482808289e-003	-6.982336e-002	-6.978560e-002	-5.000000e+000	-3.446664e+000	-1.553336e+000	-3.444773e+000	-3.444735e+000	-3.444559e+000	-3.444559e+000	-3.514558e+000	-3.514558e+000	3.262011e-012	-3.260744e-012	-2.720562e-002	2.720562e-002	-4.727770e-014	4.729227e-014	-3.214488e-012	1.891399e-004	-1.891399e-004	1.891399e-004	2.704755e-002	-3.106671e-005	3.106671e-005	4.712691e-014	-4.676462e-014	2.723669e-002
1.036843339951146e-003	-6.983868e-002	-6.980425e-002	-5.000000e+000	-3.364800e+000	-1.635200e+000	-3.363072e+000	-3.363038e+000	-3.362876e+000	-3.362876e+000	-3.432876e+000	-3.432876e+000	2.979396e-012	-2.978198e-012	-2.484865e-002	2.484865e-002	-4.318787e-014	4.320402e-014	-2.936252e-012	1.727838e-004	-1.727838e-004	1.727838e-004	2.470857e-002	-3.270400e-005	3.270400e-005	4.249573e-014	-4.246281e-014	2.488136e-002
1.039986197094003e-003	-6.985235e-002	-6.982088e-002	-5.000000e+000	-3.291903e+000	-1.708097e+000	-3.290320e+000	-3.290289e+000	-3.290141e+000	-3.290141e+000	-3.360141e+000	-3.360141e+000	2.727707e-012	-2.726597e-012	-2.274985e-002	2.274985e-002	-3.954596e-014	3.956363e-014	-2.688405e-012	1.582192e-004	-1.582192e-004	1.582192e-004	2.262579e-002	-3.416195e-005	3.416195e-005	3.816224e-014	-3.867469e-014	2.278401e-002
1.043129054236859e-003	-6.986501e-002	-6.983614e-002	-5.000000e+000	-3.224656e+000	-1.775344e+000	-3.223208e+000	-3.223180e+000	-3.223045e+000	-3.223045e+000	-3.293045e+000	-3.293045e+000	2.495641e-012	-2.494511e-012	-2.081375e-002	2.081375e-002	-3.618631e-014	3.620549e-014	-2.458943e-012	1.447836e-004	-1.447836e-004	1.447836e-004	2.070447e-002	-3.550687e-005	3.550687e-005	3.579826e-014	-3.620901e-014	2.084925e-002
1.046271911379716e-003	-6.987675e-002	-6.985031e-002	-5.000000e+000	-3.162169e+000	-1.837831e+000	-3.160846e+000	-3.160820e+000	-3.160696e+000	-3.160696e+000	-3.230697e+000	-3.230697e+000	2.279990e-012	-2.278851e-012	-1.901467e-002	1.901467e-002	-3.306440e-014	3.308506e-014	-2.245910e-012	1.322989e-004	-1.322989e-004	1.322989e-004	1.891912e-002	-3.675661e-005	3.675661e-005	3.337056e-014	-3.366511e-014	1.905142e-002
1.049414768522573e-003	-6.988757e-002	-6.986339e-002	-5.000000e+000	-3.104441e+000	-1.895558e+000	-3.103234e+000	-3.103210e+000	-3.103097e+000	-3.103097e+000	-3.173097e+000	-3.173097e+000	2.080754e-012	-2.079619e-012	-1.735261e-002	1.735261e-002	-3.018022e-014	3.020234e-014	-2.049307e-012	1.207651e-004	-1.207651e-004	1.207651e-004	1.726976e-002	-3.791117e-005	3.791117e-005	3.087913e-014	-3.104301e-014	1.739052e-002
1.052557625665430e-003	-6.989749e-002	-6.987538e-002	-5.000000e+000	-3.051473e+000	-1.948527e+000	-3.050371e+000	-3.050349e+000	-3.050246e+000	-3.050246e+000	-3.120247e+000	-3.120247e+000	1.897932e-012	-1.896812e-012	-1.582758e-002	1.582758e-002	-2.753378e-014	2.755733e-014	-1.869134e-012	1.101822e-004	-1.101822e-004	1.101822e-004	1.575637e-002	-3.897054e-005	3.897054e-005	2.832397e-014	-2.834269e-014	1.586655e-002
1.055700482808287e-003	-6.990648e-002	-6.988628e-002	-5.000000e+000	-3.003264e+000	-1.996736e+000	-3.002258e+000	-3.002238e+000	-3.002144e+000	-3.002144e+000	-3.072145e+000	-3.072145e+000	1.731524e-012	-1.730433e-012	-1.443958e-002	1.443958e-002	-2.512507e-014	2.515003e-014	-1.705390e-012	1.005502e-004	-1.005502e-004	1.005502e-004	1.437896e-002	-3.993472e-005	3.993472e-005	2.570509e-014	-2.556416e-014	1.447951e-002
1.058843339951144e-003	-6.991456e-002	-6.989608e-002	-5.000000e+000	-2.959814e+000	-2.040186e+000	-2.958895e+000	-2.958877e+000	-2.958791e+000	-2.958791e+000	-3.028791e+000	-3.028791e+000	1.581531e-012	-1.580480e-012	-1.318860e-002	1.318860e-002	-2.295409e-014	2.298043e-014	-1.558076e-012	9.186904e-005	-9.186904e-005	9.186904e-005	1.313753e-002	-4.080372e-005	4.080372e-005	2.302248e-014	-2.270742e-014	1.322940e-002
1.061986197094001e-003	-6.992173e-002	-6.990480e-002	-5.000000e+000	-2.921123e+000	-2.078877e+000	-2.920282e+000	-2.920265e+000	-2.920187e+000	-2.920187e+000	-2.990186e+000	-2.990186e+000	1.447953e-012	-1.446954e-012	-1.207465e-002	1.207465e-002	-2.102084e-014	2.104854e-014	-1.427192e-012	8.413877e-005	-8.413877e-005	8.413877e-005	1.203208e-002	-4.157754e-005	4.157754e-005	2.027614e-014	-1.977247e-014	1.211622e-002
1.065129054236858e-003	-6.992838e-002	-6.991298e-002	-5.000000e+000	-2.885432e+000	-2.114568e+000	-2.884661e+000	-2.884646e+000	-2.884574e+000	-2.884574e+000	-2.954574e+000	-2.954574e+000	1.324755e-012	-1.323794e-012	-1.104705e-002	1.104705e-002	-1.923743e-014	1.926645e-014	-1.305591e-012	7.700775e-005	-7.700775e-005	7.700775e-005	1.101233e-002	-4.229137e-005	4.229137e-005	1.864411e-014	-1.830885e-014	1.108934e-002
1.068271911379714e-003	-6.993456e-002	-6.992056e-002	-5.000000e+000	-2.852266e+000	-2.147734e+000	-2.851562e+000	-2.851548e+000	-2.851483e+000	-2.851483e+000	-2.921483e+000	-2.921483e+000	1.210273e-012	-1.209344e-012	-1.009217e-002	1.009217e-002	-1.758019e-014	1.761052e-014	-1.192566e-012	7.038142e-005	-7.038142e-005	7.038142e-005	1.006474e-002	-4.295468e-005	4.295468e-005	1.720923e-014	-1.699973e-014	1.013513e-002
1.071414768522571e-003	-6.994027e-002	-6.992753e-002	-5.000000e+000	-2.821627e+000	-2.178373e+000	-2.820984e+000	-2.820971e+000	-2.820911e+000	-2.820911e+000	-2.890911e+000	-2.890911e+000	1.104507e-012	-1.103601e-012	-9.210024e-003	9.210024e-003	-1.604913e-014	1.608076e-014	-1.088115e-012	6.425977e-005	-6.425977e-005	6.425977e-005	9.189331e-003	-4.356747e-005	4.356747e-005	1.597148e-014	-1.584513e-014	9.253591e-003
1.074557625665428e-003	-6.994552e-002	-6.993390e-002	-5.000000e+000	-2.793513e+000	-2.206487e+000	-2.792927e+000	-2.792915e+000	-2.792860e+000	-2.792860e+000	-2.862861e+000	-2.862861e+000	1.007458e-012	-1.006568e-012	-8.400603e-003	8.400603e-003	-1.464425e-014	1.467716e-014	-9.922397e-013	5.864281e-005	-5.864282e-005	5.864282e-005	8.386090e-003	-4.412974e-005	4.412974e-005	1.493087e-014	-1.484505e-014	8.444733e-003
1.077700482808285e-003	-6.995029e-002	-6.993967e-002	-5.000000e+000	-2.767926e+000	-2.232074e+000	-2.767390e+000	-2.767380e+000	-2.767330e+000	-2.767330e+000	-2.837330e+000	-2.837330e+000	9.191247e-013	-9.182431e-013	-7.663910e-003	7.663910e-003	-1.336555e-014	1.339973e-014	-9.049389e-013	5.353055e-005	-5.353055e-005	5.353055e-005	7.655021e-003	-4.464149e-005	4.464149e-005	1.408740e-014	-1.399948e-014	7.708552e-003
1.080843339951142e-003	-6.995460e-002	-6.994483e-002	-5.000000e+000	-2.744864e+000	-2.255136e+000	-2.744375e+000	-2.744365e+000	-2.744320e+000	-2.744320e+000	-2.814320e+000	-2.814320e+000	8.395079e-013	-8.386268e-013	-6.999944e-003	6.999944e-003	-1.221302e-014	1.224846e-014	-8.262129e-013	4.892296e-005	-4.892296e-005	4.892296e-005	6.996124e-003	-4.510271e-005	4.510271e-005	1.344108e-014	-1.330843e-014	7.045047e-003
1.083986197093999e-003	-6.995845e-002	-6.994939e-002	-5.000000e+000	-2.724329e+000	-2.275671e+000	-2.723881e+000	-2.723872e+000	-2.723830e+000	-2.723830e+000	-2.793830e+000	-2.793830e+000	7.686074e-013	-7.677192e-013	-6.408705e-003	6.408705e-003	-1.118668e-014	1.122336e-014	-7.560619e-013	4.482007e-005	-4.482007e-005	4.482007e-005	6.409398e-003	-4.551342e-005	4.551342e-005	1.299189e-014	-1.277190e-014	6.454218e-003
1.087129054236856e-003	-6.996192e-002	-6.995373e-002	-5.000000e+000	-2.705385e+000	-2.294615e+000	-2.704975e+000	-2.704967e+000	-2.704929e+000	-2.704929e+000	-2.774929e+000	-2.774929e+000	7.032640e-013	-7.023759e-013	-5.863298e-003	5.863298e-003	-1.023985e-014	1.027776e-014	-6.919093e-013	4.103523e-005	-4.103523e-005	4.103523e-005	5.868155e-003	-4.589229e-005	4.589229e-005	1.180494e-014	-1.131408e-014	5.909190e-003
1.090271911379712e-003	-6.996517e-002	-6.995776e-002	-5.000000e+000	-2.687783e+000	-2.312217e+000	-2.687407e+000	-2.687400e+000	-2.687365e+000	-2.687365e+000	-2.757365e+000	-2.757365e+000	6.425462e-013	-6.416580e-013	-5.356492e-003	5.356492e-003	-9.360002e-015	9.399127e-015	-6.322232e-013	3.751826e-005	-3.751826e-005	3.751826e-005	5.365218e-003	-4.624435e-005	4.624435e-005	1.073958e-014	-1.006705e-014	5.402736e-003
1.093414768522569e-003	-6.996821e-002	-6.996147e-002	-5.000000e+000	-2.671521e+000	-2.328479e+000	-2.671178e+000	-2.671171e+000	-2.671139e+000	-2.671139e+000	-2.741139e+000	-2.741139e+000	5.864539e-013	-5.855657e-013	-4.888286e-003	4.888286e-003	-8.547122e-015	8.587453e-015	-5.770036e-013	3.426915e-005	-3.426915e-005	3.426915e-005	4.900586e-003	-4.656959e-005	4.656959e-005	9.795826e-015	-9.030812e-015	4.934856e-003
1.096557625665426e-003	-6.997104e-002	-6.996488e-002	-5.000000e+000	-2.656599e+000	-2.343401e+000	-2.656286e+000	-2.656280e+000	-2.656251e+000	-2.656251e+000	-2.726251e+000	-2.726251e+000	5.349871e-013	-5.340989e-013	-4.458680e-003	4.458680e-003	-7.801214e-015	7.842741e-015	-5.262506e-013	3.128791e-005	-3.128791e-005	3.128791e-005	4.474260e-003	-4.686802e-005	4.686802e-005	8.973662e-015	-8.205365e-015	4.505548e-003
1.099700482808283e-003	-6.997365e-002	-6.996798e-002	-5.000000e+000	-2.643018e+000	-2.356982e+000	-2.642733e+000	-2.642727e+000	-2.642701e+000	-2.642701e+000	-2.712701e+000	-2.712701e+000	4.881459e-013	-4.872577e-013	-4.067675e-003	4.067675e-003	-7.122277e-015	7.164991e-015	-4.799640e-013	2.857454e-005	-2.857454e-005	2.857454e-005	4.086240e-003	-4.713963e-005	4.713963e-005	8.273094e-015	-7.590707e-015	4.114815e-003
1.102843339951140e-003	-6.997605e-002	-6.997076e-002	-5.000000e+000	-2.630779e+000	-2.369221e+000	-2.630517e+000	-2.630512e+000	-2.630488e+000	-2.630488e+000	-2.700488e+000	-2.700488e+000	4.459302e-013	-4.450420e-013	-3.715270e-003	3.715270e-003	-6.510312e-015	6.554203e-015	-4.381440e-013	2.612903e-005	-2.612903e-005	2.612903e-005	3.736526e-003	-4.738443e-005	4.738443e-005	7.694122e-015	-7.186840e-015	3.762655e-003
1.105986197093997e-003	-6.997824e-002	-6.997323e-002	-5.000000e+000	-2.619879e+000	-2.380121e+000	-2.619640e+000	-2.619635e+000	-2.619613e+000	-2.619613e+000	-2.689613e+000	-2.689613e+000	4.083400e-013	-4.074519e-013	-3.401466e-003	3.401466e-003	-5.965318e-015	6.010376e-015	-4.007905e-013	2.395139e-005	-2.395139e-005	2.395139e-005	3.425117e-003	-4.760242e-005	4.760242e-005	7.236745e-015	-6.993763e-015	3.449068e-003
1.109129054236854e-003	-6.997999e-002	-6.997547e-002	-5.000000e+000	-2.609825e+000	-2.390175e+000	-2.609605e+000	-2.609601e+000	-2.609581e+000	-2.609581e+000	-2.679581e+000	-2.679581e+000	3.735764e-013	-3.727053e-013	-3.111987e-003	3.111987e-003	-5.462530e-015	5.508749e-015	-3.669712e-013	2.194256e-005	-2.194256e-005	2.194256e-005	3.137848e-003	-4.780351e-005	4.780351e-005	6.216584e-015	-5.723091e-015	3.159791e-003
1.112271911379711e-003	-6.998165e-002	-6.997755e-002	-5.000000e+000	-2.600482e+000	-2.399518e+000	-2.600281e+000	-2.600277e+000	-2.600259e+000	-2.600259e+000	-2.670259e+000	-2.670259e+000	3.412863e-013	-3.404266e-013	-2.842996e-003	2.842996e-003	-4.995286e-015	5.042663e-015	-3.354111e-013	2.007590e-005	-2.007590e-005	2.007590e-005	2.870911e-003	-4.799036e-005	4.799036e-005	5.405154e-015	-4.824119e-015	2.890987e-003
1.115414768522568e-003	-6.998321e-002	-6.997948e-002	-5.000000e+000	-2.591851e+000	-2.408149e+000	-2.591667e+000	-2.591663e+000	-2.591647e+000	-2.591647e+000	-2.661647e+000	-2.661647e+000	3.114697e-013	-3.106156e-013	-2.594493e-003	2.594493e-003	-4.563587e-015	4.612119e-015	-3.061101e-013	1.835141e-005	-1.835141e-005	1.835141e-005	2.624304e-003	-4.816299e-005	4.816299e-005	4.802455e-015	-4.296848e-015	2.642656e-003
1.118557625665425e-003	-6.998468e-002	-6.998125e-002	-5.000000e+000	-2.583931e+000	-2.416069e+000	-2.583763e+000	-2.583760e+000	-2.583745e+000	-2.583745e+000	-2.653745e+000	-2.653745e+000	2.841264e-013	-2.832724e-013	-2.366476e-003	2.366476e-003	-4.167432e-015	4.217117e-015	-2.790682e-013	1.676910e-005	-1.676910e-005	1.676910e-005	2.398029e-003	-4.832138e-005	4.832138e-005	4.408487e-015	-4.141277e-015	2.414798e-003
1.121700482808281e-003	-6.998605e-002	-6.998286e-002	-5.000000e+000	-2.576723e+000	-2.423277e+000	-2.576570e+000	-2.576567e+000	-2.576553e+000	-2.576553e+000	-2.646553e+000	-2.646553e+000	2.592567e-013	-2.583970e-013	-2.158948e-003	2.158948e-003	-3.806822e-015	3.857656e-015	-2.542855e-013	1.532895e-005	-1.532895e-005	1.532895e-005	2.192084e-003	-4.846554e-005	4.846554e-005	4.223250e-015	-4.357407e-015	2.207413e-003
1.124843339951138e-003	-6.998732e-002	-6.998432e-002	-5.000000e+000	-2.570227e+000	-2.429773e+000	-2.570086e+000	-2.570083e+000	-2.570071e+000	-2.570071e+000	-2.640071e+000	-2.640071e+000	2.368604e-013	-2.359893e-013	-1.971906e-003	1.971906e-003	-3.481756e-015	3.533737e-015	-2.317619e-013	1.403098e-005	-1.403098e-005	1.403098e-005	2.006471e-003	-4.859547e-005	4.859547e-005	4.246744e-015	-4.945237e-015	2.020502e-003
1.127986197093995e-003	-6.998849e-002	-6.998563e-002	-5.000000e+000	-2.564442e+000	-2.435558e+000	-2.564313e+000	-2.564310e+000	-2.564299e+000	-2.564299e+000	-2.634299e+000	-2.634299e+000	2.169376e-013	-2.160494e-013	-1.805352e-003	1.805352e-003	-3.192234e-015	3.245359e-015	-2.114975e-013	1.287519e-005	-1.287519e-005	1.287519e-005	1.841188e-003	-4.871117e-005	4.871117e-005	4.478968e-015	-5.904768e-015	1.854063e-003
1.131129054236852e-003	-6.998947e-002	-6.998693e-002	-5.000000e+000	-2.559105e+000	-2.440895e+000	-2.558987e+000	-2.558985e+000	-2.558974e+000	-2.558974e+000	-2.628974e+000	-2.628974e+000	1.984706e-013	-1.976357e-013	-1.651710e-003	1.651710e-003	-2.925109e-015	2.979383e-015	-1.940244e-013	1.180898e-005	-1.180898e-005	1.180898e-005	1.688718e-003	-4.881790e-005	4.881790e-005	3.690922e-015	-4.597886e-015	1.700527e-003
1.134271911379709e-003	-6.999038e-002	-6.998812e-002	-5.000000e+000	-2.554146e+000	-2.445854e+000	-2.554038e+000	-2.554036e+000	-2.554026e+000	-2.554026e+000	-2.624026e+000	-2.624026e+000	1.813220e-013	-1.805225e-013	-1.508941e-003	1.508941e-003	-2.676853e-015	2.732267e-015	-1.776968e-013	1.081824e-005	-1.081824e-005	1.081824e-005	1.547039e-003	-4.891707e-005	4.891707e-005	3.059765e-015	-3.510387e-015	1.557858e-003
1.137414768522566e-003	-6.999120e-002	-6.998919e-002	-5.000000e+000	-2.549565e+000	-2.450435e+000	-2.549466e+000	-2.549464e+000	-2.549455e+000	-2.549455e+000	-2.619455e+000	-2.619455e+000	1.654915e-013	-1.647098e-013	-1.377046e-003	1.377046e-003	-2.447466e-015	2.504013e-015	-1.625148e-013	9.902958e-006	-9.902958e-006	9.902958e-006	1.416151e-003	-4.900869e-005	4.900869e-005	2.585499e-015	-2.642271e-015	1.426054e-003
1.140557625665423e-003	-6.999195e-002	-6.999014e-002	-5.000000e+000	-2.545362e+000	-2.454638e+000	-2.545271e+000	-2.545269e+000	-2.545261e+000	-2.545261e+000	-2.615261e+000	-2.615261e+000	1.509793e-013	-1.501976e-013	-1.256024e-003	1.256024e-003	-2.236947e-015	2.294620e-015	-1.484784e-013	9.063133e-006	-9.063133e-006	9.063133e-006	1.296054e-003	-4.909276e-005	4.909276e-005	2.268122e-015	-1.993539e-015	1.305117e-003
1.143700482808280e-003	-6.999262e-002	-6.999098e-002	-5.000000e+000	-2.541536e+000	-2.458464e+000	-2.541453e+000	-2.541451e+000	-2.541444e+000	-2.541444e+000	-2.611444e+000	-2.611444e+000	1.377854e-013	-1.369859e-013	-1.145877e-003	1.145877e-003	-2.045296e-015	2.104088e-015	-1.355876e-013	8.298767e-006	-8.298767e-006	8.298767e-006	1.186747e-003	-4.916928e-005	4.916928e-005	2.107635e-015	-1.564190e-015	1.195046e-003
1.146843339951136e-003	-6.999322e-002	-6.999170e-002	-5.000000e+000	-2.538088e+000	-2.461912e+000	-2.538012e+000	-2.538010e+000	-2.538004e+000	-2.538004e+000	-2.608004e+000	-2.608004e+000	1.259096e-013	-1.250747e-013	-1.046603e-003	1.046603e-003	-1.872513e-015	1.932417e-015	-1.238424e-013	7.609860e-006	-7.609860e-006	7.609860e-006	1.088232e-003	-4.923824e-005	4.923824e-005	2.104038e-015	-1.354225e-015	1.095842e-003
1.149986197093993e-003	-6.999373e-002	-6.999230e-002	-5.000000e+000	-2.535018e+000	-2.464982e+000	-2.534948e+000	-2.534946e+000	-2.534940e+000	-2.534940e+000	-2.604940e+000	-2.604940e+000	1.153522e-013	-1.144640e-013	-9.582036e-004	9.582036e-004	-1.718599e-015	1.779607e-015	-1.132427e-013	6.996412e-006	-6.996412e-006	6.996412e-006	1.000507e-003	-4.929964e-005	4.929964e-005	2.257331e-015	-1.363643e-015	1.007503e-003
1.153129054236850e-003	-6.999435e-002	-6.999297e-002	-5.000000e+000	-2.532185e+000	-2.467815e+000	-2.532121e+000	-2.532120e+000	-2.532114e+000	-2.532114e+000	-2.602114e+000	-2.602114e+000	1.055431e-013	-1.046709e-013	-8.766566e-004	8.766566e-004	-1.576564e-015	1.638695e-015	-1.032291e-013	6.430518e-006	-6.430518e-006	6.430518e-006	9.195824e-004	-4.935629e-005	4.935629e-005	2.169104e-015	-1.600553e-015	9.260130e-004
1.156271911379707e-003	-6.999491e-002	-6.999359e-002	-5.000000e+000	-2.529553e+000	-2.470447e+000	-2.529495e+000	-2.529493e+000	-2.529488e+000	-2.529488e+000	-2.599488e+000	-2.599488e+000	9.643431e-014	-9.557281e-014	-8.008810e-004	8.008810e-004	-1.444544e-015	1.507793e-015	-9.404218e-014	5.904674e-006	-5.904674e-006	5.904674e-006	8.443853e-004	-4.940893e-005	4.940893e-005	2.041674e-015	-1.712153e-015	8.502900e-004
1.159414768522564e-003	-6.999541e-002	-6.999417e-002	-5.000000e+000	-2.527122e+000	-2.472878e+000	-2.527068e+000	-2.527067e+000	-2.527062e+000	-2.527062e+000	-2.597062e+000	-2.597062e+000	8.802586e-014	-8.716971e-014	-7.308768e-004	7.308768e-004	-1.322539e-015	1.386902e-015	-8.568187e-014	5.418881e-006	-5.418881e-006	5.418881e-006	7.749154e-004	-4.945756e-005	4.945756e-005	1.875042e-015	-1.698444e-015	7.803343e-004
1.162557625665421e-003	-6.999586e-002	-6.999472e-002	-5.000000e+000	-2.524891e+000	-2.475109e+000	-2.524841e+000	-2.524840e+000	-2.524836e+000	-2.524836e+000	-2.594836e+000	-2.594836e+000	8.031774e-014	-7.946159e-014	-6.666439e-004	6.666439e-004	-1.210548e-015	1.276021e-015	-7.814822e-014	4.973138e-006	-4.973138e-006	4.973138e-006	7.111729e-004	-4.950218e-005	4.950218e-005	1.669209e-015	-1.559425e-015	7.161460e-004
1.165700482808278e-003	-6.999624e-002	-6.999522e-002	-5.000000e+000	-2.522860e+000	-2.477140e+000	-2.522815e+000	-2.522814e+000	-2.522810e+000	-2.522810e+000	-2.592810e+000	-2.592810e+000	7.330995e-014	-7.244845e-014	-6.081824e-004	6.081824e-004	-1.108572e-015	1.175150e-015	-7.144121e-014	4.567445e-006	-4.567445e-006	4.567445e-006	6.531577e-004	-4.954279e-005	4.954279e-005	1.424173e-015	-1.295097e-015	6.577251e-004
1.168843339951134e-003	-6.999657e-002	-6.999569e-002	-5.000000e+000	-2.521030e+000	-2.478970e+000	-2.520988e+000	-2.520988e+000	-2.520984e+000	-2.520984e+000	-2.590984e+000	-2.590984e+000	6.700248e-014	-6.613031e-014	-5.554922e-004	5.554922e-004	-1.016611e-015	1.084291e-015	-6.556086e-014	4.201803e-006	-4.201803e-006	4.201803e-006	6.008698e-004	-4.957939e-005	4.957939e-005	1.139935e-015	-9.054592e-016	6.050716e-004
1.171986197093991e-003	-6.999683e-002	-6.999612e-002	-5.000000e+000	-2.519401e+000	-2.480599e+000	-2.519362e+000	-2.519361e+000	-2.519358e+000	-2.519358e+000	-2.589358e+000	-2.589358e+000	6.139533e-014	-6.050715e-014	-5.085734e-004	5.085734e-004	-9.346641e-016	1.003441e-015	-6.050715e-014	3.876211e-006	-3.876211e-006	3.876211e-006	5.543092e-004	-4.961198e-005	4.961198e-005	8.164949e-016	-3.905118e-016	5.581854e-004
1.175129054236848e-003	-6.999715e-002	-6.999642e-002	-5.000000e+000	-2.517898e+000	-2.482102e+000	-2.517862e+000	-2.517861e+000	-2.517858e+000	-2.517858e+000	-2.587858e+000	-2.587858e+000	5.621054e-014	-5.535162e-014	-4.652918e-004	4.652918e-004	-8.590282e-016	9.289011e-016	-5.495557e-014	3.575859e-006	-3.575859e-006	3.575859e-006	5.113580e-004	-4.964205e-005	4.964205e-005	1.064723e-015	-5.127943e-016	5.149338e-004
1.178271911379705e-003	-6.999744e-002	-6.999669e-002	-5.000000e+000	-2.516501e+000	-2.483499e+000	-2.516468e+000	-2.516467e+000	-2.516464e+000	-2.516464e+000	-2.586464e+000	-2.586464e+000	5.139002e-014	-5.055061e-014	-4.250733e-004	4.250733e-004	-7.887072e-016	8.596744e-016	-4.987996e-014	3.296763e-006	-3.296763e-006	3.296763e-006	4.714465e-004	-4.966999e-005	4.966999e-005	1.224886e-015	-5.980861e-016	4.747433e-004
1.181414768522562e-003	-6.999768e-002	-6.999695e-002	-5.000000e+000	-2.515210e+000	-2.484790e+000	-2.515180e+000	-2.515179e+000	-2.515177e+000	-2.515177e+000	-2.585177e+000	-2.585177e+000	4.693378e-014	-4.610413e-014	-3.879181e-004	3.879181e-004	-7.237012e-016	7.957612e-016	-4.528031e-014	3.038925e-006	-3.038925e-006	3.038925e-006	4.345749e-004	-4.969580e-005	4.969580e-005	1.296982e-015	-6.463875e-016	4.376139e-004
1.184557625665419e-003	-6.999788e-002	-6.999719e-002	-5.000000e+000	-2.514026e+000	-2.485974e+000	-2.513998e+000	-2.513997e+000	-2.513995e+000	-2.513995e+000	-2.583995e+000	-2.583995e+000	4.284181e-014	-4.201216e-014	-3.538260e-004	3.538260e-004	-6.640103e-016	7.371616e-016	-4.115662e-014	2.802344e-006	-2.802344e-006	2.802344e-006	4.007431e-004	-4.971948e-005	4.971948e-005	1.281012e-015	-6.576983e-016	4.035455e-004
1.187700482808276e-003	-6.999805e-002	-6.999741e-002	-5.000000e+000	-2.512948e+000	-2.487052e+000	-2.512923e+000	-2.512922e+000	-2.512920e+000	-2.512920e+000	-2.582920e+000	-2.582920e+000	3.911412e-014	-3.827472e-014	-3.227971e-004	3.227971e-004	-6.096343e-016	6.838754e-016	-3.750890e-014	2.587019e-006	-2.587019e-006	2.587019e-006	3.699511e-004	-4.974103e-005	4.974103e-005	1.176976e-015	-6.320185e-016	3.725382e-004
1.190843339951133e-003	-6.999818e-002	-6.999761e-002	-5.000000e+000	-2.511977e+000	-2.488023e+000	-2.511953e+000	-2.511953e+000	-2.511951e+000	-2.511951e+000	-2.581951e+000	-2.581951e+000	3.575071e-014	-3.489180e-014	-2.948315e-004	2.948315e-004	-5.605732e-016	6.359028e-016	-3.433715e-014	2.392952e-006	-2.392952e-006	2.392952e-006	3.421990e-004	-4.976046e-005	4.976046e-005	9.848741e-016	-5.693482e-016	3.445919e-004
1.193986197093990e-003	-6.999826e-002	-6.999779e-002	-5.000000e+000	-2.511112e+000	-2.488888e+000	-2.511090e+000	-2.511089e+000	-2.511088e+000	-2.511088e+000	-2.581088e+000	-2.581088e+000	3.275158e-014	-3.186340e-014	-2.699290e-004	2.699290e-004	-5.168272e-016	5.932437e-016	-3.164136e-014	2.220142e-006	-2.220142e-006	2.220142e-006	3.174866e-004	-4.977776e-005	4.977776e-005	7.047060e-016	-4.696874e-016	3.197067e-004
1.197129054236847e-003	-6.999842e-002	-6.999792e-002	-5.000000e+000	-2.510314e+000	-2.489686e+000	-2.510294e+000	-2.510293e+000	-2.510292e+000	-2.510292e+000	-2.580291e+000	-2.580291e+000	3.000581e-014	-2.912752e-014	-2.469569e-004	2.469569e-004	-4.764331e-016	5.539308e-016	-2.888326e-014	2.060728e-006	-2.060728e-006	2.060728e-006	2.946899e-004	-4.979372e-005	4.979372e-005	7.823043e-016	-4.636717e-016	2.967507e-004
1.200271911379703e-003	-6.999857e-002	-6.999806e-002	-5.000000e+000	-2.509573e+000	-2.490427e+000	-2.509554e+000	-2.509553e+000	-2.509552e+000	-2.509552e+000	-2.579552e+000	-2.579552e+000	2.745101e-014	-2.658989e-014	-2.256107e-004	2.256107e-004	-4.388607e-016	5.174372e-016	-2.633082e-014	1.912596e-006	-1.912596e-006	1.912596e-006	2.735067e-004	-4.980854e-005	4.980854e-005	7.940434e-016	-4.835299e-016	2.754193e-004
1.203414768522560e-003	-6.999869e-002	-6.999820e-002	-5.000000e+000	-2.508888e+000	-2.491112e+000	-2.508870e+000	-2.508870e+000	-2.508868e+000	-2.508868e+000	-2.578868e+000	-2.578868e+000	2.508718e-014	-2.425050e-014	-2.058903e-004	2.058903e-004	-4.041101e-016	4.837630e-016	-2.398403e-014	1.775746e-006	-1.775746e-006	1.775746e-006	2.539368e-004	-4.982224e-005	4.982224e-005	7.399232e-016	-5.292620e-016	2.557125e-004
1.206557625665417e-003	-6.999879e-002	-6.999833e-002	-5.000000e+000	-2.508259e+000	-2.491741e+000	-2.508243e+000	-2.508242e+000	-2.508241e+000	-2.508241e+000	-2.578241e+000	-2.578241e+000	2.291432e-014	-2.210936e-014	-1.877957e-004	1.877957e-004	-3.721813e-016	4.529082e-016	-2.184288e-014	1.650179e-006	-1.650179e-006	1.650179e-006	2.359803e-004	-4.983481e-005	4.983481e-005	6.199438e-016	-6.008679e-016	2.376305e-004
1.209700482808274e-003	-6.999887e-002	-6.999847e-002	-5.000000e+000	-2.507687e+000	-2.492313e+000	-2.507672e+000	-2.507672e+000	-2.507671e+000	-2.507671e+000	-2.577670e+000	-2.577670e+000	2.093242e-014	-2.016646e-014	-1.713269e-004	1.713269e-004	-3.430743e-016	4.248728e-016	-1.990739e-014	1.535894e-006	-1.535894e-006	1.535894e-006	2.196372e-004	-4.984625e-005	4.984625e-005	4.341051e-016	-6.983478e-016	2.211732e-004
1.212843339951131e-003	-6.999894e-002	-6.999860e-002	-5.000000e+000	-2.507172e+000	-2.492828e+000	-2.507158e+000	-2.507157e+000	-2.507156e+000	-2.507156e+000	-2.577156e+000	-2.577156e+000	1.914149e-014	-1.842180e-014	-1.564839e-004	1.564839e-004	-3.167890e-016	3.996567e-016	-1.817754e-014	1.432892e-006	-1.432892e-006	1.432892e-006	2.049076e-004	-4.985656e-005	4.985656e-005	1.824072e-016	-8.217016e-016	2.063405e-004
1.215986197093988e-003	-6.999898e-002	-6.999874e-002	-5.000000e+000	-2.506713e+000	-2.493287e+000	-2.506699e+000	-2.506699e+000	-2.506698e+000	-2.506698e+000	-2.576698e+000	-2.576698e+000	1.754152e-014	-1.687539e-014	-1.432667e-004	1.432667e-004	-2.933255e-016	3.772601e-016	-1.665335e-014	1.341171e-006	-1.341171e-006	1.341171e-006	1.917913e-004	-4.986575e-005	4.986575e-005	-1.351500e-016	-9.709293e-016	1.931325e-004
1.219129054236845e-003	-6.999905e-002	-6.999893e-002	-5.000000e+000	-2.506289e+000	-2.493711e+000	-2.506277e+000	-2.506277e+000	-2.506276e+000	-2.506276e+000	-2.576276e+000	-2.576276e+000	1.605071e-014	-1.535247e-014	-1.310742e-004	1.310742e-004	-2.716522e-016	3.566283e-016	-1.485908e-014	1.256561e-006	-1.256561e-006	1.256561e-006	1.796918e-004	-4.987421e-005	4.987421e-005	4.088284e-016	-8.216419e-016	1.809484e-004
1.222271911379701e-003	-6.999912e-002	-6.999907e-002	-5.000000e+000	-2.505896e+000	-2.494104e+000	-2.505884e+000	-2.505884e+000	-2.505883e+000	-2.505883e+000	-2.575883e+000	-2.575883e+000	1.468147e-014	-1.395126e-014	-1.197445e-004	1.197445e-004	-2.514740e-016	3.374955e-016	-1.334570e-014	1.177939e-006	-1.177939e-006	1.177939e-006	1.684486e-004	-4.988208e-005	4.988208e-005	7.349337e-016	-6.364873e-016	1.696266e-004
1.225414768522558e-003	-6.999918e-002	-6.999918e-002	-5.000000e+000	-2.505532e+000	-2.494468e+000	-2.505521e+000	-2.505521e+000	-2.505520e+000	-2.505520e+000	-2.575520e+000	-2.575520e+000	1.343381e-014	-1.267175e-014	-1.092777e-004	1.092777e-004	-2.327908e-016	3.198618e-016	-1.211320e-014	1.105305e-006	-1.105305e-006	1.105305e-006	1.580618e-004	-4.988936e-005	4.988936e-005	8.431659e-016	-4.154656e-016	1.591671e-004
1.228557625665415e-003	-6.999925e-002	-6.999925e-002	-5.000000e+000	-2.505199e+000	-2.494801e+000	-2.505188e+000	-2.505188e+000	-2.505187e+000	-2.505187e+000	-2.575187e+000	-2.575187e+000	1.230773e-014	-1.151395e-014	-9.967390e-005	9.967390e-005	-2.156027e-016	3.037271e-016	-1.116158e-014	1.038659e-006	-1.038659e-006	1.038659e-006	1.485313e-004	-4.989603e-005	4.989603e-005	7.335248e-016	-1.585767e-016	1.495699e-004
1.231700482808272e-003	-6.999932e-002	-6.999928e-002	-5.000000e+000	-2.504895e+000	-2.495105e+000	-2.504885e+000	-2.504885e+000	-2.504884e+000	-2.504884e+000	-2.574884e+000	-2.574884e+000	1.130322e-014	-1.047785e-014	-9.093297e-005	9.093297e-005	-1.999096e-016	2.890914e-016	-1.049084e-014	9.780019e-007	-9.780019e-007	9.780019e-007	1.398571e-004	-4.990210e-005	4.990210e-005	4.060106e-016	1.341793e-016	1.408351e-004
1.234843339951129e-003	-6.999939e-002	-6.999927e-002	-5.000000e+000	-2.504621e+000	-2.495379e+000	-2.504612e+000	-2.504612e+000	-2.504611e+000	-2.504611e+000	-2.574611e+000	-2.574611e+000	1.042029e-014	-9.563453e-015	-8.305495e-005	8.305495e-005	-1.857116e-016	2.759547e-016	-1.010098e-014	9.233326e-007	-9.233326e-007	9.233326e-007	1.320392e-004	-4.990757e-005	4.990757e-005	-1.393767e-016	4.628025e-016	1.329625e-004
1.237986197093986e-003	-6.999946e-002	-6.999922e-002	-5.000000e+000	-2.504378e+000	-2.495622e+000	-2.504369e+000	-2.504369e+000	-2.504368e+000	-2.504368e+000	-2.574368e+000	-2.574368e+000	9.658940e-015	-8.770762e-015	-7.603985e-005	7.603985e-005	-1.730086e-016	2.643170e-016	-9.992007e-015	8.746514e-007	-8.746514e-007	8.746514e-007	1.250776e-004	-4.991245e-005	4.991245e-005	-9.026373e-016	8.272928e-016	1.259523e-004
1.241129054236843e-003	-6.999952e-002	-6.999929e-002	-5.000000e+000	-2.504153e+000	-2.495847e+000	-2.504145e+000	-2.504144e+000	-2.504144e+000	-2.504144e+000	-2.574144e+000	-2.574144e+000	8.795772e-015	-7.981287e-015	-6.956855e-005	6.956855e-005	-1.612410e-016	2.536310e-016	-8.597809e-015	8.297439e-007	-8.297439e-007	8.297439e-007	1.186557e-004	-4.991694e-005	4.991694e-005	-2.357599e-016	6.669468e-016	1.194855e-004
1.244271911379700e-003	-6.999959e-002	-6.999935e-002	-5.000000e+000	-2.503944e+000	-2.496056e+000	-2.503936e+000	-2.503936e+000	-2.503936e+000	-2.503936e+000	-2.573936e+000	-2.573936e+000	8.014143e-015	-7.248786e-015	-6.355525e-005	6.355525e-005	-1.502708e-016	2.437366e-016	-7.351137e-015	7.880147e-007	-7.880147e-007	7.880147e-007	1.126883e-004	-4.992112e-005	4.992112e-005	3.524426e-016	4.888783e-016	1.134764e-004
1.247414768522556e-003	-6.999966e-002	-6.999942e-002	-5.000000e+000	-2.503751e+000	-2.496249e+000	-2.503744e+000	-2.503743e+000	-2.503743e+000	-2.503743e+000	-2.573743e+000	-2.573743e+000	7.314052e-015	-6.573259e-015	-5.799994e-005	5.799994e-005	-1.400980e-016	2.346338e-016	-6.251991e-015	7.494637e-007	-7.494637e-007	7.494637e-007	1.071755e-004	-4.992498e-005	4.992498e-005	8.619703e-016	2.930875e-016	1.079249e-004
1.250557625665413e-003	-6.999973e-002	-6.999949e-002	-5.000000e+000	-2.503574e+000	-2.496426e+000	-2.503567e+000	-2.503567e+000	-2.503566e+000	-2.503566e+000	-2.573566e+000	-2.573566e+000	6.695499e-015	-5.954706e-015	-5.290264e-005	5.290264e-005	-1.307228e-016	2.263227e-016	-5.300371e-015	7.140911e-007	-7.140911e-007	7.140911e-007	1.021171e-004	-4.992852e-005	4.992852e-005	1.292823e-015	7.957432e-017	1.028312e-004
1.253700482808270e-003	-6.999980e-002	-6.999956e-002	-5.000000e+000	-2.503413e+000	-2.496587e+000	-2.503406e+000	-2.503406e+000	-2.503406e+000	-2.503406e+000	-2.573406e+000	-2.573406e+000	6.158484e-015	-5.393127e-015	-4.826333e-005	4.826333e-005	-1.221450e-016	2.188033e-016	-4.496278e-015	6.818966e-007	-6.818966e-007	6.818966e-007	9.751317e-005	-4.993174e-005	4.993174e-005	1.645001e-015	-1.516612e-016	9.819506e-005
1.256843339951127e-003	-6.999987e-002	-6.999963e-002	-5.000000e+000	-2.503268e+000	-2.496732e+000	-2.503261e+000	-2.503261e+000	-2.503261e+000	-2.503261e+000	-2.573261e+000	-2.573261e+000	5.703008e-015	-4.888523e-015	-4.408201e-005	4.408201e-005	-1.143648e-016	2.120755e-016	-3.839710e-015	6.528805e-007	-6.528805e-007	6.528805e-007	9.336378e-005	-4.993465e-005	4.993465e-005	1.918504e-015	-4.006191e-016	9.401666e-005
1.259986197093984e-003	-6.999993e-002	-6.999969e-002	-5.000000e+000	-2.503138e+000	-2.496862e+000	-2.503132e+000	-2.503132e+000	-2.503132e+000	-2.503132e+000	-2.573132e+000	-2.573132e+000	5.329071e-015	-4.440892e-015	-4.035869e-005	4.035869e-005	-1.073820e-016	2.061393e-016	-3.330669e-015	6.270426e-007	-6.270426e-007	6.270426e-007	8.966889e-005	-4.993723e-005	4.993723e-005	2.113333e-015	-6.672993e-016	9.029593e-005
1.263129054236841e-003	-6.999984e-002	-6.999969e-002	-5.000000e+000	-2.503019e+000	-2.496981e+000	-2.503013e+000	-2.503013e+000	-2.503013e+000	-2.503013e+000	-2.573013e+000	-2.573013e+000	4.867252e-015	-4.028352e-015	-3.692400e-005	3.692400e-005	-1.008939e-016	2.007100e-016	-3.474076e-015	6.032076e-007	-6.032076e-007	6.032076e-007	8.626042e-005	-4.993962e-005	4.993962e-005	1.256488e-015	-4.665399e-016	8.686363e-005
1.266271911379698e-003	-6.999977e-002	-6.999969e-002	-5.000000e+000	-2.502908e+000	-2.497092e+000	-2.502902e+000	-2.502902e+000	-2.502902e+000	-2.502902e+000	-2.572902e+000	-2.572902e+000	4.448350e-015	-3.647590e-015	-3.373240e-005	3.373240e-005	-9.482939e-017	1.957004e-016	-3.516814e-015	5.810596e-007	-5.810596e-007	5.810596e-007	8.309318e-005	-4.994183e-005	4.994183e-005	6.291776e-016	-3.514835e-016	8.367424e-005
1.269414768522555e-003	-6.999971e-002	-6.999969e-002	-5.000000e+000	-2.502806e+000	-2.497194e+000	-2.502800e+000	-2.502800e+000	-2.502800e+000	-2.502800e+000	-2.572800e+000	-2.572800e+000	4.072366e-015	-3.298606e-015	-3.078388e-005	3.078388e-005	-8.918856e-017	1.911106e-016	-3.458880e-015	5.605984e-007	-5.605984e-007	5.605984e-007	8.016717e-005	-4.994388e-005	4.994388e-005	2.314030e-016	-3.221302e-016	8.072777e-005
1.272557625665412e-003	-6.999968e-002	-6.999969e-002	-5.000000e+000	-2.502712e+000	-2.497288e+000	-2.502706e+000	-2.502706e+000	-2.502706e+000	-2.502706e+000	-2.572706e+000	-2.572706e+000	3.739299e-015	-2.981399e-015	-2.807845e-005	2.807845e-005	-8.397138e-017	1.869407e-016	-3.300277e-015	5.418241e-007	-5.418241e-007	5.418241e-007	7.748239e-005	-4.994576e-005	4.994576e-005	6.316378e-017	-3.784800e-016	7.802422e-005
1.275700482808269e-003	-6.999967e-002	-6.999969e-002	-5.000000e+000	-2.502626e+000	-2.497374e+000	-2.502621e+000	-2.502621e+000	-2.502621e+000	-2.502621e+000	-2.572621e+000	-2.572621e+000	3.449149e-015	-2.695970e-015	-2.561610e-005	2.561610e-005	-7.917784e-017	1.831905e-016	-3.041004e-015	5.247367e-007	-5.247367e-007	5.247367e-007	7.503884e-005	-4.994747e-005	4.994747e-005	1.244599e-016	-5.205330e-016	7.556358e-005
1.278843339951125e-003	-6.999967e-002	-6.999969e-002	-5.000000e+000	-2.502549e+000	-2.497451e+000	-2.502544e+000	-2.502544e+000	-2.502544e+000	-2.502544e+000	-2.572544e+000	-2.572544e+000	3.201917e-015	-2.442319e-015	-2.339684e-005	2.339684e-005	-7.480793e-017	1.798601e-016	-2.681060e-015	5.093361e-007	-5.093361e-007	5.093361e-007	7.283652e-005	-4.994901e-005	4.994901e-005	4.152913e-016	-7.482890e-016	7.334586e-005
1.281986197093982e-003	-6.999969e-002	-6.999969e-002	-5.000000e+000	-2.502481e+000	-2.497519e+000	-2.502476e+000	-2.502476e+000	-2.502476e+000	-2.502476e+000	-2.572475e+000	-2.572475e+000	2.997602e-015	-2.220446e-015	-2.142066e-005	2.142066e-005	-7.086167e-017	1.769496e-016	-2.220446e-015	4.956225e-007	-4.956225e-007	4.956225e-007	7.087543e-005	-4.995039e-005	4.995039e-005	9.356580e-016	-1.061748e-015	7.137105e-005
1.285129054236839e-003	-6.999979e-002	-6.999979e-002	-5.000000e+000	-2.502417e+000	-2.497583e+000	-2.502413e+000	-2.502413e+000	-2.502412e+000	-2.502412e+000	-2.572412e+000	-2.572412e+000	2.823158e-015	-1.996225e-015	-1.959768e-005	1.959768e-005	-6.717908e-017	1.743069e-016	-1.732942e-015	4.829719e-007	-4.829719e-007	4.829719e-007	6.906636e-005	-4.995165e-005	4.995165e-005	9.840403e-016	-9.624602e-016	6.954933e-005
1.288271911379696e-003	-6.999986e-002	-6.999986e-002	-5.000000e+000	-2.502358e+000	-2.497642e+000	-2.502354e+000	-2.502354e+000	-2.502354e+000	-2.502354e+000	-2.572354e+000	-2.572354e+000	2.648707e-015	-1.783303e-015	-1.790371e-005	1.790371e-005	-6.372213e-017	1.718862e-016	-1.381505e-015	4.712167e-007	-4.712167e-007	4.712167e-007	6.738533e-005	-4.995283e-005	4.995283e-005	9.871926e-016	-8.400005e-016	6.785654e-005
1.291414768522553e-003	-6.999991e-002	-6.999991e-002	-5.000000e+000	-2.502304e+000	-2.497696e+000	-2.502299e+000	-2.502299e+000	-2.502299e+000	-2.502299e+000	-2.572299e+000	-2.572299e+000	2.474250e-015	-1.581680e-015	-1.633877e-005	1.633877e-005	-6.049082e-017	1.696875e-016	-1.166136e-015	4.603567e-007	-4.603567e-007	4.603567e-007	6.583233e-005	-4.995392e-005	4.995392e-005	9.451150e-016	-6.943691e-016	6.629268e-005
1.294557625665410e-003	-6.999995e-002	-6.999995e-002	-5.000000e+000	-2.502254e+000	-2.497746e+000	-2.502250e+000	-2.502250e+000	-2.502250e+000	-2.502250e+000	-2.572250e+000	-2.572250e+000	2.299786e-015	-1.391356e-015	-1.490284e-005	1.490284e-005	-5.748515e-017	1.677109e-016	-1.086834e-015	4.503921e-007	-4.503921e-007	4.503921e-007	6.440736e-005	-4.995491e-005	4.995491e-005	8.578075e-016	-5.255660e-016	6.485775e-005
1.297700482808267e-003	-6.999996e-002	-6.999996e-002	-5.000000e+000	-2.502209e+000	-2.497791e+000	-2.502204e+000	-2.502204e+000	-2.502204e+000	-2.502204e+000	-2.572204e+000	-2.572204e+000	2.125316e-015	-1.212331e-015	-1.359593e-005	1.359593e-005	-5.470511e-017	1.659563e-016	-1.143600e-015	4.413229e-007	-4.413229e-007	4.413229e-007	6.311043e-005	-4.995582e-005	4.995582e-005	7.252700e-016	-3.335911e-016	6.355175e-005
1.300843339951123e-003	-6.999996e-002	-6.999996e-002	-5.000000e+000	-2.502168e+000	-2.497832e+000	-2.502164e+000	-2.502164e+000	-2.502164e+000	-2.502164e+000	-2.572163e+000	-2.572163e+000	1.950840e-015	-1.044605e-015	-1.241804e-005	1.241804e-005	-5.215071e-017	1.644238e-016	-1.336434e-015	4.331489e-007	-4.331489e-007	4.331489e-007	6.194153e-005	-4.995664e-005	4.995664e-005	5.475025e-016	-1.184445e-016	6.237468e-005
1.303986197093980e-003	-6.999993e-002	-6.999993e-002	-5.000000e+000	-2.502131e+000	-2.497869e+000	-2.502127e+000	-2.502127e+000	-2.502127e+000	-2.502127e+000	-2.572127e+000	-2.572127e+000	1.776357e-015	-8.881784e-016	-1.136917e-005	1.136917e-005	-4.982195e-017	1.631132e-016	-1.665335e-015	4.258703e-007	-4.258703e-007	4.258703e-007	6.090067e-005	-4.995737e-005	4.995737e-005	3.245051e-016	1.198738e-016	6.132654e-005
1.307129054236837e-003	-7.000003e-002	-7.000005e-002	-5.000000e+000	-2.502098e+000	-2.497902e+000	-2.502094e+000	-2.502094e+000	-2.502094e+000	-2.502094e+000	-2.572094e+000	-2.572094e+000	1.673933e-015	-8.191766e-016	-1.040161e-005	1.040161e-005	-4.763343e-017	1.619445e-016	-1.233988e-015	4.191559e-007	-4.191559e-007	4.191559e-007	5.994050e-005	-4.995804e-005	4.995804e-005	5.369722e-016	-4.138786e-016	6.035965e-005
1.310271911379694e-003	-7.000010e-002	-7.000013e-002	-5.000000e+000	-2.502067e+000	-2.497933e+000	-2.502062e+000	-2.502062e+000	-2.502062e+000	-2.502062e+000	-2.572063e+000	-2.572063e+000	1.568644e-015	-7.414548e-016	-9.502524e-006	9.502524e-006	-4.556356e-017	1.608948e-016	-8.406885e-016	4.129167e-007	-4.129167e-007	4.129167e-007	5.904827e-005	-4.995867e-005	4.995867e-005	6.882610e-016	-8.039669e-016	5.946119e-005
1.313414768522551e-003	-7.000015e-002	-7.000017e-002	-5.000000e+000	-2.502038e+000	-2.497962e+000	-2.502034e+000	-2.502034e+000	-2.502034e+000	-2.502034e+000	-2.572034e+000	-2.572034e+000	1.460487e-015	-6.550129e-016	-8.671918e-006	8.671918e-006	-4.361233e-017	1.599641e-016	-4.854354e-016	4.071528e-007	-4.071528e-007	4.071528e-007	5.822401e-005	-4.995924e-005	4.995924e-005	7.783713e-016	-1.050391e-015	5.863116e-005
1.316557625665408e-003	-7.000019e-002	-7.000017e-002	-5.000000e+000	-2.502011e+000	-2.497989e+000	-2.502007e+000	-2.502007e+000	-2.502007e+000	-2.502007e+000	-2.572007e+000	-2.572007e+000	1.349465e-015	-5.598509e-016	-7.909789e-006	7.909789e-006	-4.177974e-017	1.591523e-016	-1.682288e-016	4.018640e-007	-4.018640e-007	4.018640e-007	5.746770e-005	-4.995977e-005	4.995977e-005	8.073033e-016	-1.153151e-015	5.786956e-005
1.319700482808265e-003	-7.000020e-002	-7.000013e-002	-5.000000e+000	-2.501987e+000	-2.498013e+000	-2.501983e+000	-2.501983e+000	-2.501983e+000	-2.501983e+000	-2.571983e+000	-2.571983e+000	1.235577e-015	-4.559689e-016	-7.216138e-006	7.216138e-006	-4.006579e-017	1.584594e-016	1.109312e-016	3.970504e-007	-3.970504e-007	3.970504e-007	5.677934e-005	-4.996026e-005	4.996026e-005	7.750569e-016	-1.112247e-015	5.717639e-005
1.322843339951122e-003	-7.000020e-002	-7.000005e-002	-5.000000e+000	-2.501966e+000	-2.498034e+000	-2.501962e+000	-2.501961e+000	-2.501962e+000	-2.501962e+000	-2.571962e+000	-2.571962e+000	1.118822e-015	-3.433668e-016	-6.590964e-006	6.590964e-006	-3.847047e-017	1.578855e-016	3.520446e-016	3.927120e-007	-3.927120e-007	3.927120e-007	5.615894e-005	-4.996069e-005	4.996069e-005	6.816321e-016	-9.276785e-016	5.655165e-005
1.325986197093978e-003	-7.000017e-002	-6.999993e-002	-5.000000e+000	-2.501946e+000	-2.498054e+000	-2.501942e+000	-2.501942e+000	-2.501942e+000	-2.501942e+000	-2.571942e+000	-2.571942e+000	9.992007e-016	-2.220446e-016	-6.034269e-006	6.034269e-006	-3.699380e-017	1.574306e-016	5.551115e-016	3.888488e-007	-3.888488e-007	3.888488e-007	5.560650e-005	-4.996108e-005	4.996108e-005	5.270290e-016	-5.994461e-016	5.599534e-005
1.329271911379692e-003	-7.000020e-002	-7.000005e-002	-5.000000e+000	-2.501928e+000	-2.498072e+000	-2.501924e+000	-2.501924e+000	-2.501924e+000	-2.501924e+000	-2.571924e+000	-2.571924e+000	9.727762e-016	-2.327885e-016	-5.499204e-006	5.499204e-006	-3.553561e-017	1.570323e-016	-1.963546e-016	3.851358e-007	-3.851358e-007	3.851358e-007	5.507552e-005	-4.996145e-005	4.996145e-005	2.872237e-016	-2.007797e-016	5.546065e-005
1.332557625665407e-003	-7.000020e-002	-7.000013e-002	-5.000000e+000	-2.501910e+000	-2.498090e+000	-2.501907e+000	-2.501906e+000	-2.501907e+000	-2.501907e+000	-2.571907e+000	-2.571907e+000	9.445864e-016	-2.240908e-016	-5.003330e-006	5.003330e-006	-3.414613e-017	1.567012e-016	-6.444643e-016	3.816947e-007	-3.816947e-007	3.816947e-007	5.458343e-005	-4.996179e-005	4.996179e-005	1.763128e-016	3.781099e-017	5.496512e-005
1.335843339951120e-003	-7.000019e-002	-7.000017e-002	-5.000000e+000	-2.501895e+000	-2.498105e+000	-2.501891e+000	-2.501891e+000	-2.501891e+000	-2.501891e+000	-2.571891e+000	-2.571891e+000	9.146311e-016	-1.959514e-016	-4.546647e-006	4.546647e-006	-3.282538e-017	1.564374e-016	-7.892175e-016	3.785255e-007	-3.785255e-007	3.785255e-007	5.413023e-005	-4.996211e-005	4.996211e-005	1.942960e-016	1.163261e-016	5.450875e-005
1.339129054236835e-003	-7.000015e-002	-7.000017e-002	-5.000000e+000	-2.501880e+000	-2.498120e+000	-2.501876e+000	-2.501876e+000	-2.501876e+000	-2.501876e+000	-2.571876e+000	-2.571876e+000	8.829104e-016	-1.483704e-016	-4.129156e-006	4.129156e-006	-3.157335e-017	1.562408e-016	-6.306142e-016	3.756283e-007	-3.756283e-007	3.756283e-007	5.371593e-005	-4.996240e-005	4.996240e-005	3.411736e-016	3.476550e-017	5.409155e-005
1.342414768522548e-003	-7.000010e-002	-7.000013e-002	-5.000000e+000	-2.501867e+000	-2.498133e+000	-2.501863e+000	-2.501863e+000	-2.501863e+000	-2.501863e+000	-2.571863e+000	-2.571863e+000	8.494244e-016	-8.134783e-017	-3.750856e-006	3.750856e-006	-3.039003e-017	1.561115e-016	-1.686545e-016	3.730031e-007	-3.730031e-007	3.730031e-007	5.334052e-005	-4.996266e-005	4.996266e-005	6.169455e-016	-2.068707e-016	5.371352e-005
1.345700482808263e-003	-7.000003e-002	-7.000005e-002	-5.000000e+000	-2.501855e+000	-2.498145e+000	-2.501851e+000	-2.501851e+000	-2.501851e+000	-2.501851e+000	-2.571851e+000	-2.571851e+000	8.141729e-016	5.116420e-018	-3.411747e-006	3.411747e-006	-2.927544e-017	1.560495e-016	5.966618e-016	3.706499e-007	-3.706499e-007	3.706499e-007	5.300400e-005	-4.996290e-005	4.996290e-005	1.021612e-015	-6.085825e-016	5.337464e-005
1.348986197093977e-003	-6.999993e-002	-6.999993e-002	-5.000000e+000	-2.501845e+000	-2.498155e+000	-2.501841e+000	-2.501841e+000	-2.501841e+000	-2.501841e+000	-2.571841e+000	-2.571841e+000	7.771561e-016	1.110223e-016	-3.111829e-006	3.111829e-006	-2.822956e-017	1.560548e-016	1.665335e-015	3.685686e-007	-3.685686e-007	3.685686e-007	5.270637e-005	-4.996311e-005	4.996311e-005	1.555172e-015	-1.170370e-015	5.307493e-005
1.352271911379690e-003	-6.999991e-002	-6.999993e-002	-5.000000e+000	-2.501835e+000	-2.498165e+000	-2.501831e+000	-2.501831e+000	-2.501831e+000	-2.501831e+000	-2.571831e+000	-2.571831e+000	7.556256e-016	5.545674e-017	-2.835900e-006	2.835900e-006	-2.722868e-017	1.560982e-016	1.027254e-015	3.666538e-007	-3.666538e-007	3.666538e-007	5.243254e-005	-4.996330e-005	4.996330e-005	1.021834e-015	-8.437052e-016	5.279920e-005
1.355557625665405e-003	-6.999990e-002	-6.999993e-002	-5.000000e+000	-2.501826e+000	-2.498174e+000	-2.501823e+000	-2.501823e+000	-2.501823e+000	-2.501823e+000	-2.571822e+000	-2.571822e+000	7.306983e-016	2.898659e-017	-2.580182e-006	2.580182e-006	-2.626322e-017	1.561764e-016	5.754324e-016	3.648793e-007	-3.648793e-007	3.648793e-007	5.217878e-005	-4.996347e-005	4.996347e-005	6.825075e-016	-6.629943e-016	5.254366e-005
1.358843339951119e-003	-6.999992e-002	-6.999993e-002	-5.000000e+000	-2.501818e+000	-2.498182e+000	-2.501814e+000	-2.501814e+000	-2.501814e+000	-2.501814e+000	-2.571814e+000	-2.571814e+000	7.023743e-016	3.161184e-017	-2.344674e-006	2.344674e-006	-2.533316e-017	1.562893e-016	3.098710e-016	3.632450e-007	-3.632450e-007	3.632450e-007	5.194507e-005	-4.996364e-005	4.996364e-005	5.371929e-016	-6.282375e-016	5.230831e-005
1.362129054236833e-003	-6.999995e-002	-6.999993e-002	-5.000000e+000	-2.501811e+000	-2.498189e+000	-2.501807e+000	-2.501807e+000	-2.501807e+000	-2.501807e+000	-2.571807e+000	-2.571807e+000	6.706537e-016	6.333250e-017	-2.129376e-006	2.129376e-006	-2.443851e-017	1.564369e-016	2.305694e-016	3.617509e-007	-3.617509e-007	3.617509e-007	5.173141e-005	-4.996379e-005	4.996379e-005	5.858902e-016	-7.394346e-016	5.209317e-005
1.365414768522547e-003	-7.000001e-002	-6.999993e-002	-5.000000e+000	-2.501804e+000	-2.498196e+000	-2.501800e+000	-2.501800e+000	-2.501800e+000	-2.501800e+000	-2.571800e+000	-2.571800e+000	6.355363e-016	1.241486e-016	-1.934290e-006	1.934290e-006	-2.357927e-017	1.566193e-016	3.375275e-016	3.603971e-007	-3.603971e-007	3.603971e-007	5.153782e-005	-4.996392e-005	4.996392e-005	8.285993e-016	-9.965858e-016	5.189821e-005
1.368700482808261e-003	-7.000008e-002	-6.999993e-002	-5.000000e+000	-2.501798e+000	-2.498202e+000	-2.501794e+000	-2.501794e+000	-2.501794e+000	-2.501794e+000	-2.571794e+000	-2.571794e+000	5.970223e-016	2.140600e-016	-1.759414e-006	1.759414e-006	-2.275545e-017	1.568363e-016	6.307454e-016	3.591836e-007	-3.591836e-007	3.591836e-007	5.136428e-005	-4.996405e-005	4.996405e-005	1.265320e-015	-1.399691e-015	5.172346e-005
1.371986197093975e-003	-7.000017e-002	-6.999993e-002	-5.000000e+000	-2.501792e+000	-2.498208e+000	-2.501789e+000	-2.501789e+000	-2.501789e+000	-2.501789e+000	-2.571789e+000	-2.571789e+000	5.551115e-016	3.330669e-016	-1.604748e-006	1.604748e-006	-2.196703e-017	1.570881e-016	1.110223e-015	3.581103e-007	-3.581102e-007	3.581102e-007	5.121079e-005	-4.996415e-005	4.996415e-005	1.896053e-015	-1.948750e-015	5.156890e-005
1.375414768522546e-003	-7.000017e-002	-7.000003e-002	-5.000000e+000	-2.501787e+000	-2.498213e+000	-2.501784e+000	-2.501783e+000	-2.501784e+000	-2.501784e+000	-2.571784e+000	-2.571784e+000	5.605046e-016	2.995348e-016	-1.456776e-006	1.456776e-006	-2.116529e-017	1.573764e-016	6.716137e-016	3.570834e-007	-3.570834e-007	3.570834e-007	5.106395e-005	-4.996426e-005	4.996426e-005	1.286464e-015	-1.025882e-015	5.142103e-005
1.378843339951117e-003	-7.000017e-002	-7.000010e-002	-5.000000e+000	-2.501782e+000	-2.498218e+000	-2.501779e+000	-2.501779e+000	-2.501779e+000	-2.501779e+000	-2.571779e+000	-2.571779e+000	5.535265e-016	2.718932e-016	-1.320000e-006	1.320000e-006	-2.038564e-017	1.576815e-016	4.056414e-016	3.561343e-007	-3.561343e-007	3.561343e-007	5.092821e-005	-4.996435e-005	4.996435e-005	8.764646e-016	-3.936890e-016	5.128435e-005
1.382271911379688e-003	-7.000017e-002	-7.000015e-002	-5.000000e+000	-2.501778e+000	-2.498222e+000	-2.501774e+000	-2.501774e+000	-2.501774e+000	-2.501774e+000	-2.571775e+000	-2.571775e+000	5.341771e-016	2.501423e-016	-1.194420e-006	1.194420e-006	-1.962807e-017	1.580033e-016	3.123061e-016	3.552628e-007	-3.552628e-007	3.552628e-007	5.080359e-005	-4.996444e-005	4.996444e-005	6.660536e-016	-5.217199e-017	5.115886e-005
1.385700482808259e-003	-7.000017e-002	-7.000019e-002	-5.000000e+000	-2.501774e+000	-2.498226e+000	-2.501770e+000	-2.501770e+000	-2.501770e+000	-2.501770e+000	-2.571771e+000	-2.571771e+000	5.024564e-016	2.342820e-016	-1.080037e-006	1.080037e-006	-1.889260e-017	1.583419e-016	3.916078e-016	3.544690e-007	-3.544690e-007	3.544690e-007	5.069008e-005	-4.996452e-005	4.996452e-005	6.552313e-016	-1.330650e-018	5.104455e-005
1.389129054236830e-003	-7.000017e-002	-7.000020e-002	-5.000000e+000	-2.501770e+000	-2.498230e+000	-2.501767e+000	-2.501767e+000	-2.501767e+000	-2.501767e+000	-2.571767e+000	-2.571767e+000	4.583645e-016	2.243122e-016	-9.768513e-007	9.768513e-007	-1.817922e-017	1.586973e-016	6.435464e-016	3.537530e-007	-3.537530e-007	3.537530e-007	5.058769e-005	-4.996459e-005	4.996459e-005	8.439977e-016	-2.411650e-016	5.094144e-005
1.392557625665401e-003	-7.000017e-002	-7.000020e-002	-5.000000e+000	-2.501767e+000	-2.498233e+000	-2.501764e+000	-2.501764e+000	-2.501764e+000	-2.501764e+000	-2.571764e+000	-2.571764e+000	4.019013e-016	2.202331e-016	-8.848618e-007	8.848618e-007	-1.748793e-017	1.590694e-016	1.068122e-015	3.531146e-007	-3.531146e-007	3.531146e-007	5.049640e-005	-4.996465e-005	4.996465e-005	1.232353e-015	-7.716750e-016	5.084951e-005
1.395986197093973e-003	-7.000017e-002	-7.000017e-002	-5.000000e+000	-2.501765e+000	-2.498235e+000	-2.501761e+000	-2.501761e+000	-2.501761e+000	-2.501761e+000	-2.571761e+000	-2.571761e+000	3.330669e-016	2.220446e-016	-8.040689e-007	8.040689e-007	-1.681873e-017	1.594583e-016	1.665335e-015	3.525540e-007	-3.525540e-007	3.525540e-007	5.041622e-005	-4.996471e-005	4.996471e-005	1.820297e-015	-1.592861e-015	5.076878e-005
1.399843339951115e-003	-7.000020e-002	-7.000008e-002	-5.000000e+000	-2.501762e+000	-2.498238e+000	-2.501758e+000	-2.501758e+000	-2.501758e+000	-2.501758e+000	-2.571758e+000	-2.571758e+000	3.944405e-016	2.589153e-016	-7.215318e-007	7.215318e-007	-1.607176e-017	1.599188e-016	1.085788e-015	3.519812e-007	-3.519812e-007	3.519812e-007	5.033432e-005	-4.996477e-005	4.996477e-005	1.246251e-015	-1.181799e-015	5.068630e-005
1.403700482808258e-003	-7.000020e-002	-7.000001e-002	-5.000000e+000	-2.501759e+000	-2.498241e+000	-2.501756e+000	-2.501755e+000	-2.501756e+000	-2.501756e+000	-2.571756e+000	-2.571756e+000	4.353562e-016	2.887826e-016	-6.458153e-007	6.458153e-007	-1.533672e-017	1.603912e-016	6.994229e-016	3.514558e-007	-3.514558e-007	3.514558e-007	5.025918e-005	-4.996482e-005	4.996482e-005	9.056866e-016	-9.564746e-016	5.061063e-005
1.407557625665400e-003	-7.000019e-002	-6.999995e-002	-5.000000e+000	-2.501757e+000	-2.498243e+000	-2.501753e+000	-2.501753e+000	-2.501753e+000	-2.501753e+000	-2.571753e+000	-2.571753e+000	4.558140e-016	3.116464e-016	-5.769195e-007	5.769195e-007	-1.461359e-017	1.608752e-016	5.062406e-016	3.509777e-007	-3.509777e-007	3.509777e-007	5.019081e-005	-4.996487e-005	4.996487e-005	7.986047e-016	-9.168869e-016	5.054178e-005
1.411414768522543e-003	-7.000015e-002	-6.999992e-002	-5.000000e+000	-2.501754e+000	-2.498246e+000	-2.501751e+000	-2.501751e+000	-2.501751e+000	-2.501751e+000	-2.571751e+000	-2.571751e+000	4.558140e-016	3.275067e-016	-5.148445e-007	5.148445e-007	-1.390238e-017	1.613711e-016	5.062406e-016	3.505469e-007	-3.505469e-007	3.505469e-007	5.012921e-005	-4.996491e-005	4.996491e-005	9.250049e-016	-1.063036e-015	5.047975e-005
1.415271911379685e-003	-7.000010e-002	-6.999990e-002	-5.000000e+000	-2.501753e+000	-2.498247e+000	-2.501749e+000	-2.501749e+000	-2.501749e+000	-2.501749e+000	-2.571749e+000	-2.571749e+000	4.353562e-016	3.363636e-016	-4.595901e-007	4.595901e-007	-1.320309e-017	1.618786e-016	6.994229e-016	3.501634e-007	-3.501635e-007	3.501635e-007	5.007437e-005	-4.996495e-005	4.996495e-005	1.284887e-015	-1.394922e-015	5.042454e-005
1.419129054236828e-003	-7.000003e-002	-6.999991e-002	-5.000000e+000	-2.501751e+000	-2.498249e+000	-2.501747e+000	-2.501747e+000	-2.501747e+000	-2.501747e+000	-2.571747e+000	-2.571747e+000	3.944405e-016	3.382170e-016	-4.111564e-007	4.111564e-007	-1.251572e-017	1.623980e-016	1.085788e-015	3.498273e-007	-3.498274e-007	3.498274e-007	5.002631e-005	-4.996498e-005	4.996498e-005	1.878252e-015	-1.912545e-015	5.037614e-005
1.422986197093970e-003	-6.999993e-002	-6.999993e-002	-5.000000e+000	-2.501750e+000	-2.498250e+000	-2.501746e+000	-2.501746e+000	-2.501746e+000	-2.501746e+000	-2.571746e+000	-2.571746e+000	3.330669e-016	3.330669e-016	-3.695434e-007	3.695434e-007	-1.184026e-017	1.629290e-016	1.665335e-015	3.495386e-007	-3.495386e-007	3.495386e-007	4.998502e-005	-4.996501e-005	4.996501e-005	2.705098e-015	-2.615905e-015	5.033455e-005
1.427557625665399e-003	-7.000005e-002	-7.000005e-002	-5.000000e+000	-2.501748e+000	-2.498252e+000	-2.501744e+000	-2.501744e+000	-2.501744e+000	-2.501744e+000	-2.571744e+000	-2.571744e+000	3.411149e-016	3.458741e-016	-3.253973e-007	3.253973e-007	-1.105043e-017	1.635657e-016	1.154111e-015	3.492322e-007	-3.492322e-007	3.492322e-007	4.994121e-005	-4.996504e-005	4.996504e-005	1.610131e-015	-1.553388e-015	5.029044e-005
1.432129054236827e-003	-7.000013e-002	-7.000013e-002	-5.000000e+000	-2.501747e+000	-2.498253e+000	-2.501743e+000	-2.501743e+000	-2.501743e+000	-2.501743e+000	-2.571743e+000	-2.571743e+000	3.570537e-016	3.544122e-016	-2.853724e-007	2.853724e-007	-1.026936e-017	1.642079e-016	7.339934e-016	3.489545e-007	-3.489545e-007	3.489545e-007	4.990149e-005	-4.996507e-005	4.996507e-005	7.811566e-016	-7.398351e-016	5.025044e-005
1.436700482808255e-003	-7.000017e-002	-7.000017e-002	-5.000000e+000	-2.501745e+000	-2.498255e+000	-2.501742e+000	-2.501742e+000	-2.501742e+000	-2.501742e+000	-2.571742e+000	-2.571742e+000	3.808835e-016	3.586812e-016	-2.494687e-007	2.494687e-007	-9.497057e-018	1.648556e-016	4.049822e-016	3.487053e-007	-3.487053e-007	3.487053e-007	4.986586e-005	-4.996510e-005	4.996510e-005	2.181739e-016	-1.752460e-016	5.021456e-005
1.441271911379683e-003	-7.000017e-002	-7.000017e-002	-5.000000e+000	-2.501744e+000	-2.498256e+000	-2.501741e+000	-2.501741e+000	-2.501741e+000	-2.501741e+000	-2.571741e+000	-2.571741e+000	4.126041e-016	3.586812e-016	-2.176863e-007	2.176863e-007	-8.733514e-018	1.655089e-016	1.670772e-016	3.484848e-007	-3.484848e-007	3.484848e-007	4.983432e-005	-4.996512e-005	4.996512e-005	-7.881681e-017	1.403791e-016	5.018280e-005
1.445843339951111e-003	-7.000013e-002	-7.000013e-002	-5.000000e+000	-2.501743e+000	-2.498257e+000	-2.501740e+000	-2.501740e+000	-2.501740e+000	-2.501740e+000	-2.571740e+000	-2.571740e+000	4.522157e-016	3.544122e-016	-1.900252e-007	1.900252e-007	-7.978735e-018	1.661677e-016	2.027857e-017	3.482928e-007	-3.482928e-007	3.482928e-007	4.980687e-005	-4.996514e-005	4.996514e-005	-1.098155e-016	2.070401e-016	5.015516e-005
1.450414768522539e-003	-7.000005e-002	-7.000005e-002	-5.000000e+000	-2.501742e+000	-2.498258e+000	-2.501739e+000	-2.501739e+000	-2.501739e+000	-2.501739e+000	-2.571739e+000	-2.571739e+000	4.997182e-016	3.458741e-016	-1.664852e-007	1.664852e-007	-7.232718e-018	1.668320e-016	-3.541384e-017	3.481295e-007	-3.481295e-007	3.481295e-007	4.978351e-005	-4.996515e-005	4.996515e-005	1.251778e-016	2.473702e-017	5.013164e-005
1.454986197093968e-003	-6.999993e-002	-6.999993e-002	-5.000000e+000	-2.501742e+000	-2.498258e+000	-2.501738e+000	-2.501738e+000	-2.501738e+000	-2.501738e+000	-2.571738e+000	-2.571738e+000	5.551115e-016	3.330669e-016	-1.470666e-007	1.470666e-007	-6.495465e-018	1.675019e-016	0.000000e+000	3.479947e-007	-3.479947e-007	3.479947e-007	4.976424e-005	-4.996517e-005	4.996517e-005	6.261632e-016	-4.065301e-016	5.011223e-005
1.460986197093967e-003	-6.999993e-002	-6.999993e-002	-5.000000e+000	-2.501741e+000	-2.498259e+000	-2.501738e+000	-2.501738e+000	-2.501738e+000	-2.501738e+000	-2.571737e+000	-2.571737e+000	4.871089e-016	3.532419e-016	-1.248795e-007	1.248795e-007	-5.541027e-018	1.683793e-016	3.419556e-017	3.478407e-007	-3.478407e-007	3.478407e-007	4.974222e-005	-4.996518e-005	4.996518e-005	4.842781e-016	-2.666197e-016	5.009006e-005
1.466986197093967e-003	-6.999993e-002	-6.999993e-002	-5.000000e+000	-2.501740e+000	-2.498260e+000	-2.501737e+000	-2.501737e+000	-2.501737e+000	-2.501737e+000	-2.571737e+000	-2.571737e+000	4.312003e-016	3.666919e-016	-1.051747e-007	1.051748e-007	-4.591596e-018	1.692604e-016	1.098604e-016	3.477040e-007	-3.477040e-007	3.477040e-007	4.972267e-005	-4.996519e-005	4.996519e-005	4.366274e-016	-1.870913e-016	5.007037e-005
1.472986197093966e-003	-6.999993e-002	-6.999993e-002	-5.000000e+000	-2.501740e+000	-2.498260e+000	-2.501736e+000	-2.501736e+000	-2.501736e+000	-2.501736e+000	-2.571736e+000	-2.571736e+000	3.873857e-016	3.734169e-016	-8.795224e-008	8.795225e-008	-3.647172e-018	1.701451e-016	2.269944e-016	3.475845e-007	-3.475845e-007	3.475845e-007	4.970557e-005	-4.996521e-005	4.996521e-005	4.832112e-016	-1.679449e-016	5.005316e-005
1.478986197093966e-003	-6.999993e-002	-6.999993e-002	-5.000000e+000	-2.501739e+000	-2.498261e+000	-2.501736e+000	-2.501736e+000	-2.501736e+000	-2.501736e+000	-2.571736e+000	-2.571736e+000	3.556651e-016	3.734169e-016	-7.321200e-008	7.321201e-008	-2.707756e-018	1.710333e-016	3.855977e-016	3.474822e-007	-3.474822e-007	3.474822e-007	4.969095e-005	-4.996522e-005	4.996522e-005	6.240295e-016	-2.091805e-016	5.003843e-005
1.484986197093965e-003	-6.999993e-002	-6.999993e-002	-5.000000e+000	-2.501739e+000	-2.498261e+000	-2.501735e+000	-2.501735e+000	-2.501735e+000	-2.501735e+000	-2.571735e+000	-2.571735e+000	3.360384e-016	3.666919e-016	-6.095403e-008	6.095404e-008	-1.773348e-018	1.719252e-016	5.856702e-016	3.473971e-007	-3.473971e-007	3.473971e-007	4.967878e-005	-4.996523e-005	4.996523e-005	8.590822e-016	-3.107981e-016	5.002618e-005
1.490986197093965e-003	-6.999993e-002	-6.999993e-002	-5.000000e+000	-2.501738e+000	-2.498262e+000	-2.501735e+000	-2.501735e+000	-2.501735e+000	-2.501735e+000	-2.571735e+000	-2.571735e+000	3.285057e-016	3.532419e-016	-5.117833e-008	5.117834e-008	-8.439466e-019	1.728207e-016	8.272120e-016	3.473293e-007	-3.473293e-007	3.473293e-007	4.966908e-005	-4.996523e-005	4.996523e-005	1.188369e-015	-4.727978e-016	5.001641e-005
1.496986197093964e-003	-6.999993e-002	-6.999993e-002	-5.000000e+000	-2.501738e+000	-2.498262e+000	-2.501735e+000	-2.501735e+000	-2.501735e+000	-2.501735e+000	-2.571735e+000	-2.571735e+000	3.330669e-016	3.330669e-016	-4.388490e-008	4.388491e-008	8.044704e-020	1.737198e-016	1.110223e-015	3.472787e-007	-3.472787e-007	3.472787e-007	4.966184e-005	-4.996524e-005	4.996524e-005	1.611891e-015	-6.951794e-016	5.000912e-005
1.506414768522535e-003	-6.999991e-002	-6.999991e-002	-5.000000e+000	-2.501738e+000	-2.498262e+000	-2.501734e+000	-2.501734e+000	-2.501734e+000	-2.501734e+000	-2.571734e+000	-2.571734e+000	3.475932e-016	3.075250e-016	-3.446819e-008	3.446820e-008	1.523284e-018	1.751300e-016	6.304794e-016	3.472133e-007	-3.472133e-007	3.472133e-007	4.965250e-005	-4.996524e-005	4.996524e-005	1.025163e-015	-4.693393e-016	4.999971e-005
1.515843339951105e-003	-6.999990e-002	-6.999990e-002	-5.000000e+000	-2.501737e+000	-2.498263e+000	-2.501734e+000	-2.501734e+000	-2.501734e+000	-2.501734e+000	-2.571734e+000	-2.571734e+000	3.572774e-016	3.010707e-016	-2.641308e-008	2.641308e-008	2.954541e-018	1.765333e-016	3.106503e-016	3.471574e-007	-3.471574e-007	3.471574e-007	4.964451e-005	-4.996525e-005	4.996525e-005	5.995751e-016	-3.193743e-016	4.999166e-005
1.525271911379676e-003	-6.999992e-002	-6.999992e-002	-5.000000e+000	-2.501737e+000	-2.498263e+000	-2.501734e+000	-2.501734e+000	-2.501734e+000	-2.501734e+000	-2.571734e+000	-2.571734e+000	3.621195e-016	3.137038e-016	-1.971957e-008	1.971957e-008	4.374218e-018	1.779297e-016	1.507358e-016	3.471110e-007	-3.471110e-007	3.471110e-007	4.963786e-005	-4.996525e-005	4.996525e-005	3.351275e-016	-2.452844e-016	4.998497e-005
1.534700482808247e-003	-6.999995e-002	-6.999995e-002	-5.000000e+000	-2.501737e+000	-2.498263e+000	-2.501734e+000	-2.501734e+000	-2.501734e+000	-2.501734e+000	-2.571734e+000	-2.571734e+000	3.621195e-016	3.454245e-016	-1.438765e-008	1.438765e-008	5.782314e-018	1.793193e-016	1.507358e-016	3.470740e-007	-3.470740e-007	3.470740e-007	4.963257e-005	-4.996526e-005	4.996526e-005	2.318201e-016	-2.470696e-016	4.997965e-005
1.544129054236817e-003	-7.000001e-002	-7.000001e-002	-5.000000e+000	-2.501737e+000	-2.498263e+000	-2.501734e+000	-2.501734e+000	-2.501734e+000	-2.501734e+000	-2.571734e+000	-2.571734e+000	3.572774e-016	3.962326e-016	-1.041733e-008	1.041734e-008	7.178829e-018	1.807020e-016	3.106503e-016	3.470464e-007	-3.470464e-007	3.470464e-007	4.962863e-005	-4.996526e-005	4.996526e-005	2.896529e-016	-3.247299e-016	4.997568e-005
1.553557625665388e-003	-7.000008e-002	-7.000008e-002	-5.000000e+000	-2.501737e+000	-2.498263e+000	-2.501733e+000	-2.501733e+000	-2.501733e+000	-2.501733e+000	-2.571733e+000	-2.571733e+000	3.475932e-016	4.661283e-016	-7.808615e-009	7.808617e-009	8.563764e-018	1.820779e-016	6.304794e-016	3.470283e-007	-3.470283e-007	3.470283e-007	4.962604e-005	-4.996526e-005	4.996526e-005	5.086259e-016	-4.782652e-016	4.997307e-005
1.562986197093959e-003	-7.000017e-002	-7.000017e-002	-5.000000e+000	-2.501737e+000	-2.498263e+000	-2.501733e+000	-2.501733e+000	-2.501733e+000	-2.501733e+000	-2.571733e+000	-2.571733e+000	3.330669e-016	5.551115e-016	-6.561493e-009	6.561495e-009	9.937118e-018	1.834470e-016	1.110223e-015	3.470197e-007	-3.470197e-007	3.470197e-007	4.962480e-005	-4.996526e-005	4.996526e-005	8.887392e-016	-7.076757e-016	4.997182e-005
1.587843339951099e-003	-7.000017e-002	-7.000005e-002	-5.000000e+000	-2.501737e+000	-2.498263e+000	-2.501733e+000	-2.501733e+000	-2.501733e+000	-2.501733e+000	-2.571733e+000	-2.571733e+000	3.422959e-016	4.568819e-016	-4.194272e-009	4.194275e-009	1.357858e-017	1.870802e-016	6.340937e-016	3.470033e-007	-3.470032e-007	3.470032e-007	4.962246e-005	-4.996526e-005	4.996526e-005	5.305917e-016	-3.816883e-016	4.996946e-005
1.612700482808240e-003	-7.000017e-002	-6.999998e-002	-5.000000e+000	-2.501737e+000	-2.498263e+000	-2.501733e+000	-2.501733e+000	-2.501733e+000	-2.501733e+000	-2.571733e+000	-2.571733e+000	3.484486e-016	3.808219e-016	-2.305757e-009	2.305760e-009	1.717814e-017	1.906732e-016	3.166741e-016	3.469902e-007	-3.469901e-007	3.469901e-007	4.962058e-005	-4.996527e-005	4.996527e-005	2.895112e-016	-1.929951e-016	4.996757e-005
1.637557625665381e-003	-7.000017e-002	-6.999994e-002	-5.000000e+000	-2.501737e+000	-2.498263e+000	-2.501733e+000	-2.501733e+000	-2.501733e+000	-2.501733e+000	-2.571733e+000	-2.571733e+000	3.515249e-016	3.269316e-016	-8.959485e-010	8.959509e-010	2.073580e-017	1.942260e-016	1.579643e-016	3.469804e-007	-3.469804e-007	3.469804e-007	4.961918e-005	-4.996527e-005	4.996527e-005	1.654976e-016	-1.415961e-016	4.996616e-005
1.662414768522522e-003	-7.000017e-002	-6.999994e-002	-5.000000e+000	-2.501737e+000	-2.498263e+000	-2.501733e+000	-2.501733e+000	-2.501733e+000	-2.501733e+000	-2.571733e+000	-2.571733e+000	3.515249e-016	2.952110e-016	3.515473e-011	-3.515250e-011	2.425157e-017	1.977385e-016	1.579643e-016	3.469739e-007	-3.469739e-007	3.469739e-007	4.961826e-005	-4.996527e-005	4.996527e-005	1.585510e-016	-2.274914e-016	4.996523e-005
1.687271911379662e-003	-7.000017e-002	-6.999998e-002	-5.000000e+000	-2.501737e+000	-2.498263e+000	-2.501733e+000	-2.501733e+000	-2.501733e+000	-2.501733e+000	-2.571733e+000	-2.571733e+000	3.484486e-016	2.856600e-016	4.875522e-010	-4.875502e-010	2.772543e-017	2.012108e-016	3.166741e-016	3.469708e-007	-3.469708e-007	3.469708e-007	4.961781e-005	-4.996527e-005	4.996527e-005	2.686713e-016	-4.506810e-016	4.996478e-005
1.712129054236803e-003	-7.000017e-002	-7.000005e-002	-5.000000e+000	-2.501737e+000	-2.498263e+000	-2.501733e+000	-2.501733e+000	-2.501733e+000	-2.501733e+000	-2.571733e+000	-2.571733e+000	3.422959e-016	2.982786e-016	4.612439e-010	-4.612422e-010	3.115740e-017	2.046429e-016	6.340937e-016	3.469709e-007	-3.469709e-007	3.469709e-007	4.961784e-005	-4.996527e-005	4.996527e-005	4.958585e-016	-8.111648e-016	4.996481e-005
1.736986197093944e-003	-7.000017e-002	-7.000017e-002	-5.000000e+000	-2.501737e+000	-2.498263e+000	-2.501733e+000	-2.501733e+000	-2.501733e+000	-2.501733e+000	-2.571733e+000	-2.571733e+000	3.330669e-016	3.330669e-016	-4.377010e-011	4.377143e-011	3.454746e-017	2.080347e-016	1.110223e-015	3.469744e-007	-3.469744e-007	3.469744e-007	4.961833e-005	-4.996527e-005	4.996527e-005	8.401127e-016	-1.308943e-015	4.996531e-005
2.010986197093933e-003	-7.000017e-002	-7.000017e-002	-5.000000e+000	-2.501737e+000	-2.498263e+000	-2.501733e+000	-2.501733e+000	-2.501733e+000	-2.501733e+000	-2.571733e+000	-2.571733e+000	1.110223e-016	3.330669e-016	-1.509903e-014	1.754152e-014	6.996466e-017	2.434517e-016	1.110223e-015	3.469741e-007	-3.469741e-007	3.469741e-007	4.961829e-005	-4.996527e-005	4.996527e-005	8.286066e-016	-1.321179e-015	4.996527e-005
3.034986197094069e-003	-7.000017e-002	-7.000017e-002	-5.000000e+000	-2.501737e+000	-2.498263e+000	-2.501733e+000	-2.501733e+000	-2.501733e+000	-2.501733e+000	-2.571733e+000	-2.571733e+000	1.110223e-016	2.220446e-016	8.881784e-016	1.332268e-015	1.714292e-016	3.449163e-016	1.110223e-015	3.469741e-007	-3.469741e-007	3.469741e-007	4.961829e-005	-4.996527e-005	4.996527e-005	1.713226e-015	-1.324738e-015	4.996527e-005
4.058986197094205e-003	-7.000017e-002	-7.000017e-002	-5.000000e+000	-2.501737e+000	-2.498263e+000	-2.501733e+000	-2.501733e+000	-2.501733e+000	-2.501733e+000	-2.571733e+000	-2.571733e+000	1.110223e-016	2.220446e-016	1.332268e-015	1.332268e-015	2.375951e-016	4.110822e-016	5.551115e-016	3.469741e-007	-3.469741e-007	3.469741e-007	4.961829e-005	-4.996527e-005	4.996527e-005	8.165965e-016	-4.450108e-016	4.996527e-005
4.999986197094330e-003	-7.000017e-002	-7.000017e-002	-5.000000e+000	-2.501737e+000	-2.498263e+000	-2.501733e+000	-2.501733e+000	-2.501733e+000	-2.501733e+000	-2.571733e+000	-2.571733e+000	-9.138013e-013	9.133632e-013	3.948433e-015	2.543068e-014	2.778726e-016	4.513587e-016	9.142484e-013	3.469732e-007	-3.469741e-007	3.469741e-007	4.961829e-005	-4.996527e-005	4.996527e-005	1.759872e-016	-1.495921e-015	4.996527e-005
5.000000000000000e-003	-7.000017e-002	-7.000017e-002	-5.000000e+000	-2.501737e+000	-2.498263e+000	-2.501733e+000	-2.501733e+000	-2.501733e+000	-2.501733e+000	-2.571733e+000	-2.571733e+000	-9.265921e-013	9.261480e-013	3.996803e-015	2.575717e-014	2.778728e-016	4.513590e-016	9.270362e-013	3.469732e-007	-3.469741e-007	3.469741e-007	4.961829e-005	-4.996527e-005	4.996527e-005	-2.905662e-017	-1.504168e-015	4.996527e-005
