time	V(N008,N005)	V(N009,N004)	V(n001)	V(n002)	V(n003)	V(n004)	V(n005)	V(n006)	V(n007)	V(n008)	V(n009)	I(C1)	I(C2)	I(C3)	I(C4)	I(R1)	I(R2)	I(R3)	I(R4)	I(R5)	I(R6)	I(R7)	I(R8)	I(R9)	I(V1)	I(V2)	I(V3)
0.000000000000000e+000	-7.000000e-002	-7.000000e-002	0.000000e+000	-2.100000e-020	-2.100000e-020	-2.102100e-020	-2.102100e-020	-2.102100e-020	-2.102100e-020	-7.000000e-002	-7.000000e-002	4.200000e-025	4.200000e-025	2.100000e-038	2.100000e-038	-4.579483e-038	-4.579483e-038	0.000000e+000	0.000000e+000	4.200000e-025	4.200000e-025	-4.298951e-038	4.200000e-025	4.200000e-025	-1.261169e-043	-1.261169e-043	-4.200000e-025
1.000000000000000e-003	-7.000000e-002	-7.000000e-002	0.000000e+000	2.946450e-016	2.946450e-016	3.047882e-016	3.047882e-016	3.810810e-011	3.810810e-011	-7.000000e-002	-7.000000e-002	-1.077849e-019	-1.077849e-019	-1.969715e-019	-1.969715e-019	-9.526947e-020	-9.526947e-020	0.000000e+000	-2.465190e-031	-2.028644e-019	-2.028644e-019	-2.676492e-032	-5.892899e-021	-5.892899e-021	9.526947e-020	9.526947e-020	2.028644e-019
1.000000100000000e-003	-7.038267e-002	-6.961733e-002	-5.000000e-001	-4.999984e-001	-1.617712e-006	-2.504973e-001	-2.495027e-001	-2.501146e-001	-2.498854e-001	-3.198854e-001	-3.201146e-001	-1.707382e-005	1.707382e-005	-1.213283e-002	1.213283e-002	-1.029814e-012	1.029814e-012	1.707382e-005	4.972948e-003	-4.990022e-003	4.990022e-003	7.142811e-003	-3.235424e-011	3.235424e-011	1.029809e-012	-1.029818e-012	1.213283e-002
1.000000300000000e-003	-7.132566e-002	-6.867433e-002	-1.500000e+000	-1.499993e+000	-6.990136e-006	-7.514940e-001	-7.485060e-001	-7.501683e-001	-7.498317e-001	-8.198317e-001	-8.201683e-001	-2.983604e-005	2.983604e-005	-3.639835e-002	3.639835e-002	-3.362086e-012	3.362085e-012	2.983604e-005	1.494014e-002	-1.496998e-002	1.496998e-002	2.142837e-002	-1.398027e-010	1.398027e-010	3.362074e-012	-3.362102e-012	3.639835e-002
1.000000452269774e-003	-7.211208e-002	-6.788790e-002	-2.261349e+000	-2.261335e+000	-1.371488e-005	-1.132928e+000	-1.128421e+000	-1.130816e+000	-1.130533e+000	-1.200533e+000	-1.200816e+000	-3.024299e-005	3.024299e-005	-5.487273e-002	5.487273e-002	-5.256436e-012	5.256436e-012	3.024300e-005	2.253790e-002	-2.256814e-002	2.256814e-002	3.230459e-002	-2.742976e-010	2.742976e-010	5.256429e-012	-5.256457e-012	5.487273e-002
1.000000603733507e-003	-7.285666e-002	-6.714344e-002	-3.018667e+000	-3.018643e+000	-2.410992e-005	-1.512343e+000	-1.506324e+000	-1.509487e+000	-1.509181e+000	-1.579181e+000	-1.579487e+000	-2.967199e-005	2.967199e-005	-7.324913e-002	7.324913e-002	-7.153182e-012	7.153182e-012	2.967200e-005	3.009633e-002	-3.012600e-002	3.012600e-002	4.312313e-002	-4.821984e-010	4.821984e-010	7.153176e-012	-7.153204e-012	7.324913e-002
1.000000906660974e-003	-7.437372e-002	-6.562614e-002	-4.533305e+000	-4.533254e+000	-5.133172e-005	-2.271174e+000	-2.262131e+000	-2.266800e+000	-2.266505e+000	-2.336505e+000	-2.336800e+000	-2.982990e-005	2.982990e-005	-1.100016e-001	1.100016e-001	-1.093007e-011	1.093007e-011	2.982991e-005	4.521177e-002	-4.524160e-002	4.524160e-002	6.476004e-002	-1.026634e-009	1.026634e-009	1.093008e-011	-1.093012e-011	1.100016e-001
1.000001000000000e-003	-7.483673e-002	-6.516314e-002	-5.000000e+000	-4.999939e+000	-6.127005e-005	-2.504987e+000	-2.495013e+000	-2.500150e+000	-2.499850e+000	-2.569850e+000	-2.570150e+000	-3.003192e-005	3.003192e-005	-1.213259e-001	1.213259e-001	-1.209185e-011	1.209185e-011	3.003193e-005	4.986900e-002	-4.989904e-002	4.989904e-002	7.142682e-002	-1.225401e-009	1.225401e-009	1.209194e-011	-1.209194e-011	1.213259e-001
1.000001060585493e-003	-7.493806e-002	-6.506205e-002	-5.000000e+000	-4.999931e+000	-6.862061e-005	-2.504988e+000	-2.495012e+000	-2.500050e+000	-2.499950e+000	-2.569950e+000	-2.570050e+000	-1.449645e-005	1.449645e-005	-1.213255e-001	1.213255e-001	-1.228989e-011	1.228988e-011	1.449646e-005	4.988436e-002	-4.989886e-002	4.989886e-002	7.142661e-002	-1.372412e-009	1.372412e-009	1.228991e-011	-1.228994e-011	1.213255e-001
1.000001181756480e-003	-7.500625e-002	-6.499386e-002	-5.000000e+000	-4.999917e+000	-8.332165e-005	-2.504990e+000	-2.495010e+000	-2.499983e+000	-2.500017e+000	-2.570017e+000	-2.569983e+000	-2.030471e-006	2.030471e-006	-1.213247e-001	1.213247e-001	-1.244875e-011	1.244875e-011	2.030484e-006	4.989651e-002	-4.989854e-002	4.989854e-002	7.142619e-002	-1.666433e-009	1.666433e-009	1.244870e-011	-1.244879e-011	1.213247e-001
1.000001424098453e-003	-7.498002e-002	-6.502008e-002	-5.000000e+000	-4.999887e+000	-1.127234e-004	-2.504990e+000	-2.495010e+000	-2.500010e+000	-2.499990e+000	-2.569990e+000	-2.570010e+000	3.730164e-007	-3.730164e-007	-1.213233e-001	1.213233e-001	-1.247924e-011	1.247924e-011	-3.730039e-007	4.989832e-002	-4.989795e-002	4.989795e-002	7.142535e-002	-2.254468e-009	2.254468e-009	1.247919e-011	-1.247930e-011	1.213233e-001
1.000001908782398e-003	-7.499719e-002	-6.500268e-002	-5.000000e+000	-4.999828e+000	-1.715258e-004	-2.504990e+000	-2.495010e+000	-2.499992e+000	-2.500008e+000	-2.570008e+000	-2.569992e+000	-9.747971e-008	9.747971e-008	-1.213204e-001	1.213204e-001	-1.247295e-011	1.247295e-011	9.749222e-008	4.989668e-002	-4.989678e-002	4.989678e-002	7.142367e-002	-3.430516e-009	3.430516e-009	1.247294e-011	-1.247296e-011	1.213204e-001
1.000002722728844e-003	-7.498312e-002	-6.501698e-002	-5.000000e+000	-4.999730e+000	-2.702708e-004	-2.504990e+000	-2.495010e+000	-2.500007e+000	-2.499993e+000	-2.569993e+000	-2.570007e+000	5.704703e-008	-5.704703e-008	-1.213157e-001	1.213157e-001	-1.247443e-011	1.247443e-011	-5.703453e-008	4.989486e-002	-4.989480e-002	4.989480e-002	7.142085e-002	-5.405416e-009	5.405416e-009	1.247444e-011	-1.247442e-011	1.213157e-001
1.000004350621736e-003	-7.499528e-002	-6.500483e-002	-5.000000e+000	-4.999532e+000	-4.677460e-004	-2.504989e+000	-2.495011e+000	-2.499994e+000	-2.500006e+000	-2.570006e+000	-2.569994e+000	-2.289778e-008	2.289778e-008	-1.213061e-001	1.213061e-001	-1.247242e-011	1.247242e-011	2.291029e-008	4.989084e-002	-4.989086e-002	4.989086e-002	7.141521e-002	-9.354920e-009	9.354920e-009	1.247243e-011	-1.247244e-011	1.213061e-001
1.000007606407519e-003	-7.498240e-002	-6.501770e-002	-5.000000e+000	-4.999137e+000	-8.626379e-004	-2.504988e+000	-2.495012e+000	-2.500006e+000	-2.499994e+000	-2.569994e+000	-2.570006e+000	1.285074e-008	-1.285074e-008	-1.212869e-001	1.212869e-001	-1.247091e-011	1.247091e-011	-1.283824e-008	4.988299e-002	-4.988298e-002	4.988298e-002	7.140392e-002	-1.725276e-008	1.725276e-008	1.247089e-011	-1.247093e-011	1.212869e-001
1.000014117979085e-003	-7.499266e-002	-6.500745e-002	-5.000000e+000	-4.998348e+000	-1.652188e-003	-2.504987e+000	-2.495013e+000	-2.499994e+000	-2.500006e+000	-2.570006e+000	-2.569994e+000	-4.062353e-009	4.062353e-009	-1.212486e-001	1.212486e-001	-1.246675e-011	1.246675e-011	4.074858e-009	4.986722e-002	-4.986722e-002	4.986722e-002	7.138137e-002	-3.304375e-008	3.304375e-008	1.246672e-011	-1.246675e-011	1.212486e-001
1.000027141122217e-003	-7.497764e-002	-6.502223e-002	-5.000000e+000	-4.996769e+000	-3.230352e-003	-2.504983e+000	-2.495017e+000	-2.500006e+000	-2.499994e+000	-2.569994e+000	-2.570006e+000	4.163439e-009	-4.163439e-009	-1.211719e-001	1.211719e-001	-1.245898e-011	1.245898e-011	-4.150934e-009	4.983572e-002	-4.983572e-002	4.983572e-002	7.133628e-002	-6.460704e-008	6.460704e-008	1.245897e-011	-1.245897e-011	1.211720e-001
1.000053187408481e-003	-7.498288e-002	-6.501698e-002	-5.000000e+000	-4.993617e+000	-6.382943e-003	-2.504977e+000	-2.495023e+000	-2.499994e+000	-2.500006e+000	-2.570006e+000	-2.569994e+000	1.043645e-010	-1.043645e-010	-1.210189e-001	1.210189e-001	-1.244320e-011	1.244320e-011	-9.187791e-011	4.977280e-002	-4.977280e-002	4.977280e-002	7.124621e-002	-1.276589e-007	1.276589e-007	1.244321e-011	-1.244318e-011	1.210190e-001
1.000105279981010e-003	-7.495904e-002	-6.504083e-002	-5.000000e+000	-4.987327e+000	-1.267321e-002	-2.504965e+000	-2.495035e+000	-2.500006e+000	-2.499994e+000	-2.569994e+000	-2.570006e+000	2.115447e-009	-2.115447e-009	-1.207135e-001	1.207135e-001	-1.241184e-011	1.241184e-011	-2.103017e-009	4.964724e-002	-4.964724e-002	4.964724e-002	7.106648e-002	-2.534642e-007	2.534642e-007	1.241185e-011	-1.241183e-011	1.207137e-001
1.000209465126068e-003	-7.494545e-002	-6.505442e-002	-5.000000e+000	-4.974806e+000	-2.519437e-002	-2.504940e+000	-2.495060e+000	-2.499994e+000	-2.500006e+000	-2.570006e+000	-2.569994e+000	1.104221e-009	-1.104221e-009	-1.201055e-001	1.201055e-001	-1.234934e-011	1.234934e-011	-1.091867e-009	4.939732e-002	-4.939732e-002	4.939732e-002	7.070873e-002	-5.038873e-007	5.038873e-007	1.234936e-011	-1.234936e-011	1.201060e-001
1.000417835416182e-003	-7.488441e-002	-6.511545e-002	-5.000000e+000	-4.949998e+000	-5.000140e-002	-2.504890e+000	-2.495110e+000	-2.500006e+000	-2.499994e+000	-2.569994e+000	-2.570006e+000	1.590896e-009	-1.590896e-009	-1.189011e-001	1.189011e-001	-1.222556e-011	1.222556e-011	-1.578674e-009	4.890217e-002	-4.890217e-002	4.890217e-002	6.999996e-002	-1.000028e-006	1.000028e-006	1.222557e-011	-1.222559e-011	1.189021e-001
1.000834575996412e-003	-7.479882e-002	-6.520104e-002	-5.000000e+000	-4.901308e+000	-9.869184e-002	-2.504793e+000	-2.495207e+000	-2.499994e+000	-2.500006e+000	-2.570006e+000	-2.569994e+000	1.312249e-009	-1.312249e-009	-1.165371e-001	1.165371e-001	-1.198259e-011	1.198259e-011	-1.300255e-009	4.793030e-002	-4.793030e-002	4.793030e-002	6.860881e-002	-1.973837e-006	1.973837e-006	1.198258e-011	-1.198259e-011	1.165391e-001
1.001668057156871e-003	-7.459855e-002	-6.540132e-002	-5.000000e+000	-4.806764e+000	-1.932362e-001	-2.504604e+000	-2.495396e+000	-2.500006e+000	-2.499994e+000	-2.569994e+000	-2.570006e+000	1.354585e-009	-1.354585e-009	-1.119469e-001	1.119469e-001	-1.151081e-011	1.151081e-011	-1.343051e-009	4.604319e-002	-4.604319e-002	4.604319e-002	6.590754e-002	-3.864723e-006	3.864723e-006	1.151081e-011	-1.151082e-011	1.119507e-001
1.002668057156871e-003	-7.439208e-002	-6.560779e-002	-5.000000e+000	-4.697690e+000	-3.023098e-001	-2.504386e+000	-2.495614e+000	-2.499994e+000	-2.500006e+000	-2.570006e+000	-2.569994e+000	1.277272e-009	-1.277272e-009	-1.066512e-001	1.066512e-001	-1.096653e-011	1.096653e-011	-1.266301e-009	4.386607e-002	-4.386607e-002	4.386607e-002	6.279115e-002	-6.046197e-006	6.046197e-006	1.096656e-011	-1.096657e-011	1.066572e-001
1.003668057156871e-003	-7.417297e-002	-6.582689e-002	-5.000000e+000	-4.593567e+000	-4.064333e-001	-2.504179e+000	-2.495821e+000	-2.500006e+000	-2.499994e+000	-2.569994e+000	-2.570006e+000	1.216733e-009	-1.216733e-009	-1.015958e-001	1.015958e-001	-1.044695e-011	1.044695e-011	-1.206303e-009	4.178776e-002	-4.178776e-002	4.178776e-002	5.981619e-002	-8.128667e-006	8.128667e-006	1.044699e-011	-1.044698e-011	1.016039e-001
1.004668057156871e-003	-7.398629e-002	-6.601357e-002	-5.000000e+000	-4.494379e+000	-5.056213e-001	-2.503981e+000	-2.496019e+000	-2.499994e+000	-2.500006e+000	-2.570006e+000	-2.569994e+000	1.159066e-009	-1.159066e-009	-9.678009e-002	9.678009e-002	-9.952004e-012	9.952004e-012	-1.149118e-009	3.980796e-002	-3.980796e-002	3.980796e-002	5.698225e-002	-1.011243e-005	1.011243e-005	9.952026e-012	-9.951981e-012	9.679021e-002
1.005668057156871e-003	-7.378650e-002	-6.621337e-002	-5.000000e+000	-4.399892e+000	-6.001077e-001	-2.503792e+000	-2.496208e+000	-2.500006e+000	-2.499994e+000	-2.569994e+000	-2.570006e+000	1.104127e-009	-1.104127e-009	-9.219264e-002	9.219264e-002	-9.480514e-012	9.480514e-012	-1.094662e-009	3.792201e-002	-3.792200e-002	3.792200e-002	5.428264e-002	-1.200215e-005	1.200215e-005	9.480523e-012	-9.480471e-012	9.220465e-002
1.006668057156871e-003	-7.361817e-002	-6.638169e-002	-5.000000e+000	-4.309885e+000	-6.901153e-001	-2.503613e+000	-2.496387e+000	-2.499994e+000	-2.500006e+000	-2.570006e+000	-2.569994e+000	1.051745e-009	-1.051745e-009	-8.782263e-002	8.782263e-002	-9.031375e-012	9.031374e-012	-1.042764e-009	3.612544e-002	-3.612544e-002	3.612544e-002	5.171099e-002	-1.380231e-005	1.380231e-005	9.031387e-012	-9.031356e-012	8.783644e-002
1.007668057156871e-003	-7.343578e-002	-6.656432e-002	-5.000000e+000	-4.224144e+000	-7.758565e-001	-2.503441e+000	-2.496559e+000	-2.500006e+000	-2.499994e+000	-2.569994e+000	-2.570006e+000	1.001894e-009	-1.001894e-009	-8.365977e-002	8.365977e-002	-8.603523e-012	8.603522e-012	-9.933387e-010	3.441405e-002	-3.441404e-002	3.441404e-002	4.926124e-002	-1.551713e-005	1.551713e-005	8.603524e-012	-8.603528e-012	8.367529e-002
1.009668057156870e-003	-7.311749e-002	-6.688261e-002	-5.000000e+000	-4.064661e+000	-9.353389e-001	-2.503123e+000	-2.496877e+000	-2.500006e+000	-2.499994e+000	-2.569994e+000	-2.570006e+000	9.091536e-010	-9.091536e-010	-7.591666e-002	7.591666e-002	-7.807702e-012	7.807702e-012	-9.013945e-010	3.123076e-002	-3.123076e-002	3.123076e-002	4.470460e-002	-1.870678e-005	1.870678e-005	7.807728e-012	-7.807704e-012	7.593536e-002
1.011668057156870e-003	-7.282877e-002	-6.717134e-002	-5.000000e+000	-3.919940e+000	-1.080060e+000	-2.502834e+000	-2.497166e+000	-2.500006e+000	-2.499994e+000	-2.569994e+000	-2.570006e+000	8.249970e-010	-8.249970e-010	-6.889021e-002	6.889021e-002	-7.085537e-012	7.085537e-012	-8.179484e-010	2.834211e-002	-2.834211e-002	2.834211e-002	4.056970e-002	-2.160121e-005	2.160121e-005	7.085571e-012	-7.085519e-012	6.891181e-002
1.013668057156870e-003	-7.256651e-002	-6.743360e-002	-5.000000e+000	-3.788613e+000	-1.211387e+000	-2.502572e+000	-2.497428e+000	-2.500006e+000	-2.499994e+000	-2.569994e+000	-2.570006e+000	7.486562e-010	-7.486562e-010	-6.251408e-002	6.251408e-002	-6.430212e-012	6.430212e-012	-7.422614e-010	2.572081e-002	-2.572081e-002	2.572081e-002	3.681751e-002	-2.422775e-005	2.422775e-005	6.430226e-012	-6.430209e-012	6.253831e-002
1.016668057156870e-003	-7.222939e-002	-6.777048e-002	-5.000000e+000	-3.614057e+000	-1.385943e+000	-2.502224e+000	-2.497776e+000	-2.499994e+000	-2.500006e+000	-2.570006e+000	-2.569994e+000	6.471623e-010	-6.471623e-010	-5.403915e-002	5.403915e-002	-5.559175e-012	5.559175e-012	-6.416201e-010	2.223667e-002	-2.223667e-002	2.223667e-002	3.183020e-002	-2.771886e-005	2.771886e-005	5.559205e-012	-5.559174e-012	5.406687e-002
1.019668057156870e-003	-7.191706e-002	-6.808305e-002	-5.000000e+000	-3.463166e+000	-1.536834e+000	-2.501923e+000	-2.498077e+000	-2.500006e+000	-2.499994e+000	-2.569994e+000	-2.570006e+000	5.594529e-010	-5.594529e-010	-4.671314e-002	4.671314e-002	-4.806223e-012	4.806223e-012	-5.546212e-010	1.922486e-002	-1.922486e-002	1.922486e-002	2.751902e-002	-3.073669e-005	3.073669e-005	4.806227e-012	-4.806190e-012	4.674388e-002
1.022668057156869e-003	-7.166791e-002	-6.833220e-002	-5.000000e+000	-3.332731e+000	-1.667270e+000	-2.501662e+000	-2.498338e+000	-2.499994e+000	-2.500006e+000	-2.570006e+000	-2.569994e+000	4.836238e-010	-4.836238e-010	-4.038032e-002	4.038032e-002	-4.155348e-012	4.155348e-012	-4.794174e-010	1.662137e-002	-1.662137e-002	1.662137e-002	2.379230e-002	-3.334539e-005	3.334539e-005	4.155354e-012	-4.155323e-012	4.041366e-002
1.025668057156869e-003	-7.143164e-002	-6.856847e-002	-5.000000e+000	-3.219978e+000	-1.780022e+000	-2.501437e+000	-2.498563e+000	-2.500006e+000	-2.499994e+000	-2.569994e+000	-2.570006e+000	4.180265e-010	-4.180265e-010	-3.490602e-002	3.490602e-002	-3.592710e-012	3.592710e-012	-4.144454e-010	1.437082e-002	-1.437082e-002	1.437082e-002	2.057080e-002	-3.560044e-005	3.560044e-005	3.592736e-012	-3.592719e-012	3.494162e-002
1.028668057156869e-003	-7.124829e-002	-6.875181e-002	-5.000000e+000	-3.122511e+000	-1.877489e+000	-2.501243e+000	-2.498757e+000	-2.499994e+000	-2.500006e+000	-2.570006e+000	-2.569994e+000	3.613820e-010	-3.613820e-010	-3.017387e-002	3.017387e-002	-3.106349e-012	3.106349e-012	-3.582556e-010	1.242538e-002	-1.242538e-002	1.242538e-002	1.778604e-002	-3.754977e-005	3.754977e-005	3.106364e-012	-3.106348e-012	3.021142e-002
1.031668057156869e-003	-7.106876e-002	-6.893134e-002	-5.000000e+000	-3.038258e+000	-1.961742e+000	-2.501074e+000	-2.498926e+000	-2.500006e+000	-2.499994e+000	-2.569994e+000	-2.570006e+000	3.123546e-010	-3.123546e-010	-2.608324e-002	2.608324e-002	-2.685922e-012	2.685923e-012	-3.097114e-010	1.074367e-002	-1.074367e-002	1.074367e-002	1.537880e-002	-3.923484e-005	3.923484e-005	2.685953e-012	-2.685916e-012	2.612248e-002
1.034668057156868e-003	-7.093477e-002	-6.906533e-002	-5.000000e+000	-2.965427e+000	-2.034573e+000	-2.500929e+000	-2.499071e+000	-2.499994e+000	-2.500006e+000	-2.570006e+000	-2.569994e+000	2.700347e-010	-2.700347e-010	-2.254718e-002	2.254718e-002	-2.322493e-012	2.322493e-012	-2.677041e-010	9.289958e-003	-9.289958e-003	9.289958e-003	1.329791e-002	-4.069146e-005	4.069146e-005	2.322504e-012	-2.322445e-012	2.258787e-002
1.037668057156868e-003	-7.079792e-002	-6.920218e-002	-5.000000e+000	-2.902469e+000	-2.097531e+000	-2.500803e+000	-2.499197e+000	-2.500006e+000	-2.499994e+000	-2.569994e+000	-2.570006e+000	2.334559e-010	-2.334559e-010	-1.949049e-002	1.949049e-002	-2.008333e-012	2.008333e-012	-2.314096e-010	8.033319e-003	-8.033319e-003	8.033319e-003	1.149912e-002	-4.195061e-005	4.195061e-005	2.008358e-012	-2.008328e-012	1.953244e-002
1.040668057156868e-003	-7.070041e-002	-6.929970e-002	-5.000000e+000	-2.848047e+000	-2.151953e+000	-2.500695e+000	-2.499305e+000	-2.499994e+000	-2.500006e+000	-2.570006e+000	-2.569994e+000	2.017941e-010	-2.017941e-010	-1.684820e-002	1.684820e-002	-1.736763e-012	1.736763e-012	-2.000036e-010	6.947041e-003	-6.947041e-003	6.947041e-003	9.944194e-003	-4.303906e-005	4.303906e-005	1.736737e-012	-1.736776e-012	1.689124e-002
1.043668057156868e-003	-7.059526e-002	-6.940484e-002	-5.000000e+000	-2.801002e+000	-2.198998e+000	-2.500601e+000	-2.499399e+000	-2.500006e+000	-2.499994e+000	-2.569994e+000	-2.570006e+000	1.743956e-010	-1.743956e-010	-1.456411e-002	1.456411e-002	-1.502009e-012	1.502009e-012	-1.729177e-010	6.008029e-003	-6.008029e-003	6.008029e-003	8.600064e-003	-4.397996e-005	4.397996e-005	1.502010e-012	-1.501994e-012	1.460809e-002
1.046668057156867e-003	-7.052541e-002	-6.947470e-002	-5.000000e+000	-2.760335e+000	-2.239665e+000	-2.500520e+000	-2.499480e+000	-2.499994e+000	-2.500006e+000	-2.570006e+000	-2.569994e+000	1.507772e-010	-1.507772e-010	-1.258968e-002	1.258968e-002	-1.299081e-012	1.299081e-012	-1.494413e-010	5.196316e-003	-5.196316e-003	5.196316e-003	7.438155e-003	-4.479329e-005	4.479329e-005	1.299105e-012	-1.299075e-012	1.263447e-002
1.049668057156867e-003	-7.044411e-002	-6.955600e-002	-5.000000e+000	-2.725182e+000	-2.274818e+000	-2.500450e+000	-2.499550e+000	-2.500006e+000	-2.499994e+000	-2.569994e+000	-2.570006e+000	1.303135e-010	-1.303135e-010	-1.088291e-002	1.088291e-002	-1.123663e-012	1.123663e-012	-1.292335e-010	4.494647e-003	-4.494646e-003	4.494646e-003	6.433765e-003	-4.549637e-005	4.549637e-005	1.123674e-012	-1.123665e-012	1.092841e-002
1.052668057156867e-003	-7.039452e-002	-6.960559e-002	-5.000000e+000	-2.694794e+000	-2.305206e+000	-2.500389e+000	-2.499611e+000	-2.499994e+000	-2.500006e+000	-2.570006e+000	-2.569994e+000	1.126637e-010	-1.126637e-010	-9.407535e-003	9.407535e-003	-9.720264e-013	9.720268e-013	-1.116689e-010	3.888101e-003	-3.888101e-003	3.888101e-003	5.565539e-003	-4.610412e-005	4.610412e-005	9.720514e-013	-9.720215e-013	9.453639e-003
1.055668057156867e-003	-7.033086e-002	-6.966925e-002	-5.000000e+000	-2.668525e+000	-2.331475e+000	-2.500336e+000	-2.499664e+000	-2.500006e+000	-2.499994e+000	-2.569994e+000	-2.570006e+000	9.737278e-011	-9.737278e-011	-8.132170e-003	8.132170e-003	-8.409469e-013	8.409474e-013	-9.654855e-011	3.363784e-003	-3.363784e-003	3.363784e-003	4.815016e-003	-4.662949e-005	4.662949e-005	8.409378e-013	-8.409218e-013	8.178800e-003
1.058668057156866e-003	-7.029676e-002	-6.970334e-002	-5.000000e+000	-2.645818e+000	-2.354182e+000	-2.500291e+000	-2.499709e+000	-2.499994e+000	-2.500006e+000	-2.570006e+000	-2.569994e+000	8.418510e-011	-8.418510e-011	-7.029705e-003	7.029705e-003	-7.276377e-013	7.276382e-013	-8.341772e-011	2.910547e-003	-2.910547e-003	2.910547e-003	4.166241e-003	-4.708363e-005	4.708363e-005	7.276258e-013	-7.275960e-013	7.076788e-003
1.061668057156866e-003	-7.024622e-002	-6.975389e-002	-5.000000e+000	-2.626190e+000	-2.373810e+000	-2.500252e+000	-2.499748e+000	-2.500006e+000	-2.499994e+000	-2.569994e+000	-2.570006e+000	7.278800e-011	-7.278800e-011	-6.076698e-003	6.076698e-003	-6.296896e-013	6.296901e-013	-7.216272e-011	2.518756e-003	-2.518756e-003	2.518756e-003	3.605419e-003	-4.747621e-005	4.747621e-005	6.296743e-013	-6.296723e-013	6.124175e-003
1.064668057156866e-003	-7.022357e-002	-6.977654e-002	-5.000000e+000	-2.609222e+000	-2.390778e+000	-2.500218e+000	-2.499782e+000	-2.499994e+000	-2.500006e+000	-2.570006e+000	-2.569994e+000	6.289724e-011	-6.289724e-011	-5.252890e-003	5.252890e-003	-5.450202e-013	5.450207e-013	-6.232881e-011	2.180079e-003	-2.180079e-003	2.180079e-003	3.120627e-003	-4.781556e-005	4.781556e-005	5.450636e-013	-5.450063e-013	5.300706e-003
1.067668057156866e-003	-7.018328e-002	-6.981683e-002	-5.000000e+000	-2.594554e+000	-2.405446e+000	-2.500189e+000	-2.499811e+000	-2.500006e+000	-2.499994e+000	-2.569994e+000	-2.570006e+000	5.439915e-011	-5.439915e-011	-4.540764e-003	4.540764e-003	-4.718293e-013	4.718299e-013	-5.391598e-011	1.887316e-003	-1.887316e-003	1.887316e-003	2.701557e-003	-4.810891e-005	4.810891e-005	4.718913e-013	-4.718479e-013	4.588873e-003
1.070668057156865e-003	-7.016921e-002	-6.983089e-002	-5.000000e+000	-2.581876e+000	-2.418124e+000	-2.500164e+000	-2.499836e+000	-2.499994e+000	-2.500006e+000	-2.570006e+000	-2.569994e+000	4.698109e-011	-4.698109e-011	-3.925180e-003	3.925180e-003	-4.085607e-013	4.085613e-013	-4.658318e-011	1.634242e-003	-1.634242e-003	1.634242e-003	2.339300e-003	-4.836249e-005	4.836249e-005	4.085789e-013	-4.085633e-013	3.973542e-003
1.073668057156865e-003	-7.013607e-002	-6.986403e-002	-5.000000e+000	-2.570915e+000	-2.429085e+000	-2.500142e+000	-2.499858e+000	-2.500006e+000	-2.499994e+000	-2.569994e+000	-2.570006e+000	4.067147e-011	-4.067147e-011	-3.393049e-003	3.393049e-003	-3.538694e-013	3.538700e-013	-4.030198e-011	1.415477e-003	-1.415477e-003	1.415477e-003	2.026154e-003	-4.858169e-005	4.858169e-005	3.538690e-013	-3.538535e-013	3.441631e-003
1.076668057156865e-003	-7.012844e-002	-6.987166e-002	-5.000000e+000	-2.561441e+000	-2.438559e+000	-2.500123e+000	-2.499877e+000	-2.499994e+000	-2.500006e+000	-2.570006e+000	-2.569994e+000	3.510081e-011	-3.510081e-011	-2.933059e-003	2.933059e-003	-3.065925e-013	3.065932e-013	-3.478817e-011	1.226370e-003	-1.226370e-003	1.226370e-003	1.755460e-003	-4.877118e-005	4.877118e-005	3.065956e-013	-3.065524e-013	2.981830e-003
1.079668057156865e-003	-7.010078e-002	-6.989932e-002	-5.000000e+000	-2.553251e+000	-2.446749e+000	-2.500106e+000	-2.499894e+000	-2.500006e+000	-2.499994e+000	-2.569994e+000	-2.570006e+000	3.035439e-011	-3.035439e-011	-2.535429e-003	2.535429e-003	-2.657248e-013	2.657255e-013	-3.009859e-011	1.062899e-003	-1.062899e-003	1.062899e-003	1.521464e-003	-4.893498e-005	4.893498e-005	2.657589e-013	-2.657227e-013	2.584364e-003
1.082668057156864e-003	-7.009792e-002	-6.990218e-002	-5.000000e+000	-2.546172e+000	-2.453828e+000	-2.500092e+000	-2.499908e+000	-2.499994e+000	-2.500006e+000	-2.570006e+000	-2.569994e+000	2.623324e-011	-2.623324e-011	-2.191704e-003	2.191704e-003	-2.303975e-013	2.303983e-013	-2.600586e-011	9.215903e-004	-9.215903e-004	9.215903e-004	1.319191e-003	-4.907657e-005	4.907657e-005	2.304026e-013	-2.304151e-013	2.240781e-003
1.085668057156864e-003	-7.007456e-002	-6.992555e-002	-5.000000e+000	-2.540052e+000	-2.459948e+000	-2.500080e+000	-2.499920e+000	-2.500006e+000	-2.499994e+000	-2.569994e+000	-2.570006e+000	2.273737e-011	-2.273737e-011	-1.894578e-003	1.894578e-003	-1.998595e-013	1.998603e-013	-2.250999e-011	7.994385e-004	-7.994384e-004	7.994384e-004	1.144339e-003	-4.919896e-005	4.919896e-005	1.998653e-013	-1.998640e-013	1.943777e-003
1.088668057156864e-003	-7.007504e-002	-6.992507e-002	-5.000000e+000	-2.534762e+000	-2.465238e+000	-2.500069e+000	-2.499931e+000	-2.499994e+000	-2.500006e+000	-2.570006e+000	-2.569994e+000	1.963940e-011	-1.963940e-011	-1.637733e-003	1.637733e-003	-1.734615e-013	1.734623e-013	-1.944045e-011	6.938465e-004	-6.938465e-004	6.938465e-004	9.931917e-004	-4.930477e-005	4.930477e-005	1.734593e-013	-1.734303e-013	1.687038e-003
1.091668057156864e-003	-7.005453e-002	-6.994557e-002	-5.000000e+000	-2.530189e+000	-2.469811e+000	-2.500060e+000	-2.499940e+000	-2.500006e+000	-2.499994e+000	-2.569994e+000	-2.570006e+000	1.691092e-011	-1.691092e-011	-1.415708e-003	1.415708e-003	-1.506422e-013	1.506430e-013	-1.679723e-011	6.025695e-004	-6.025695e-004	6.025695e-004	8.625352e-004	-4.939623e-005	4.939623e-005	1.506933e-013	-1.506505e-013	1.465105e-003
1.094668057156863e-003	-7.005811e-002	-6.994200e-002	-5.000000e+000	-2.526236e+000	-2.473764e+000	-2.500052e+000	-2.499948e+000	-2.499994e+000	-2.500006e+000	-2.570006e+000	-2.569994e+000	1.463718e-011	-1.463718e-011	-1.223783e-003	1.223783e-003	-1.309164e-013	1.309173e-013	-1.452349e-011	5.236668e-004	-5.236667e-004	5.236667e-004	7.495916e-004	-4.947529e-005	4.947529e-005	1.309233e-013	-1.309083e-013	1.273258e-003
1.097668057156863e-003	-7.003999e-002	-6.996012e-002	-5.000000e+000	-2.522819e+000	-2.477181e+000	-2.500046e+000	-2.499954e+000	-2.500006e+000	-2.499994e+000	-2.569994e+000	-2.570006e+000	1.267608e-011	-1.267608e-011	-1.057877e-003	1.057877e-003	-1.138649e-013	1.138658e-013	-1.256240e-011	4.554608e-004	-4.554607e-004	4.554607e-004	6.519596e-004	-4.954363e-005	4.954363e-005	1.139104e-013	-1.138886e-013	1.107420e-003
1.100668057156863e-003	-7.004523e-002	-6.995487e-002	-5.000000e+000	-2.519865e+000	-2.480135e+000	-2.500040e+000	-2.499960e+000	-2.499994e+000	-2.500006e+000	-2.570006e+000	-2.569994e+000	1.094236e-011	-1.094236e-011	-9.144620e-004	9.144620e-004	-9.912500e-014	9.912595e-014	-1.082867e-011	3.965014e-004	-3.965013e-004	3.965013e-004	5.675633e-004	-4.960271e-005	4.960271e-005	9.913584e-014	-9.913491e-014	9.640647e-004
1.103668057156863e-003	-7.002902e-002	-6.997108e-002	-5.000000e+000	-2.517311e+000	-2.482689e+000	-2.500035e+000	-2.499965e+000	-2.500006e+000	-2.499994e+000	-2.569994e+000	-2.570006e+000	9.464429e-012	-9.464429e-012	-7.904898e-004	7.904898e-004	-8.638337e-014	8.638436e-014	-9.407586e-012	3.455350e-004	-3.455350e-004	3.455350e-004	4.946087e-004	-4.965377e-005	4.965377e-005	8.641083e-014	-8.640300e-014	8.401436e-004
1.106668057156862e-003	-7.003570e-002	-6.996441e-002	-5.000000e+000	-2.515104e+000	-2.484896e+000	-2.500030e+000	-2.499970e+000	-2.499994e+000	-2.500006e+000	-2.570006e+000	-2.569994e+000	8.185452e-012	-8.185452e-012	-6.833244e-004	6.833244e-004	-7.536909e-014	7.537012e-014	-8.100187e-012	3.014780e-004	-3.014780e-004	3.014780e-004	4.315442e-004	-4.969792e-005	4.969792e-005	7.539866e-014	-7.537008e-014	7.330222e-004
1.109668057156862e-003	-7.002068e-002	-6.997943e-002	-5.000000e+000	-2.513196e+000	-2.486804e+000	-2.500026e+000	-2.499974e+000	-2.500006e+000	-2.499994e+000	-2.569994e+000	-2.570006e+000	7.077006e-012	-7.077006e-012	-5.906872e-004	5.906872e-004	-6.584801e-014	6.584907e-014	-6.991741e-012	2.633938e-004	-2.633938e-004	2.633938e-004	3.770294e-004	-4.973608e-005	4.973608e-005	6.583863e-014	-6.581010e-014	6.404232e-004
1.112668057156862e-003	-7.002878e-002	-6.997132e-002	-5.000000e+000	-2.511547e+000	-2.488453e+000	-2.500023e+000	-2.499977e+000	-2.499995e+000	-2.500005e+000	-2.570006e+000	-2.569994e+000	6.110668e-012	-6.110668e-012	-5.106086e-004	5.106086e-004	-5.761767e-014	5.761877e-014	-6.053824e-012	2.304726e-004	-2.304726e-004	2.304726e-004	3.299051e-004	-4.976907e-005	4.976907e-005	5.764405e-014	-5.764338e-014	5.603777e-004
1.115668057156862e-003	-7.001472e-002	-6.998539e-002	-5.000000e+000	-2.510121e+000	-2.489879e+000	-2.500020e+000	-2.499980e+000	-2.500005e+000	-2.499995e+000	-2.569994e+000	-2.570006e+000	5.286438e-012	-5.286438e-012	-4.413862e-004	4.413862e-004	-5.050312e-014	5.050425e-014	-5.229595e-012	2.020145e-004	-2.020145e-004	2.020145e-004	2.891693e-004	-4.979758e-005	4.979758e-005	5.050117e-014	-5.050061e-014	4.911837e-004
1.118668057156861e-003	-7.002330e-002	-6.997681e-002	-5.000000e+000	-2.508888e+000	-2.491112e+000	-2.500018e+000	-2.499982e+000	-2.499995e+000	-2.500005e+000	-2.570006e+000	-2.569994e+000	4.575895e-012	-4.575895e-012	-3.815481e-004	3.815481e-004	-4.435307e-014	4.435423e-014	-4.490630e-012	1.774144e-004	-1.774144e-004	1.774144e-004	2.539560e-004	-4.982223e-005	4.982223e-005	4.433137e-014	-4.433091e-014	4.313704e-004
1.121668057156861e-003	-7.001019e-002	-6.998992e-002	-5.000000e+000	-2.507823e+000	-2.492177e+000	-2.500016e+000	-2.499984e+000	-2.500005e+000	-2.499995e+000	-2.569994e+000	-2.570006e+000	3.950618e-012	-3.950618e-012	-3.298222e-004	3.298222e-004	-3.903677e-014	3.903796e-014	-3.893774e-012	1.561493e-004	-1.561493e-004	1.561493e-004	2.235165e-004	-4.984354e-005	4.984354e-005	3.905299e-014	-3.902484e-014	3.796658e-004
1.124668057156861e-003	-7.001948e-002	-6.998062e-002	-5.000000e+000	-2.506902e+000	-2.493098e+000	-2.500014e+000	-2.499986e+000	-2.499995e+000	-2.500005e+000	-2.570006e+000	-2.569994e+000	3.410605e-012	-3.410605e-012	-2.851088e-004	2.851088e-004	-3.444119e-014	3.444242e-014	-3.353762e-012	1.377671e-004	-1.377670e-004	1.377670e-004	1.972037e-004	-4.986196e-005	4.986196e-005	3.444329e-014	-3.442910e-014	3.349707e-004
1.127668057156861e-003	-7.000685e-002	-6.999326e-002	-5.000000e+000	-2.506106e+000	-2.493894e+000	-2.500012e+000	-2.499988e+000	-2.500005e+000	-2.499995e+000	-2.569994e+000	-2.570006e+000	2.955858e-012	-2.955858e-012	-2.464570e-004	2.464570e-004	-3.046862e-014	3.046988e-014	-2.955858e-012	1.218769e-004	-1.218769e-004	1.218769e-004	1.744580e-004	-4.987788e-005	4.987788e-005	3.049500e-014	-3.046007e-014	2.963349e-004
1.130668057156860e-003	-7.001662e-002	-6.998348e-002	-5.000000e+000	-2.505418e+000	-2.494582e+000	-2.500011e+000	-2.499989e+000	-2.499995e+000	-2.500005e+000	-2.570006e+000	-2.569994e+000	2.529532e-012	-2.529532e-012	-2.130452e-004	2.130452e-004	-2.703461e-014	2.703590e-014	-2.529532e-012	1.081409e-004	-1.081409e-004	1.081409e-004	1.547960e-004	-4.989164e-005	4.989164e-005	2.706952e-014	-2.705548e-014	2.629369e-004
1.133668057156860e-003	-7.000399e-002	-6.999612e-002	-5.000000e+000	-2.504823e+000	-2.495177e+000	-2.500010e+000	-2.499990e+000	-2.500005e+000	-2.499995e+000	-2.569994e+000	-2.570006e+000	2.160050e-012	-2.160050e-012	-1.841630e-004	1.841630e-004	-2.406614e-014	2.406747e-014	-2.160050e-012	9.626709e-005	-9.626709e-005	9.626709e-005	1.377995e-004	-4.990354e-005	4.990354e-005	2.405094e-014	-2.402311e-014	2.340666e-004
1.136668057156860e-003	-7.001424e-002	-6.998587e-002	-5.000000e+000	-2.504309e+000	-2.495691e+000	-2.500009e+000	-2.499991e+000	-2.499995e+000	-2.500005e+000	-2.570006e+000	-2.569994e+000	1.904255e-012	-1.904255e-012	-1.591963e-004	1.591963e-004	-2.150009e-014	2.150146e-014	-1.875833e-012	8.600300e-005	-8.600300e-005	8.600300e-005	1.231072e-004	-4.991383e-005	4.991383e-005	2.148355e-014	-2.146962e-014	2.091101e-004
1.139668057156860e-003	-7.000208e-002	-6.999803e-002	-5.000000e+000	-2.503864e+000	-2.496136e+000	-2.500008e+000	-2.499992e+000	-2.500005e+000	-2.499995e+000	-2.569994e+000	-2.570006e+000	1.648459e-012	-1.648459e-012	-1.376143e-004	1.376143e-004	-1.928192e-014	1.928332e-014	-1.591616e-012	7.713039e-005	-7.713039e-005	7.713039e-005	1.104066e-004	-4.992272e-005	4.992272e-005	1.930952e-014	-1.924707e-014	1.875370e-004
1.142668057156859e-003	-7.001281e-002	-6.998730e-002	-5.000000e+000	-2.503480e+000	-2.496520e+000	-2.500007e+000	-2.499993e+000	-2.499995e+000	-2.500005e+000	-2.570006e+000	-2.569994e+000	1.421085e-012	-1.421085e-012	-1.189582e-004	1.189582e-004	-1.736446e-014	1.736589e-014	-1.364242e-012	6.946063e-005	-6.946063e-005	6.946063e-005	9.942793e-005	-4.993040e-005	4.993040e-005	1.737183e-014	-1.734415e-014	1.688886e-004
1.145668057156859e-003	-7.000065e-002	-6.999946e-002	-5.000000e+000	-2.503148e+000	-2.496852e+000	-2.500006e+000	-2.499994e+000	-2.500005e+000	-2.499995e+000	-2.569994e+000	-2.570006e+000	1.222134e-012	-1.222134e-012	-1.028312e-004	1.028312e-004	-1.570695e-014	1.570841e-014	-1.193712e-012	6.283064e-005	-6.283065e-005	6.283065e-005	8.993758e-005	-4.993704e-005	4.993704e-005	1.571675e-014	-1.570302e-014	1.527682e-004
1.148668057156859e-003	-7.001138e-002	-6.998873e-002	-5.000000e+000	-2.502861e+000	-2.497139e+000	-2.500006e+000	-2.499994e+000	-2.499995e+000	-2.500005e+000	-2.570006e+000	-2.569994e+000	1.080025e-012	-1.080025e-012	-8.889052e-005	8.889052e-005	-1.427413e-014	1.427563e-014	-1.023182e-012	5.709948e-005	-5.709948e-005	5.709948e-005	8.173383e-005	-4.994279e-005	4.994279e-005	1.428563e-014	-1.427198e-014	1.388333e-004
1.151668057156859e-003	-6.999969e-002	-7.000041e-002	-5.000000e+000	-2.502613e+000	-2.497387e+000	-2.500005e+000	-2.499995e+000	-2.500005e+000	-2.499995e+000	-2.569994e+000	-2.570006e+000	9.379164e-013	-9.379164e-013	-7.683977e-005	7.683977e-005	-1.303557e-014	1.303710e-014	-9.094947e-013	5.214528e-005	-5.214528e-005	5.214528e-005	7.464224e-005	-4.994775e-005	4.994775e-005	1.306958e-014	-1.300746e-014	1.267875e-004
1.154668057156858e-003	-7.001042e-002	-6.998968e-002	-5.000000e+000	-2.502398e+000	-2.497602e+000	-2.500005e+000	-2.499995e+000	-2.499995e+000	-2.500005e+000	-2.570006e+000	-2.569994e+000	8.242296e-013	-8.242296e-013	-6.642273e-005	6.642273e-005	-1.196491e-014	1.196647e-014	-7.673862e-013	4.786272e-005	-4.786271e-005	4.786271e-005	6.851205e-005	-4.995204e-005	4.995204e-005	1.198484e-014	-1.191589e-014	1.163748e-004
1.157668057156858e-003	-6.999874e-002	-7.000136e-002	-5.000000e+000	-2.502213e+000	-2.497787e+000	-2.500004e+000	-2.499996e+000	-2.500005e+000	-2.499995e+000	-2.569994e+000	-2.570006e+000	7.105427e-013	-7.105427e-013	-5.741790e-005	5.741790e-005	-1.103939e-014	1.104099e-014	-6.821210e-013	4.416073e-005	-4.416073e-005	4.416073e-005	6.321292e-005	-4.995575e-005	4.995575e-005	1.106209e-014	-1.106258e-014	1.073736e-004
1.160668057156858e-003	-7.000971e-002	-6.999040e-002	-5.000000e+000	-2.502052e+000	-2.497948e+000	-2.500004e+000	-2.499996e+000	-2.499995e+000	-2.500005e+000	-2.570006e+000	-2.569994e+000	6.252776e-013	-6.252776e-013	-4.963384e-005	4.963384e-005	-1.023935e-014	1.024098e-014	-5.684342e-013	4.096061e-005	-4.096061e-005	4.096061e-005	5.863219e-005	-4.995896e-005	4.995896e-005	1.024374e-014	-1.023045e-014	9.959281e-005
1.163668057156858e-003	-6.999826e-002	-7.000184e-002	-5.000000e+000	-2.501914e+000	-2.498086e+000	-2.500004e+000	-2.499996e+000	-2.500005e+000	-2.499995e+000	-2.569994e+000	-2.570006e+000	5.115908e-013	-5.115908e-013	-4.290506e-005	4.290506e-005	-9.547758e-015	9.549421e-015	-5.115908e-013	3.819433e-005	-3.819433e-005	3.819433e-005	5.467246e-005	-4.996173e-005	4.996173e-005	9.539404e-015	-9.533125e-015	9.286679e-005
1.166668057156857e-003	-7.000923e-002	-6.999087e-002	-5.000000e+000	-2.501794e+000	-2.498206e+000	-2.500004e+000	-2.499996e+000	-2.499995e+000	-2.500005e+000	-2.570006e+000	-2.569994e+000	4.547474e-013	-4.547474e-013	-3.708849e-005	3.708849e-005	-8.949925e-015	8.951622e-015	-4.547474e-013	3.580307e-005	-3.580307e-005	3.580307e-005	5.124954e-005	-4.996412e-005	4.996412e-005	8.950732e-015	-8.951473e-015	8.705261e-005
1.169668057156857e-003	-6.999779e-002	-7.000232e-002	-5.000000e+000	-2.501690e+000	-2.498310e+000	-2.500003e+000	-2.499997e+000	-2.500005e+000	-2.499995e+000	-2.569994e+000	-2.570006e+000	3.979039e-013	-3.979039e-013	-3.206046e-005	3.206046e-005	-8.433138e-015	8.434868e-015	-3.694822e-013	3.373599e-005	-3.373599e-005	3.373599e-005	4.829067e-005	-4.996620e-005	4.996620e-005	8.466143e-015	-8.404523e-015	8.202666e-005
1.172668057156857e-003	-7.000899e-002	-6.999111e-002	-5.000000e+000	-2.501601e+000	-2.498399e+000	-2.500003e+000	-2.499997e+000	-2.499995e+000	-2.500005e+000	-2.570006e+000	-2.569994e+000	3.126388e-013	-3.126388e-013	-2.771407e-005	2.771407e-005	-7.986409e-015	7.988171e-015	-3.126388e-013	3.194914e-005	-3.194914e-005	3.194914e-005	4.573292e-005	-4.996799e-005	4.996799e-005	7.991133e-015	-7.978161e-015	7.768206e-005
1.175668057156856e-003	-6.999731e-002	-7.000279e-002	-5.000000e+000	-2.501523e+000	-2.498477e+000	-2.500003e+000	-2.499997e+000	-2.500005e+000	-2.499995e+000	-2.569994e+000	-2.570006e+000	2.842171e-013	-2.842171e-013	-2.395692e-005	2.395692e-005	-7.600240e-015	7.602035e-015	-2.557954e-013	3.040454e-005	-3.040454e-005	3.040454e-005	4.352192e-005	-4.996953e-005	4.996953e-005	7.650565e-015	-7.609924e-015	7.392646e-005
1.178668057156856e-003	-7.000852e-002	-6.999159e-002	-5.000000e+000	-2.501456e+000	-2.498544e+000	-2.500003e+000	-2.499997e+000	-2.499995e+000	-2.500005e+000	-2.570006e+000	-2.569994e+000	2.273737e-013	-2.273737e-013	-2.070912e-005	2.070912e-005	-7.266421e-015	7.268248e-015	-2.557954e-013	2.906933e-005	-2.906933e-005	2.906933e-005	4.161066e-005	-4.997087e-005	4.997087e-005	7.273219e-015	-7.274292e-015	7.067999e-005
1.181668057156856e-003	-6.999731e-002	-7.000279e-002	-5.000000e+000	-2.501399e+000	-2.498601e+000	-2.500003e+000	-2.499997e+000	-2.500005e+000	-2.499995e+000	-2.569994e+000	-2.570006e+000	2.273737e-013	-2.273737e-013	-1.790162e-005	1.790162e-005	-6.977855e-015	6.979716e-015	-2.273737e-013	2.791513e-005	-2.791513e-005	2.791513e-005	3.995851e-005	-4.997203e-005	4.997203e-005	6.972711e-015	-6.960003e-015	6.787364e-005
1.184668057156856e-003	-7.000852e-002	-6.999159e-002	-5.000000e+000	-2.501348e+000	-2.498652e+000	-2.500003e+000	-2.499997e+000	-2.499995e+000	-2.500005e+000	-2.570006e+000	-2.569994e+000	1.421085e-013	-1.421085e-013	-1.547472e-005	1.547472e-005	-6.728406e-015	6.730301e-015	-1.421085e-013	2.691741e-005	-2.691741e-005	2.691741e-005	3.853034e-005	-4.997303e-005	4.997303e-005	6.713179e-015	-6.714435e-015	6.544775e-005
1.187668057156855e-003	-6.999707e-002	-7.000303e-002	-5.000000e+000	-2.501305e+000	-2.498695e+000	-2.500003e+000	-2.499997e+000	-2.500005e+000	-2.499995e+000	-2.569994e+000	-2.570006e+000	1.705303e-013	-1.705303e-013	-1.337684e-005	1.337684e-005	-6.512774e-015	6.514701e-015	-1.705303e-013	2.605494e-005	-2.605494e-005	2.605494e-005	3.729579e-005	-4.997389e-005	4.997389e-005	6.498006e-015	-6.471611e-015	6.335073e-005
1.190668057156855e-003	-7.000804e-002	-6.999207e-002	-5.000000e+000	-2.501268e+000	-2.498732e+000	-2.500002e+000	-2.499998e+000	-2.499995e+000	-2.500005e+000	-2.570006e+000	-2.569994e+000	1.421085e-013	-1.421085e-013	-1.156336e-005	1.156336e-005	-6.326372e-015	6.328332e-015	-1.421085e-013	2.530940e-005	-2.530940e-005	2.530940e-005	3.622860e-005	-4.997464e-005	4.997464e-005	6.363072e-015	-6.309016e-015	6.153800e-005
1.193668057156855e-003	-6.999683e-002	-7.000327e-002	-5.000000e+000	-2.501236e+000	-2.498764e+000	-2.500002e+000	-2.499998e+000	-2.500005e+000	-2.499995e+000	-2.569994e+000	-2.570006e+000	1.421085e-013	-1.421085e-013	-9.995733e-006	9.995733e-006	-6.165238e-015	6.167230e-015	-1.421085e-013	2.466493e-005	-2.466493e-005	2.466493e-005	3.530609e-005	-4.997529e-005	4.997529e-005	6.143566e-015	-6.131225e-015	5.997102e-005
1.196668057156855e-003	-7.000804e-002	-6.999207e-002	-5.000000e+000	-2.501208e+000	-2.498792e+000	-2.500002e+000	-2.499998e+000	-2.499995e+000	-2.500005e+000	-2.570006e+000	-2.569994e+000	1.136868e-013	-1.136868e-013	-8.640627e-006	8.640627e-006	-6.025947e-015	6.027972e-015	-1.136868e-013	2.410783e-005	-2.410783e-005	2.410783e-005	3.450864e-005	-4.997584e-005	4.997584e-005	6.024280e-015	-6.012010e-015	5.861647e-005
1.199668057156854e-003	-6.999683e-002	-7.000327e-002	-5.000000e+000	-2.501184e+000	-2.498816e+000	-2.500002e+000	-2.499998e+000	-2.500005e+000	-2.499995e+000	-2.569994e+000	-2.570006e+000	1.421085e-013	-1.421085e-013	-7.469231e-006	7.469231e-006	-5.905537e-015	5.907594e-015	-1.136868e-013	2.362626e-005	-2.362626e-005	2.362626e-005	3.381930e-005	-4.997633e-005	4.997633e-005	5.917592e-015	-5.856836e-015	5.744556e-005
1.202668057156854e-003	-7.000804e-002	-6.999207e-002	-5.000000e+000	-2.501163e+000	-2.498837e+000	-2.500002e+000	-2.499998e+000	-2.499995e+000	-2.500005e+000	-2.570006e+000	-2.569994e+000	5.684342e-014	-5.684342e-014	-6.456639e-006	6.456639e-006	-5.801448e-015	5.803539e-015	-5.684342e-014	2.320997e-005	-2.320997e-005	2.320997e-005	3.322341e-005	-4.997674e-005	4.997674e-005	5.821355e-015	-5.781499e-015	5.643338e-005
1.205668057156854e-003	-6.999683e-002	-7.000327e-002	-5.000000e+000	-2.501145e+000	-2.498855e+000	-2.500002e+000	-2.499998e+000	-2.500005e+000	-2.499995e+000	-2.569994e+000	-2.570006e+000	8.526513e-014	-8.526513e-014	-5.581323e-006	5.581323e-006	-5.711468e-015	5.713592e-015	-5.684342e-014	2.285012e-005	-2.285012e-005	2.285012e-005	3.270831e-005	-4.997710e-005	4.997710e-005	5.726030e-015	-5.714070e-015	5.555843e-005
1.208668057156854e-003	-7.000804e-002	-6.999207e-002	-5.000000e+000	-2.501129e+000	-2.498871e+000	-2.500002e+000	-2.499998e+000	-2.499995e+000	-2.500005e+000	-2.570006e+000	-2.569994e+000	5.684342e-014	-5.684342e-014	-4.824671e-006	4.824671e-006	-5.633685e-015	5.635841e-015	-5.684342e-014	2.253905e-005	-2.253905e-005	2.253905e-005	3.226304e-005	-4.997742e-005	4.997742e-005	5.667301e-015	-5.641551e-015	5.480209e-005
1.211668057156853e-003	-6.999683e-002	-7.000303e-002	-5.000000e+000	-2.501116e+000	-2.498884e+000	-2.500002e+000	-2.499998e+000	-2.500005e+000	-2.499995e+000	-2.569994e+000	-2.570005e+000	8.526513e-014	-8.526513e-014	-4.170598e-006	4.170598e-006	-5.566444e-015	5.568633e-015	-8.526513e-014	2.227015e-005	-2.227015e-005	2.227015e-005	3.187813e-005	-4.997769e-005	4.997769e-005	5.580959e-015	-5.548342e-015	5.414828e-005
1.214668057156853e-003	-7.000780e-002	-6.999207e-002	-5.000000e+000	-2.501104e+000	-2.498896e+000	-2.500002e+000	-2.499998e+000	-2.499995e+000	-2.500005e+000	-2.570005e+000	-2.569994e+000	2.842171e-014	-2.842171e-014	-3.605197e-006	3.605197e-006	-5.508317e-015	5.510539e-015	-5.684342e-014	2.203771e-005	-2.203771e-005	2.203771e-005	3.154541e-005	-4.997792e-005	4.997792e-005	5.506571e-015	-5.467091e-015	5.358312e-005
1.217668057156853e-003	-6.999683e-002	-7.000303e-002	-5.000000e+000	-2.501094e+000	-2.498906e+000	-2.500002e+000	-2.499998e+000	-2.500005e+000	-2.499995e+000	-2.569994e+000	-2.570005e+000	5.684342e-014	-5.684342e-014	-3.116446e-006	3.116446e-006	-5.458068e-015	5.460322e-015	-5.684342e-014	2.183678e-005	-2.183678e-005	2.183678e-005	3.125779e-005	-4.997812e-005	4.997812e-005	5.469505e-015	-5.485604e-015	5.309457e-005
1.220668057156853e-003	-7.000780e-002	-6.999207e-002	-5.000000e+000	-2.501085e+000	-2.498915e+000	-2.500002e+000	-2.499998e+000	-2.499995e+000	-2.500005e+000	-2.570005e+000	-2.569994e+000	2.842171e-014	-2.842171e-014	-2.693954e-006	2.693954e-006	-5.414628e-015	5.416915e-015	-2.842171e-014	2.166309e-005	-2.166309e-005	2.166309e-005	3.100916e-005	-4.997829e-005	4.997829e-005	5.482262e-015	-5.415167e-015	5.267225e-005
1.223668057156852e-003	-6.999660e-002	-7.000327e-002	-5.000000e+000	-2.501078e+000	-2.498922e+000	-2.500002e+000	-2.499998e+000	-2.500005e+000	-2.499995e+000	-2.569994e+000	-2.570005e+000	5.684342e-014	-5.684342e-014	-2.328739e-006	2.328739e-006	-5.377077e-015	5.379395e-015	-5.684342e-014	2.151294e-005	-2.151294e-005	2.151294e-005	3.079424e-005	-4.997844e-005	4.997844e-005	5.389639e-015	-5.371199e-015	5.230718e-005
1.226668057156852e-003	-7.000756e-002	-6.999230e-002	-5.000000e+000	-2.501071e+000	-2.498929e+000	-2.500002e+000	-2.499998e+000	-2.499995e+000	-2.500005e+000	-2.570005e+000	-2.569994e+000	2.842171e-014	-2.842171e-014	-2.013035e-006	2.013035e-006	-5.344613e-015	5.346964e-015	-2.842171e-014	2.138315e-005	-2.138315e-005	2.138315e-005	3.060846e-005	-4.997857e-005	4.997857e-005	5.379446e-015	-5.368022e-015	5.199161e-005
1.229668057156852e-003	-6.999636e-002	-7.000351e-002	-5.000000e+000	-2.501066e+000	-2.498934e+000	-2.500002e+000	-2.499998e+000	-2.500005e+000	-2.499995e+000	-2.569994e+000	-2.570005e+000	0.000000e+000	0.000000e+000	-1.740131e-006	1.740131e-006	-5.316548e-015	5.318932e-015	0.000000e+000	2.127096e-005	-2.127096e-005	2.127096e-005	3.044786e-005	-4.997869e-005	4.997869e-005	5.328236e-015	-5.316914e-015	5.171882e-005
1.232668057156852e-003	-7.000732e-002	-6.999254e-002	-5.000000e+000	-2.501061e+000	-2.498939e+000	-2.500002e+000	-2.499998e+000	-2.499995e+000	-2.500005e+000	-2.570005e+000	-2.569994e+000	2.842171e-014	-2.842171e-014	-1.504224e-006	1.504224e-006	-5.292286e-015	5.294702e-015	2.842171e-014	2.117398e-005	-2.117398e-005	2.117398e-005	3.030903e-005	-4.997879e-005	4.997879e-005	5.316019e-015	-5.318660e-015	5.148301e-005
1.235668057156851e-003	-6.999636e-002	-7.000351e-002	-5.000000e+000	-2.501057e+000	-2.498943e+000	-2.500002e+000	-2.499998e+000	-2.500005e+000	-2.499995e+000	-2.569994e+000	-2.570005e+000	2.842171e-014	-2.842171e-014	-1.300299e-006	1.300299e-006	-5.271311e-015	5.273759e-015	0.000000e+000	2.109014e-005	-2.109014e-005	2.109014e-005	3.018903e-005	-4.997887e-005	4.997887e-005	5.256699e-015	-5.238595e-015	5.127917e-005
1.238668057156851e-003	-7.000732e-002	-6.999254e-002	-5.000000e+000	-2.501053e+000	-2.498947e+000	-2.500002e+000	-2.499998e+000	-2.499995e+000	-2.500005e+000	-2.570005e+000	-2.569994e+000	2.842171e-014	-2.842171e-014	-1.124019e-006	1.124019e-006	-5.253177e-015	5.255657e-015	2.842171e-014	2.101767e-005	-2.101767e-005	2.101767e-005	3.008529e-005	-4.997894e-005	4.997894e-005	5.256153e-015	-5.258928e-015	5.110296e-005
1.241668057156851e-003	-6.999636e-002	-7.000351e-002	-5.000000e+000	-2.501050e+000	-2.498950e+000	-2.500002e+000	-2.499998e+000	-2.500005e+000	-2.499995e+000	-2.569994e+000	-2.570005e+000	0.000000e+000	0.000000e+000	-9.716380e-007	9.716380e-007	-5.237499e-015	5.240012e-015	0.000000e+000	2.095502e-005	-2.095502e-005	2.095502e-005	2.999562e-005	-4.997900e-005	4.997900e-005	5.248168e-015	-5.202432e-015	5.095064e-005
1.244668057156851e-003	-7.000732e-002	-6.999254e-002	-5.000000e+000	-2.501047e+000	-2.498953e+000	-2.500002e+000	-2.499998e+000	-2.499995e+000	-2.500005e+000	-2.570005e+000	-2.569994e+000	0.000000e+000	0.000000e+000	-8.399145e-007	8.399145e-007	-5.223944e-015	5.226490e-015	-2.842171e-014	2.090087e-005	-2.090087e-005	2.090087e-005	2.991810e-005	-4.997906e-005	4.997906e-005	5.235134e-015	-5.224173e-015	5.081897e-005
1.247668057156850e-003	-6.999636e-002	-7.000351e-002	-5.000000e+000	-2.501045e+000	-2.498955e+000	-2.500002e+000	-2.499998e+000	-2.500005e+000	-2.499995e+000	-2.569994e+000	-2.570005e+000	0.000000e+000	0.000000e+000	-7.260486e-007	7.260486e-007	-5.212226e-015	5.214804e-015	2.842171e-014	2.085406e-005	-2.085406e-005	2.085406e-005	2.985109e-005	-4.997911e-005	4.997911e-005	5.224738e-015	-5.206945e-015	5.070515e-005
1.250668057156850e-003	-7.000732e-002	-6.999254e-002	-5.000000e+000	-2.501043e+000	-2.498957e+000	-2.500002e+000	-2.499998e+000	-2.499995e+000	-2.500005e+000	-2.570005e+000	-2.569994e+000	0.000000e+000	0.000000e+000	-6.276193e-007	6.276193e-007	-5.202094e-015	5.204703e-015	0.000000e+000	2.081359e-005	-2.081359e-005	2.081359e-005	2.979317e-005	-4.997915e-005	4.997915e-005	5.176242e-015	-5.151584e-015	5.060676e-005
1.253668057156850e-003	-6.999636e-002	-7.000351e-002	-5.000000e+000	-2.501041e+000	-2.498959e+000	-2.500002e+000	-2.499998e+000	-2.500005e+000	-2.499995e+000	-2.569994e+000	-2.570005e+000	2.842171e-014	-2.842171e-014	-5.425339e-007	5.425339e-007	-5.193333e-015	5.195974e-015	2.842171e-014	2.077861e-005	-2.077861e-005	2.077861e-005	2.974310e-005	-4.997918e-005	4.997918e-005	5.164428e-015	-5.139857e-015	5.052171e-005
1.256668057156850e-003	-7.000732e-002	-6.999254e-002	-5.000000e+000	-2.501040e+000	-2.498960e+000	-2.500002e+000	-2.499998e+000	-2.499995e+000	-2.500005e+000	-2.570005e+000	-2.569994e+000	0.000000e+000	0.000000e+000	-4.689835e-007	4.689835e-007	-5.185758e-015	5.188430e-015	0.000000e+000	2.074838e-005	-2.074838e-005	2.074838e-005	2.969982e-005	-4.997921e-005	4.997921e-005	5.165845e-015	-5.169128e-015	5.044819e-005
1.259239485728278e-003	-7.000394e-002	-6.999593e-002	-5.000000e+000	-2.501038e+000	-2.498962e+000	-2.500002e+000	-2.499998e+000	-2.499998e+000	-2.500002e+000	-2.570002e+000	-2.569998e+000	-5.437022e-015	5.437022e-015	-4.155094e-007	4.155094e-007	-5.180248e-015	5.182948e-015	-8.963811e-015	2.072639e-005	-2.072639e-005	2.072639e-005	2.966835e-005	-4.997923e-005	4.997923e-005	5.161207e-015	-5.165371e-015	5.039474e-005
1.261810914299706e-003	-7.000168e-002	-6.999819e-002	-5.000000e+000	-2.501037e+000	-2.498963e+000	-2.500002e+000	-2.499998e+000	-2.500000e+000	-2.500000e+000	-2.570000e+000	-2.570000e+000	-7.708289e-015	7.708289e-015	-3.668455e-007	3.668455e-007	-5.175233e-015	5.177960e-015	-1.358627e-014	2.070638e-005	-2.070638e-005	2.070638e-005	2.963971e-005	-4.997925e-005	4.997925e-005	5.158499e-015	-5.160626e-015	5.034610e-005
1.264382342871135e-003	-7.000055e-002	-6.999932e-002	-5.000000e+000	-2.501037e+000	-2.498963e+000	-2.500002e+000	-2.499998e+000	-2.500001e+000	-2.499999e+000	-2.569999e+000	-2.570001e+000	-6.813801e-015	6.813801e-015	-3.229917e-007	3.229917e-007	-5.170712e-015	5.173466e-015	-1.386738e-014	2.068836e-005	-2.068836e-005	2.068836e-005	2.961390e-005	-4.997927e-005	4.997927e-005	5.157722e-015	-5.154893e-015	5.030226e-005
1.266953771442563e-003	-7.000055e-002	-6.999932e-002	-5.000000e+000	-2.501036e+000	-2.498964e+000	-2.500002e+000	-2.499998e+000	-2.500001e+000	-2.499999e+000	-2.569999e+000	-2.570001e+000	-2.753557e-015	2.753557e-015	-2.839480e-007	2.839480e-007	-5.166685e-015	5.169467e-015	-9.807134e-015	2.067230e-005	-2.067230e-005	2.067230e-005	2.959093e-005	-4.997928e-005	4.997928e-005	5.158876e-015	-5.148174e-015	5.026324e-005
1.269525200013991e-003	-7.000168e-002	-6.999819e-002	-5.000000e+000	-2.501035e+000	-2.498965e+000	-2.500002e+000	-2.499998e+000	-2.500000e+000	-2.500000e+000	-2.570000e+000	-2.570000e+000	4.472443e-015	-4.472443e-015	-2.497145e-007	2.497145e-007	-5.163153e-015	5.165962e-015	-1.405538e-015	2.065823e-005	-2.065823e-005	2.065823e-005	2.957078e-005	-4.997930e-005	4.997930e-005	5.161959e-015	-5.140466e-015	5.022902e-005
1.272096628585420e-003	-7.000394e-002	-6.999593e-002	-5.000000e+000	-2.501034e+000	-2.498966e+000	-2.500002e+000	-2.499998e+000	-2.499998e+000	-2.500002e+000	-2.570002e+000	-2.569998e+000	1.486420e-014	-1.486420e-014	-2.202910e-007	2.202910e-007	-5.160115e-015	5.162952e-015	1.133741e-014	2.064613e-005	-2.064613e-005	2.064613e-005	2.955347e-005	-4.997931e-005	4.997931e-005	5.166974e-015	-5.131771e-015	5.019960e-005
1.274668057156848e-003	-7.000732e-002	-6.999254e-002	-5.000000e+000	-2.501034e+000	-2.498966e+000	-2.500002e+000	-2.499998e+000	-2.499995e+000	-2.500005e+000	-2.570005e+000	-2.569994e+000	2.842171e-014	-2.842171e-014	-1.956776e-007	1.956776e-007	-5.157572e-015	5.160436e-015	2.842171e-014	2.063602e-005	-2.063602e-005	2.063602e-005	2.953898e-005	-4.997932e-005	4.997932e-005	5.173919e-015	-5.122089e-015	5.017500e-005
1.277810914299705e-003	-7.000394e-002	-6.999593e-002	-5.000000e+000	-2.501033e+000	-2.498967e+000	-2.500002e+000	-2.499998e+000	-2.499998e+000	-2.500002e+000	-2.570002e+000	-2.569998e+000	2.011492e-014	-2.011492e-014	-1.690931e-007	1.690931e-007	-5.154823e-015	5.157720e-015	1.015445e-014	2.062509e-005	-2.062509e-005	2.062509e-005	2.952334e-005	-4.997933e-005	4.997933e-005	5.156299e-015	-5.126701e-015	5.014843e-005
1.280953771442562e-003	-7.000168e-002	-6.999819e-002	-5.000000e+000	-2.501033e+000	-2.498967e+000	-2.500002e+000	-2.499998e+000	-2.500000e+000	-2.500000e+000	-2.570000e+000	-2.570000e+000	1.187023e-014	-1.187023e-014	-1.452536e-007	1.452536e-007	-5.152356e-015	5.155287e-015	-2.023715e-015	2.061529e-005	-2.061529e-005	2.061529e-005	2.950931e-005	-4.997934e-005	4.997934e-005	5.145925e-015	-5.130516e-015	5.012460e-005
1.284096628585419e-003	-7.000055e-002	-6.999932e-002	-5.000000e+000	-2.501032e+000	-2.498968e+000	-2.500002e+000	-2.499998e+000	-2.500001e+000	-2.499999e+000	-2.569999e+000	-2.570001e+000	3.687643e-015	-3.687643e-015	-1.241590e-007	1.241590e-007	-5.150172e-015	5.153136e-015	-8.112800e-015	2.060661e-005	-2.060661e-005	2.060661e-005	2.949690e-005	-4.997935e-005	4.997935e-005	5.142797e-015	-5.133536e-015	5.010351e-005
1.287239485728276e-003	-7.000055e-002	-6.999932e-002	-5.000000e+000	-2.501032e+000	-2.498968e+000	-2.500002e+000	-2.499998e+000	-2.500001e+000	-2.499999e+000	-2.569999e+000	-2.570001e+000	-4.432845e-015	4.432845e-015	-1.058094e-007	1.058094e-007	-5.148269e-015	5.151266e-015	-8.112800e-015	2.059907e-005	-2.059907e-005	2.059907e-005	2.948610e-005	-4.997936e-005	4.997936e-005	5.146915e-015	-5.135759e-015	5.008517e-005
1.290382342871133e-003	-7.000168e-002	-6.999819e-002	-5.000000e+000	-2.501032e+000	-2.498968e+000	-2.500002e+000	-2.499998e+000	-2.500000e+000	-2.500000e+000	-2.570000e+000	-2.570000e+000	-1.249123e-014	1.249123e-014	-9.020476e-008	9.020476e-008	-5.146649e-015	5.149679e-015	-2.023715e-015	2.059266e-005	-2.059266e-005	2.059266e-005	2.947692e-005	-4.997937e-005	4.997937e-005	5.158279e-015	-5.137185e-015	5.006957e-005
1.293525200013989e-003	-7.000394e-002	-6.999593e-002	-5.000000e+000	-2.501031e+000	-2.498969e+000	-2.500002e+000	-2.499998e+000	-2.499998e+000	-2.500002e+000	-2.570002e+000	-2.569998e+000	-2.048752e-014	2.048752e-014	-7.734510e-008	7.734510e-008	-5.145311e-015	5.148374e-015	1.015445e-014	2.058737e-005	-2.058737e-005	2.058737e-005	2.946935e-005	-4.997937e-005	4.997937e-005	5.176889e-015	-5.137816e-015	5.005672e-005
1.296668057156846e-003	-7.000732e-002	-6.999254e-002	-5.000000e+000	-2.501031e+000	-2.498969e+000	-2.500002e+000	-2.499998e+000	-2.499995e+000	-2.500005e+000	-2.570005e+000	-2.569994e+000	-2.842171e-014	2.842171e-014	-6.723040e-008	6.723040e-008	-5.144254e-015	5.147351e-015	2.842171e-014	2.058321e-005	-2.058321e-005	2.058321e-005	2.946340e-005	-4.997938e-005	4.997938e-005	5.202745e-015	-5.137650e-015	5.004660e-005
1.301382342871132e-003	-7.000576e-002	-6.999411e-002	-5.000000e+000	-2.501031e+000	-2.498969e+000	-2.500002e+000	-2.499998e+000	-2.499996e+000	-2.500004e+000	-2.570004e+000	-2.569996e+000	-2.267191e-014	2.267191e-014	-5.452003e-008	5.452003e-008	-5.142923e-015	5.146069e-015	1.940059e-014	2.057799e-005	-2.057799e-005	2.057799e-005	2.945592e-005	-4.997938e-005	4.997938e-005	5.172248e-015	-5.129297e-015	5.003390e-005
1.306096628585417e-003	-7.000419e-002	-6.999568e-002	-5.000000e+000	-2.501031e+000	-2.498969e+000	-2.500002e+000	-2.499998e+000	-2.499998e+000	-2.500002e+000	-2.570002e+000	-2.569998e+000	-1.613189e-014	1.613189e-014	-4.348973e-008	4.348974e-008	-5.141765e-015	5.144960e-015	1.067968e-014	2.057345e-005	-2.057345e-005	2.057345e-005	2.944942e-005	-4.997938e-005	4.997938e-005	5.150659e-015	-5.124163e-015	5.002288e-005
1.310810914299702e-003	-7.000262e-002	-6.999724e-002	-5.000000e+000	-2.501031e+000	-2.498969e+000	-2.500002e+000	-2.499998e+000	-2.499999e+000	-2.500001e+000	-2.570001e+000	-2.569999e+000	-8.801630e-015	8.801630e-015	-3.413952e-008	3.413953e-008	-5.140780e-015	5.144024e-015	2.258982e-015	2.056961e-005	-2.056961e-005	2.056961e-005	2.944392e-005	-4.997939e-005	4.997939e-005	5.137978e-015	-5.122249e-015	5.001353e-005
1.315525200013988e-003	-7.000106e-002	-6.999881e-002	-5.000000e+000	-2.501030e+000	-2.498970e+000	-2.500002e+000	-2.499998e+000	-2.500001e+000	-2.499999e+000	-2.569999e+000	-2.570001e+000	-6.811417e-016	6.811417e-016	-2.646939e-008	2.646940e-008	-5.139967e-015	5.143260e-015	-5.861506e-015	2.056645e-005	-2.056645e-005	2.056645e-005	2.943941e-005	-4.997939e-005	4.997939e-005	5.134205e-015	-5.123553e-015	5.000586e-005
1.320239485728273e-003	-6.999949e-002	-7.000038e-002	-5.000000e+000	-2.501030e+000	-2.498970e+000	-2.500002e+000	-2.499998e+000	-2.500002e+000	-2.499998e+000	-2.569998e+000	-2.570002e+000	8.229578e-015	-8.229578e-015	-2.047935e-008	2.047935e-008	-5.139326e-015	5.142669e-015	-1.368178e-014	2.056399e-005	-2.056399e-005	2.056399e-005	2.943588e-005	-4.997939e-005	4.997939e-005	5.139341e-015	-5.128077e-015	4.999988e-005
1.324953771442558e-003	-6.999792e-002	-7.000194e-002	-5.000000e+000	-2.501030e+000	-2.498970e+000	-2.500002e+000	-2.499998e+000	-2.500004e+000	-2.499996e+000	-2.569996e+000	-2.570004e+000	1.793053e-014	-1.793053e-014	-1.616938e-008	1.616938e-008	-5.138859e-015	5.142250e-015	-2.120185e-014	2.056222e-005	-2.056222e-005	2.056222e-005	2.943335e-005	-4.997940e-005	4.997940e-005	5.153384e-015	-5.135819e-015	4.999557e-005
1.329668057156844e-003	-6.999636e-002	-7.000351e-002	-5.000000e+000	-2.501030e+000	-2.498970e+000	-2.500002e+000	-2.499998e+000	-2.500005e+000	-2.499995e+000	-2.569994e+000	-2.570005e+000	2.842171e-014	-2.842171e-014	-1.353949e-008	1.353950e-008	-5.138564e-015	5.142005e-015	-2.842171e-014	2.056114e-005	-2.056114e-005	2.056114e-005	2.943180e-005	-4.997940e-005	4.997940e-005	5.176336e-015	-5.146781e-015	4.999294e-005
1.339239485728271e-003	-6.999792e-002	-7.000192e-002	-5.000000e+000	-2.501030e+000	-2.498970e+000	-2.500002e+000	-2.499998e+000	-2.500004e+000	-2.499996e+000	-2.569996e+000	-2.570004e+000	1.377306e-014	-1.377306e-014	-9.478523e-009	9.478526e-009	-5.138097e-015	5.141636e-015	-1.144238e-014	2.055947e-005	-2.055947e-005	2.055947e-005	2.942941e-005	-4.997940e-005	4.997940e-005	5.156092e-015	-5.138304e-015	4.998888e-005
1.348810914299699e-003	-6.999949e-002	-7.000035e-002	-5.000000e+000	-2.501030e+000	-2.498970e+000	-2.500002e+000	-2.499998e+000	-2.500002e+000	-2.499998e+000	-2.569998e+000	-2.570002e+000	2.653879e-015	-2.653879e-015	-6.151381e-009	6.151383e-009	-5.137706e-015	5.141344e-015	1.230596e-015	2.055810e-005	-2.055810e-005	2.055810e-005	2.942745e-005	-4.997940e-005	4.997940e-005	5.141377e-015	-5.131179e-015	4.998555e-005
1.358382342871127e-003	-7.000106e-002	-6.999879e-002	-5.000000e+000	-2.501030e+000	-2.498970e+000	-2.500002e+000	-2.499998e+000	-2.500001e+000	-2.499999e+000	-2.569999e+000	-2.570001e+000	-4.935833e-015	4.935833e-015	-3.558068e-009	3.558070e-009	-5.137391e-015	5.141126e-015	9.597203e-015	2.055703e-005	-2.055703e-005	2.055703e-005	2.942593e-005	-4.997940e-005	4.997940e-005	5.132192e-015	-5.125406e-015	4.998296e-005
1.367953771442555e-003	-7.000262e-002	-6.999726e-002	-5.000000e+000	-2.501030e+000	-2.498970e+000	-2.500002e+000	-2.499998e+000	-2.499999e+000	-2.500001e+000	-2.570001e+000	-2.569999e+000	-8.996077e-015	8.996077e-015	-1.698583e-009	1.698585e-009	-5.137151e-015	5.140984e-015	1.365745e-014	2.055627e-005	-2.055627e-005	2.055627e-005	2.942483e-005	-4.997940e-005	4.997940e-005	5.128537e-015	-5.120985e-015	4.998110e-005
1.377525200013982e-003	-7.000419e-002	-6.999575e-002	-5.000000e+000	-2.501030e+000	-2.498970e+000	-2.500002e+000	-2.499998e+000	-2.499998e+000	-2.500002e+000	-2.570002e+000	-2.569998e+000	-9.526853e-015	9.526853e-015	-5.729270e-010	5.729290e-010	-5.136986e-015	5.140916e-015	1.341133e-014	2.055581e-005	-2.055581e-005	2.055581e-005	2.942417e-005	-4.997941e-005	4.997941e-005	5.130411e-015	-5.117916e-015	4.997998e-005
1.387096628585410e-003	-7.000576e-002	-6.999425e-002	-5.000000e+000	-2.501030e+000	-2.498970e+000	-2.500002e+000	-2.499998e+000	-2.499996e+000	-2.500004e+000	-2.570004e+000	-2.569996e+000	-6.528161e-015	6.528161e-015	-1.810997e-010	1.811018e-010	-5.136898e-015	5.140925e-015	8.858846e-015	2.055565e-005	-2.055565e-005	2.055565e-005	2.942394e-005	-4.997940e-005	4.997940e-005	5.137815e-015	-5.116200e-015	4.997959e-005
1.396668057156838e-003	-7.000732e-002	-6.999278e-002	-5.000000e+000	-2.501030e+000	-2.498970e+000	-2.500002e+000	-2.499998e+000	-2.499995e+000	-2.500005e+000	-2.570005e+000	-2.569995e+000	0.000000e+000	0.000000e+000	-5.231011e-010	5.231033e-010	-5.136885e-015	5.141008e-015	0.000000e+000	2.055579e-005	-2.055579e-005	2.055579e-005	2.942414e-005	-4.997940e-005	4.997940e-005	5.150748e-015	-5.115835e-015	4.997993e-005
2.010668057156799e-003	-7.000685e-002	-6.999302e-002	-5.000000e+000	-2.501030e+000	-2.498970e+000	-2.500002e+000	-2.499998e+000	-2.499995e+000	-2.500005e+000	-2.570005e+000	-2.569995e+000	-2.842171e-014	2.842171e-014	6.661338e-016	1.332268e-015	-5.134111e-015	5.143675e-015	2.842171e-014	2.055557e-005	-2.055557e-005	2.055557e-005	2.942383e-005	-4.997940e-005	4.997940e-005	5.165342e-015	-5.131647e-015	4.997940e-005
3.034668057156935e-003	-7.000637e-002	-6.999373e-002	-5.000000e+000	-2.501030e+000	-2.498970e+000	-2.500002e+000	-2.499998e+000	-2.499995e+000	-2.500005e+000	-2.570004e+000	-2.569996e+000	0.000000e+000	0.000000e+000	8.881784e-016	1.110223e-015	-5.130869e-015	5.146916e-015	0.000000e+000	2.055557e-005	-2.055557e-005	2.055557e-005	2.942383e-005	-4.997940e-005	4.997940e-005	5.152949e-015	-5.102399e-015	4.997940e-005
4.058668057157070e-003	-7.000589e-002	-6.999421e-002	-5.000000e+000	-2.501030e+000	-2.498970e+000	-2.500002e+000	-2.499998e+000	-2.499996e+000	-2.500004e+000	-2.570004e+000	-2.569996e+000	0.000000e+000	0.000000e+000	8.881784e-016	1.332268e-015	-5.128756e-015	5.149029e-015	0.000000e+000	2.055557e-005	-2.055557e-005	2.055557e-005	2.942383e-005	-4.997940e-005	4.997940e-005	5.141051e-015	-5.142053e-015	4.997940e-005
4.999668057157195e-003	-6.999850e-002	-7.000160e-002	-5.000000e+000	-2.501030e+000	-2.498970e+000	-2.500002e+000	-2.499998e+000	-2.500004e+000	-2.499996e+000	-2.569997e+000	-2.570004e+000	-8.572581e-011	8.572581e-011	-1.709094e-013	1.721296e-013	-5.126371e-015	5.149228e-015	8.572581e-011	2.055549e-005	-2.055557e-005	2.055557e-005	2.942383e-005	-4.997940e-005	4.997940e-005	5.126062e-015	-5.154499e-015	4.997940e-005
5.000000000000000e-003	-7.000542e-002	-6.999469e-002	-5.000000e+000	-2.501030e+000	-2.498970e+000	-2.500002e+000	-2.499998e+000	-2.499996e+000	-2.500004e+000	-2.570004e+000	-2.569997e+000	-1.283240e-010	1.283240e-010	-2.562395e-013	2.571277e-013	-5.125828e-015	5.148686e-015	1.283240e-010	2.055544e-005	-2.055557e-005	2.055557e-005	2.942383e-005	-4.997940e-005	4.997940e-005	5.123084e-015	-5.153658e-015	4.997940e-005
