time	V(N008,N005)	V(N009,N004)	V(n001)	V(n002)	V(n003)	V(n004)	V(n005)	V(n006)	V(n007)	V(n008)	V(n009)	I(C1)	I(C2)	I(C3)	I(C4)	I(R0)	I(R1)	I(R2)	I(R3)	I(R4)	I(R5)	I(R6)	I(R7)	I(R8)	I(V1)	I(V2)	I(V3)
0.000000000000000e+000	-7.000000e-002	-7.000000e-002	0.000000e+000	-3.500000e-013	-3.500000e-013	-3.503500e-013	-3.503500e-013	-3.503500e-013	-3.503500e-013	-7.000000e-002	-7.000000e-002	7.000000e-018	7.000000e-018	3.500000e-029	3.500000e-029	7.000000e-018	-3.765419e-029	-3.765419e-029	0.000000e+000	0.000000e+000	0.000000e+000	7.000000e-018	7.000000e-018	7.000000e-018	-3.503500e-029	-3.503500e-029	-7.000000e-018
1.000000000000000e-003	-7.000000e-002	-7.000000e-002	0.000000e+000	-3.508270e-013	-3.508183e-013	-4.158950e-013	-4.160561e-013	-4.158826e-013	-4.161407e-013	-7.000000e-002	-7.000000e-002	0.000000e+000	0.000000e+000	1.294499e-015	1.297864e-015	1.301362e-015	-3.108112e-026	2.116005e-025	-1.249001e-015	-8.051995e-016	1.240987e-019	1.304756e-015	7.016539e-018	7.016365e-018	-4.551914e-015	0.000000e+000	-1.301515e-015
1.000001000000000e-003	-7.000017e-002	-6.999969e-002	-5.000000e+000	-5.000000e+000	-6.129623e-007	-2.502498e+000	-2.497502e+000	-2.502497e+000	-2.497503e+000	-2.567502e+000	-2.572497e+000	-2.497439e-002	2.497439e-002	-1.213786e-001	1.213786e-001	-4.995004e-002	-3.153042e-016	3.153042e-016	2.497439e-002	2.497565e-002	7.142855e-002	4.995004e-002	-1.225923e-011	1.225925e-011	-5.707150e-010	0.000000e+000	1.213786e-001
1.001859904218233e-003	-7.043514e-002	-6.956481e-002	-5.000000e+000	-4.997744e+000	-2.255779e-003	-2.502712e+000	-2.497288e+000	-2.502277e+000	-2.497723e+000	-2.567723e+000	-2.572277e+000	-2.277755e-002	2.277755e-002	-1.212647e-001	1.212647e-001	-4.990064e-002	-1.086386e-012	1.086386e-012	2.277755e-002	2.712309e-002	7.136412e-002	4.990064e-002	-4.511557e-008	4.511557e-008	-3.008222e-010	-1.050551e-012	1.212648e-001
1.003718808436466e-003	-7.083843e-002	-6.916160e-002	-5.000000e+000	-4.995491e+000	-4.508866e-003	-2.502911e+000	-2.497089e+000	-2.502073e+000	-2.497927e+000	-2.567927e+000	-2.572073e+000	-2.073860e-002	2.073860e-002	-1.211513e-001	1.211513e-001	-4.985160e-002	-2.093597e-012	2.093597e-012	2.073860e-002	2.911299e-002	7.129975e-002	4.985160e-002	-9.017731e-008	9.017731e-008	-9.342936e-011	-2.035135e-012	1.211513e-001
1.005577712654698e-003	-7.121003e-002	-6.879005e-002	-5.000000e+000	-4.993240e+000	-6.759875e-003	-2.503095e+000	-2.496905e+000	-2.501884e+000	-2.498116e+000	-2.568115e+000	-2.571885e+000	-1.885756e-002	1.885756e-002	-1.210382e-001	1.210382e-001	-4.980291e-002	-3.021951e-012	3.021951e-012	1.885756e-002	3.094536e-002	7.123543e-002	4.980291e-002	-1.351975e-007	1.351975e-007	5.146343e-011	-2.953753e-012	1.210383e-001
1.007436616872931e-003	-7.154995e-002	-6.845017e-002	-5.000000e+000	-4.990991e+000	-9.008806e-003	-2.503262e+000	-2.496738e+000	-2.501712e+000	-2.498288e+000	-2.568288e+000	-2.571712e+000	-1.713440e-002	1.713440e-002	-1.209256e-001	1.209256e-001	-4.975458e-002	-3.871446e-012	3.871446e-012	1.713440e-002	3.262018e-002	7.117118e-002	4.975458e-002	-1.801761e-007	1.801761e-007	1.338562e-010	-3.806404e-012	1.209258e-001
1.009295521091164e-003	-7.185818e-002	-6.814195e-002	-5.000000e+000	-4.988744e+000	-1.125566e-002	-2.503414e+000	-2.496586e+000	-2.501556e+000	-2.498444e+000	-2.568444e+000	-2.571556e+000	-1.556914e-002	1.556914e-002	-1.208134e-001	1.208134e-001	-4.970661e-002	-4.642082e-012	4.642082e-012	1.556914e-002	3.413747e-002	7.110698e-002	4.970661e-002	-2.251132e-007	2.251132e-007	1.537489e-010	-4.593089e-012	1.208136e-001
1.011154425309397e-003	-7.213473e-002	-6.786540e-002	-5.000000e+000	-4.986499e+000	-1.350043e-002	-2.503550e+000	-2.496450e+000	-2.501415e+000	-2.498585e+000	-2.568585e+000	-2.571415e+000	-1.416178e-002	1.416178e-002	-1.207016e-001	1.207016e-001	-4.965900e-002	-5.333860e-012	5.333860e-012	1.416178e-002	3.549722e-002	7.104285e-002	4.965900e-002	-2.700087e-007	2.700087e-007	1.111416e-010	-5.313807e-012	1.207018e-001
1.013013329527630e-003	-7.237959e-002	-6.762052e-002	-5.000000e+000	-4.984257e+000	-1.574313e-002	-2.503670e+000	-2.496330e+000	-2.501290e+000	-2.498710e+000	-2.568710e+000	-2.571290e+000	-1.291231e-002	1.291231e-002	-1.205902e-001	1.205902e-001	-4.961174e-002	-5.946780e-012	5.946780e-012	1.291231e-002	3.669943e-002	7.097877e-002	4.961174e-002	-3.148626e-007	3.148626e-007	6.034284e-012	-5.968559e-012	1.205905e-001
1.015013329527630e-003	-7.262492e-002	-6.737494e-002	-5.000000e+000	-4.981846e+000	-1.815374e-002	-2.503790e+000	-2.496210e+000	-2.501165e+000	-2.498835e+000	-2.568835e+000	-2.571165e+000	-1.165921e-002	1.165921e-002	-1.204707e-001	1.204707e-001	-4.956112e-002	-6.560676e-012	6.560676e-012	1.165921e-002	3.790191e-002	7.090990e-002	4.956112e-002	-3.630747e-007	3.630747e-007	6.541878e-012	-6.565415e-012	1.204710e-001
1.017013329527630e-003	-7.284641e-002	-6.715345e-002	-5.000000e+000	-4.979438e+000	-2.056196e-002	-2.503898e+000	-2.496102e+000	-2.501052e+000	-2.498948e+000	-2.568948e+000	-2.571052e+000	-1.052552e-002	1.052552e-002	-1.203515e-001	1.203515e-001	-4.951079e-002	-7.114939e-012	7.114939e-012	1.052552e-002	3.898527e-002	7.084109e-002	4.951079e-002	-4.112391e-007	4.112391e-007	7.043255e-012	-7.077006e-012	1.203519e-001
1.019013329527629e-003	-7.304645e-002	-6.695342e-002	-5.000000e+000	-4.977032e+000	-2.296780e-002	-2.503996e+000	-2.496004e+000	-2.500949e+000	-2.499051e+000	-2.569051e+000	-2.570949e+000	-9.499856e-003	9.499856e-003	-1.202326e-001	1.202326e-001	-4.946072e-002	-7.615252e-012	7.615252e-012	9.499856e-003	3.996086e-002	7.077235e-002	4.946072e-002	-4.593559e-007	4.593559e-007	7.574830e-012	-7.503331e-012	1.202331e-001
1.021013329527629e-003	-7.322717e-002	-6.677270e-002	-5.000000e+000	-4.974628e+000	-2.537126e-002	-2.504084e+000	-2.495916e+000	-2.500857e+000	-2.499143e+000	-2.569143e+000	-2.570857e+000	-8.571934e-003	8.571934e-003	-1.201141e-001	1.201141e-001	-4.941089e-002	-8.066757e-012	8.066757e-012	8.571934e-003	4.083896e-002	7.070368e-002	4.941089e-002	-5.074253e-007	5.074253e-007	8.051337e-012	-8.014922e-012	1.201146e-001
1.023013329527629e-003	-7.339001e-002	-6.660986e-002	-5.000000e+000	-4.972228e+000	-2.777236e-002	-2.504163e+000	-2.495837e+000	-2.500773e+000	-2.499227e+000	-2.569227e+000	-2.570773e+000	-7.732440e-003	7.732440e-003	-1.199958e-001	1.199958e-001	-4.936130e-002	-8.474103e-012	8.474103e-012	7.732440e-003	4.162886e-002	7.063507e-002	4.936130e-002	-5.554472e-007	5.554472e-007	8.478551e-012	-8.412826e-012	1.199964e-001
1.025013329527629e-003	-7.353711e-002	-6.646299e-002	-5.000000e+000	-4.969829e+000	-3.017110e-002	-2.504234e+000	-2.495766e+000	-2.500697e+000	-2.499303e+000	-2.569303e+000	-2.570697e+000	-6.972949e-003	6.972949e-003	-1.198778e-001	1.198778e-001	-4.931190e-002	-8.841500e-012	8.841500e-012	6.972949e-003	4.233895e-002	7.056653e-002	4.931190e-002	-6.034219e-007	6.034219e-007	8.833823e-012	-8.810730e-012	1.198784e-001
1.027013329527629e-003	-7.366967e-002	-6.633043e-002	-5.000000e+000	-4.967432e+000	-3.256748e-002	-2.504298e+000	-2.495702e+000	-2.500628e+000	-2.499372e+000	-2.569372e+000	-2.570628e+000	-6.285837e-003	6.285837e-003	-1.197601e-001	1.197601e-001	-4.926270e-002	-9.172755e-012	9.172755e-012	6.285837e-003	4.297686e-002	7.049807e-002	4.926270e-002	-6.513495e-007	6.513495e-007	9.201084e-012	-9.038104e-012	1.197608e-001
1.029013329527629e-003	-7.378888e-002	-6.621099e-002	-5.000000e+000	-4.965038e+000	-3.496151e-002	-2.504355e+000	-2.495645e+000	-2.500566e+000	-2.499434e+000	-2.569434e+000	-2.570566e+000	-5.664211e-003	5.664211e-003	-1.196426e-001	1.196426e-001	-4.921367e-002	-9.471312e-012	9.471312e-012	5.664211e-003	4.354946e-002	7.042967e-002	4.921367e-002	-6.992301e-007	6.992301e-007	9.537704e-012	-9.322321e-012	1.196433e-001
1.031013329527628e-003	-7.389665e-002	-6.610346e-002	-5.000000e+000	-4.962646e+000	-3.735318e-002	-2.504406e+000	-2.495594e+000	-2.500510e+000	-2.499490e+000	-2.569490e+000	-2.570510e+000	-5.101831e-003	5.101831e-003	-1.195254e-001	1.195254e-001	-4.916481e-002	-9.740288e-012	9.740288e-012	5.101831e-003	4.406298e-002	7.036134e-002	4.916481e-002	-7.470637e-007	7.470637e-007	9.778844e-012	-9.663381e-012	1.195261e-001
1.033013329527628e-003	-7.399321e-002	-6.600666e-002	-5.000000e+000	-4.960258e+000	-3.974252e-002	-2.504452e+000	-2.495548e+000	-2.500459e+000	-2.499541e+000	-2.569541e+000	-2.570459e+000	-4.593052e-003	4.593052e-003	-1.194084e-001	1.194084e-001	-4.911610e-002	-9.982500e-012	9.982500e-012	4.593052e-003	4.452305e-002	7.029307e-002	4.911610e-002	-7.948505e-007	7.948505e-007	1.000355e-011	-9.947598e-012	1.194092e-001
1.035013329527628e-003	-7.408047e-002	-6.591964e-002	-5.000000e+000	-4.957870e+000	-4.212952e-002	-2.504493e+000	-2.495507e+000	-2.500413e+000	-2.499587e+000	-2.569587e+000	-2.570413e+000	-4.132767e-003	4.132767e-003	-1.192916e-001	1.192916e-001	-4.906754e-002	-1.020050e-011	1.020050e-011	4.132767e-003	4.493477e-002	7.022487e-002	4.906754e-002	-8.425905e-007	8.425905e-007	1.017675e-011	-1.011813e-011	1.192924e-001
1.037013329527628e-003	-7.415891e-002	-6.584120e-002	-5.000000e+000	-4.955486e+000	-4.451419e-002	-2.504530e+000	-2.495470e+000	-2.500371e+000	-2.499629e+000	-2.569629e+000	-2.570371e+000	-3.716357e-003	3.716357e-003	-1.191750e-001	1.191750e-001	-4.901911e-002	-1.039660e-011	1.039660e-011	3.716357e-003	4.530275e-002	7.015674e-002	4.901911e-002	-8.902837e-007	8.902837e-007	1.040945e-011	-1.034550e-011	1.191759e-001
1.039013329527628e-003	-7.422924e-002	-6.577063e-002	-5.000000e+000	-4.953104e+000	-4.689652e-002	-2.504563e+000	-2.495437e+000	-2.500334e+000	-2.499666e+000	-2.569666e+000	-2.570334e+000	-3.339641e-003	3.339641e-003	-1.190585e-001	1.190585e-001	-4.897081e-002	-1.057288e-011	1.057288e-011	3.339641e-003	4.563117e-002	7.008867e-002	4.897081e-002	-9.379305e-007	9.379305e-007	1.062173e-011	-1.054445e-011	1.190595e-001
1.041013329527628e-003	-7.429266e-002	-6.570721e-002	-5.000000e+000	-4.950724e+000	-4.927653e-002	-2.504592e+000	-2.495408e+000	-2.500300e+000	-2.499700e+000	-2.569700e+000	-2.570300e+000	-2.998838e-003	2.998838e-003	-1.189423e-001	1.189423e-001	-4.892262e-002	-1.073124e-011	1.073124e-011	2.998838e-003	4.592378e-002	7.002068e-002	4.892262e-002	-9.855306e-007	9.855306e-007	1.072431e-011	-1.074341e-011	1.189433e-001
1.043013329527627e-003	-7.434964e-002	-6.565046e-002	-5.000000e+000	-4.948346e+000	-5.165422e-002	-2.504618e+000	-2.495382e+000	-2.500269e+000	-2.499731e+000	-2.569731e+000	-2.570269e+000	-2.690526e-003	2.690526e-003	-1.188262e-001	1.188262e-001	-4.887455e-002	-1.087337e-011	1.087337e-011	2.690526e-003	4.618402e-002	6.995274e-002	4.887455e-002	-1.033084e-006	1.033084e-006	1.085798e-011	-1.082867e-011	1.188273e-001
1.045013329527627e-003	-7.440042e-002	-6.559944e-002	-5.000000e+000	-4.945971e+000	-5.402958e-002	-2.504642e+000	-2.495358e+000	-2.500241e+000	-2.499759e+000	-2.569759e+000	-2.570241e+000	-2.411609e-003	2.411609e-003	-1.187104e-001	1.187104e-001	-4.882658e-002	-1.100084e-011	1.100084e-011	2.411609e-003	4.641497e-002	6.988487e-002	4.882658e-002	-1.080592e-006	1.080592e-006	1.092371e-011	-1.097078e-011	1.187114e-001
1.047013329527627e-003	-7.444620e-002	-6.555367e-002	-5.000000e+000	-4.943597e+000	-5.640263e-002	-2.504662e+000	-2.495338e+000	-2.500216e+000	-2.499784e+000	-2.569784e+000	-2.570216e+000	-2.159287e-003	2.159287e-003	-1.185946e-001	1.185946e-001	-4.877871e-002	-1.111503e-011	1.111503e-011	2.159287e-003	4.661942e-002	6.981707e-002	4.877871e-002	-1.128053e-006	1.128053e-006	1.103873e-011	-1.108447e-011	1.185958e-001
1.049013329527627e-003	-7.448697e-002	-6.551313e-002	-5.000000e+000	-4.941226e+000	-5.877337e-002	-2.504680e+000	-2.495320e+000	-2.500193e+000	-2.499807e+000	-2.569807e+000	-2.570193e+000	-1.931027e-003	1.931027e-003	-1.184791e-001	1.184791e-001	-4.873093e-002	-1.121722e-011	1.121722e-011	1.931027e-003	4.679991e-002	6.974933e-002	4.873093e-002	-1.175467e-006	1.175467e-006	1.117417e-011	-1.114131e-011	1.184803e-001
1.051013329527627e-003	-7.452345e-002	-6.547642e-002	-5.000000e+000	-4.938858e+000	-6.114180e-002	-2.504696e+000	-2.495304e+000	-2.500172e+000	-2.499828e+000	-2.569828e+000	-2.570172e+000	-1.724535e-003	1.724535e-003	-1.183637e-001	1.183637e-001	-4.868324e-002	-1.130854e-011	1.130854e-011	1.724535e-003	4.695871e-002	6.968166e-002	4.868324e-002	-1.222836e-006	1.222836e-006	1.135314e-011	-1.116973e-011	1.183649e-001
1.053013329527627e-003	-7.455611e-002	-6.544399e-002	-5.000000e+000	-4.936492e+000	-6.350791e-002	-2.504710e+000	-2.495290e+000	-2.500154e+000	-2.499846e+000	-2.569846e+000	-2.570154e+000	-1.537738e-003	1.537738e-003	-1.182484e-001	1.182484e-001	-4.863565e-002	-1.139004e-011	1.139004e-011	1.537738e-003	4.709791e-002	6.961406e-002	4.863565e-002	-1.270158e-006	1.270158e-006	1.137490e-011	-1.139711e-011	1.182497e-001
1.055013329527626e-003	-7.458544e-002	-6.541467e-002	-5.000000e+000	-4.934128e+000	-6.587173e-002	-2.504722e+000	-2.495278e+000	-2.500137e+000	-2.499863e+000	-2.569863e+000	-2.570137e+000	-1.368759e-003	1.368759e-003	-1.181333e-001	1.181333e-001	-4.858813e-002	-1.146265e-011	1.146265e-011	1.368759e-003	4.721937e-002	6.954652e-002	4.858813e-002	-1.317435e-006	1.317435e-006	1.147926e-011	-1.145395e-011	1.181346e-001
1.057013329527626e-003	-7.461119e-002	-6.538892e-002	-5.000000e+000	-4.931767e+000	-6.823325e-002	-2.504733e+000	-2.495267e+000	-2.500122e+000	-2.499878e+000	-2.569879e+000	-2.570122e+000	-1.215901e-003	1.215901e-003	-1.180184e-001	1.180184e-001	-4.854069e-002	-1.152722e-011	1.152722e-011	1.215901e-003	4.732478e-002	6.947905e-002	4.854069e-002	-1.364665e-006	1.364665e-006	1.154810e-011	-1.153921e-011	1.180197e-001
1.059013329527626e-003	-7.463408e-002	-6.536603e-002	-5.000000e+000	-4.929408e+000	-7.059247e-002	-2.504742e+000	-2.495258e+000	-2.500108e+000	-2.499892e+000	-2.569892e+000	-2.570108e+000	-1.077628e-003	1.077628e-003	-1.179036e-001	1.179036e-001	-4.849332e-002	-1.158452e-011	1.158452e-011	1.077628e-003	4.741569e-002	6.941164e-002	4.849332e-002	-1.411849e-006	1.411849e-006	1.149703e-011	-1.148237e-011	1.179050e-001
1.061013329527626e-003	-7.465410e-002	-6.534576e-002	-5.000000e+000	-4.927051e+000	-7.294939e-002	-2.504749e+000	-2.495251e+000	-2.500095e+000	-2.499905e+000	-2.569905e+000	-2.570095e+000	-9.525508e-004	9.525508e-004	-1.177889e-001	1.177889e-001	-4.844603e-002	-1.163523e-011	1.163523e-011	9.525508e-004	4.749347e-002	6.934430e-002	4.844603e-002	-1.458988e-006	1.458988e-006	1.162093e-011	-1.151079e-011	1.177903e-001
1.063013329527626e-003	-7.467198e-002	-6.532788e-002	-5.000000e+000	-4.924696e+000	-7.530402e-002	-2.504756e+000	-2.495244e+000	-2.500084e+000	-2.499916e+000	-2.569916e+000	-2.570084e+000	-8.394114e-004	8.394114e-004	-1.176743e-001	1.176743e-001	-4.839880e-002	-1.167999e-011	1.167999e-011	8.394114e-004	4.755939e-002	6.927703e-002	4.839880e-002	-1.506080e-006	1.506080e-006	1.159828e-011	-1.159606e-011	1.176758e-001
1.065013329527626e-003	-7.468772e-002	-6.531215e-002	-5.000000e+000	-4.922344e+000	-7.765637e-002	-2.504761e+000	-2.495239e+000	-2.500074e+000	-2.499926e+000	-2.569926e+000	-2.570074e+000	-7.370727e-004	7.370727e-004	-1.175599e-001	1.175599e-001	-4.835164e-002	-1.171937e-011	1.171937e-011	7.370727e-004	4.761457e-002	6.920981e-002	4.835164e-002	-1.553127e-006	1.553127e-006	1.164624e-011	-1.173817e-011	1.175615e-001
1.067013329527625e-003	-7.470155e-002	-6.529832e-002	-5.000000e+000	-4.919993e+000	-8.000642e-002	-2.504766e+000	-2.495234e+000	-2.500064e+000	-2.499936e+000	-2.569936e+000	-2.570064e+000	-6.445058e-004	6.445058e-004	-1.174456e-001	1.174456e-001	-4.830455e-002	-1.175389e-011	1.175389e-011	6.445058e-004	4.766005e-002	6.914267e-002	4.830455e-002	-1.600128e-006	1.600128e-006	1.167022e-011	-1.162448e-011	1.174472e-001
1.069013329527625e-003	-7.471371e-002	-6.528616e-002	-5.000000e+000	-4.917645e+000	-8.235420e-002	-2.504770e+000	-2.495230e+000	-2.500056e+000	-2.499944e+000	-2.569944e+000	-2.570056e+000	-5.607797e-004	5.607797e-004	-1.173315e-001	1.173315e-001	-4.825752e-002	-1.178399e-011	1.178399e-011	5.607797e-004	4.769674e-002	6.907559e-002	4.825752e-002	-1.647084e-006	1.647084e-006	1.174350e-011	-1.170974e-011	1.173331e-001
1.071013329527625e-003	-7.472420e-002	-6.527591e-002	-5.000000e+000	-4.915300e+000	-8.469968e-002	-2.504773e+000	-2.495227e+000	-2.500048e+000	-2.499952e+000	-2.569952e+000	-2.570049e+000	-4.850519e-004	4.850519e-004	-1.172174e-001	1.172174e-001	-4.821055e-002	-1.181011e-011	1.181011e-011	4.850519e-004	4.772551e-002	6.900857e-002	4.821055e-002	-1.693994e-006	1.693994e-006	1.180389e-011	-1.188027e-011	1.172191e-001
1.073013329527625e-003	-7.473326e-002	-6.526685e-002	-5.000000e+000	-4.912957e+000	-8.704289e-002	-2.504775e+000	-2.495225e+000	-2.500042e+000	-2.499958e+000	-2.569958e+000	-2.570042e+000	-4.165607e-004	4.165607e-004	-1.171035e-001	1.171035e-001	-4.816365e-002	-1.183263e-011	1.183263e-011	4.165607e-004	4.774709e-002	6.894163e-002	4.816365e-002	-1.740858e-006	1.740858e-006	1.173017e-011	-1.185185e-011	1.171053e-001
1.075013329527625e-003	-7.474089e-002	-6.525922e-002	-5.000000e+000	-4.910616e+000	-8.938383e-002	-2.504776e+000	-2.495224e+000	-2.500036e+000	-2.499964e+000	-2.569965e+000	-2.570035e+000	-3.546163e-004	3.546163e-004	-1.169898e-001	1.169898e-001	-4.811680e-002	-1.185189e-011	1.185189e-011	3.546163e-004	4.776219e-002	6.887475e-002	4.811680e-002	-1.787677e-006	1.787677e-006	1.184297e-011	-1.176659e-011	1.169915e-001
1.077013329527625e-003	-7.474732e-002	-6.525254e-002	-5.000000e+000	-4.908278e+000	-9.172248e-002	-2.504777e+000	-2.495223e+000	-2.500030e+000	-2.499970e+000	-2.569970e+000	-2.570030e+000	-2.985951e-004	2.985951e-004	-1.168761e-001	1.168761e-001	-4.807001e-002	-1.186820e-011	1.186820e-011	2.985951e-004	4.777141e-002	6.880793e-002	4.807001e-002	-1.834450e-006	1.834450e-006	1.179323e-011	-1.179501e-011	1.168779e-001
1.079013329527624e-003	-7.475281e-002	-6.524706e-002	-5.000000e+000	-4.905941e+000	-9.405887e-002	-2.504778e+000	-2.495222e+000	-2.500025e+000	-2.499975e+000	-2.569975e+000	-2.570025e+000	-2.479327e-004	2.479327e-004	-1.167626e-001	1.167626e-001	-4.802327e-002	-1.188185e-011	1.188185e-011	2.479327e-004	4.777534e-002	6.874117e-002	4.802327e-002	-1.881177e-006	1.881177e-006	1.189715e-011	-1.179501e-011	1.167644e-001
1.080013329527624e-003	-7.475519e-002	-6.524467e-002	-5.000000e+000	-4.904774e+000	-9.522621e-002	-2.504778e+000	-2.495222e+000	-2.500022e+000	-2.499978e+000	-2.569978e+000	-2.570022e+000	-2.244496e-004	2.244496e-004	-1.167058e-001	1.167058e-001	-4.799993e-002	-1.188776e-011	1.188776e-011	2.244496e-004	4.777548e-002	6.870782e-002	4.799993e-002	-1.904524e-006	1.904524e-006	1.191403e-011	-1.176659e-011	1.167077e-001
1.081013329527624e-003	-7.475734e-002	-6.524277e-002	-5.000000e+000	-4.903607e+000	-9.639299e-002	-2.504777e+000	-2.495223e+000	-2.500020e+000	-2.499980e+000	-2.569980e+000	-2.570020e+000	-2.021187e-004	2.021187e-004	-1.166492e-001	1.166492e-001	-4.797659e-002	-1.189309e-011	1.189309e-011	2.021187e-004	4.777447e-002	6.867449e-002	4.797659e-002	-1.927860e-006	1.927860e-006	1.190559e-011	-1.176659e-011	1.166511e-001
1.082013329527624e-003	-7.475924e-002	-6.524086e-002	-5.000000e+000	-4.902441e+000	-9.755920e-002	-2.504777e+000	-2.495223e+000	-2.500018e+000	-2.499982e+000	-2.569982e+000	-2.570018e+000	-1.808836e-004	1.808836e-004	-1.165925e-001	1.165925e-001	-4.795327e-002	-1.189788e-011	1.189788e-011	1.808836e-004	4.777239e-002	6.864117e-002	4.795327e-002	-1.951184e-006	1.951184e-006	1.186340e-011	-1.179501e-011	1.165944e-001
1.083013329527624e-003	-7.476091e-002	-6.523919e-002	-5.000000e+000	-4.901275e+000	-9.872483e-002	-2.504777e+000	-2.495223e+000	-2.500016e+000	-2.499984e+000	-2.569984e+000	-2.570016e+000	-1.606909e-004	1.606909e-004	-1.165358e-001	1.165358e-001	-4.792996e-002	-1.190215e-011	1.190215e-011	1.606909e-004	4.776927e-002	6.860787e-002	4.792996e-002	-1.974497e-006	1.974497e-006	1.182254e-011	-1.188027e-011	1.165378e-001
1.084013329527624e-003	-7.476234e-002	-6.523776e-002	-5.000000e+000	-4.900110e+000	-9.988991e-002	-2.504776e+000	-2.495224e+000	-2.500014e+000	-2.499986e+000	-2.569986e+000	-2.570014e+000	-1.414898e-004	1.414898e-004	-1.164792e-001	1.164792e-001	-4.790667e-002	-1.190592e-011	1.190592e-011	1.414898e-004	4.776518e-002	6.857458e-002	4.790667e-002	-1.997798e-006	1.997798e-006	1.184253e-011	-1.196554e-011	1.164812e-001
1.085013329527624e-003	-7.476377e-002	-6.523633e-002	-5.000000e+000	-4.898945e+000	-1.010544e-001	-2.504776e+000	-2.495224e+000	-2.500012e+000	-2.499988e+000	-2.569988e+000	-2.570012e+000	-1.232316e-004	1.232316e-004	-1.164227e-001	1.164227e-001	-4.788339e-002	-1.190923e-011	1.190923e-011	1.232317e-004	4.776016e-002	6.854130e-002	4.788339e-002	-2.021088e-006	2.021088e-006	1.189360e-011	-1.199396e-011	1.164247e-001
1.086013329527624e-003	-7.476497e-002	-6.523514e-002	-5.000000e+000	-4.897781e+000	-1.022184e-001	-2.504776e+000	-2.495224e+000	-2.500010e+000	-2.499990e+000	-2.569989e+000	-2.570011e+000	-1.058706e-004	1.058706e-004	-1.163661e-001	1.163661e-001	-4.786012e-002	-1.191210e-011	1.191210e-011	1.058706e-004	4.775425e-002	6.850804e-002	4.786012e-002	-2.044367e-006	2.044367e-006	1.191580e-011	-1.196554e-011	1.163682e-001
1.087013329527624e-003	-7.476592e-002	-6.523418e-002	-5.000000e+000	-4.896618e+000	-1.033817e-001	-2.504775e+000	-2.495225e+000	-2.500009e+000	-2.499991e+000	-2.569991e+000	-2.570009e+000	-8.936269e-005	8.936269e-005	-1.163096e-001	1.163096e-001	-4.783687e-002	-1.191454e-011	1.191454e-011	8.936270e-005	4.774751e-002	6.847481e-002	4.783687e-002	-2.067635e-006	2.067635e-006	1.192291e-011	-1.193712e-011	1.163117e-001
1.088013329527624e-003	-7.476664e-002	-6.523323e-002	-5.000000e+000	-4.895455e+000	-1.045446e-001	-2.504774e+000	-2.495226e+000	-2.500007e+000	-2.499993e+000	-2.569993e+000	-2.570007e+000	-7.366637e-005	7.366637e-005	-1.162531e-001	1.162531e-001	-4.781363e-002	-1.191657e-011	1.191657e-011	7.366638e-005	4.773996e-002	6.844158e-002	4.781363e-002	-2.090891e-006	2.090891e-006	1.190781e-011	-1.193712e-011	1.162552e-001
1.089013329527624e-003	-7.476735e-002	-6.523275e-002	-5.000000e+000	-4.894293e+000	-1.057068e-001	-2.504773e+000	-2.495227e+000	-2.500006e+000	-2.499994e+000	-2.569994e+000	-2.570006e+000	-5.874197e-005	5.874197e-005	-1.161967e-001	1.161967e-001	-4.779040e-002	-1.191823e-011	1.191823e-011	5.874199e-005	4.773166e-002	6.840838e-002	4.779040e-002	-2.114136e-006	2.114136e-006	1.189138e-011	-1.190870e-011	1.161988e-001
1.090013329527623e-003	-7.476783e-002	-6.523228e-002	-5.000000e+000	-4.893131e+000	-1.068685e-001	-2.504772e+000	-2.495228e+000	-2.500005e+000	-2.499995e+000	-2.569996e+000	-2.570004e+000	-4.455181e-005	4.455181e-005	-1.161402e-001	1.161402e-001	-4.776718e-002	-1.191952e-011	1.191952e-011	4.455182e-005	4.772263e-002	6.837519e-002	4.776718e-002	-2.137370e-006	2.137370e-006	1.191136e-011	-1.185185e-011	1.161424e-001
1.091013329527623e-003	-7.476807e-002	-6.523180e-002	-5.000000e+000	-4.891970e+000	-1.080296e-001	-2.504771e+000	-2.495229e+000	-2.500003e+000	-2.499997e+000	-2.569997e+000	-2.570003e+000	-3.106002e-005	3.106002e-005	-1.160838e-001	1.160838e-001	-4.774398e-002	-1.192047e-011	1.192047e-011	3.106004e-005	4.771292e-002	6.834202e-002	4.774398e-002	-2.160592e-006	2.160592e-006	1.193179e-011	-1.182343e-011	1.160860e-001
1.092013329527623e-003	-7.476854e-002	-6.523156e-002	-5.000000e+000	-4.890810e+000	-1.091902e-001	-2.504770e+000	-2.495230e+000	-2.500002e+000	-2.499998e+000	-2.569998e+000	-2.570002e+000	-1.823251e-005	1.823251e-005	-1.160275e-001	1.160275e-001	-4.772079e-002	-1.192108e-011	1.192108e-011	1.823252e-005	4.770256e-002	6.830885e-002	4.772079e-002	-2.183803e-006	2.183803e-006	1.192868e-011	-1.182343e-011	1.160296e-001
1.093013329527623e-003	-7.476854e-002	-6.523156e-002	-5.000000e+000	-4.889650e+000	-1.103502e-001	-2.504769e+000	-2.495231e+000	-2.500000e+000	-2.500000e+000	-2.569999e+000	-2.570001e+000	-6.036828e-006	6.036828e-006	-1.159711e-001	1.159711e-001	-4.769761e-002	-1.192138e-011	1.192138e-011	6.036840e-006	4.769158e-002	6.827570e-002	4.769761e-002	-2.207003e-006	2.207003e-006	1.194600e-011	-1.182343e-011	1.159733e-001
1.094013329527623e-003	-7.476854e-002	-6.523156e-002	-5.000000e+000	-4.888491e+000	-1.115096e-001	-2.504768e+000	-2.495232e+000	-2.500000e+000	-2.500000e+000	-2.570001e+000	-2.569999e+000	5.557870e-006	-5.557870e-006	-1.159148e-001	1.159148e-001	-4.767445e-002	-1.192139e-011	1.192139e-011	-5.557859e-006	4.768001e-002	6.824258e-002	4.767445e-002	-2.230192e-006	2.230192e-006	1.194289e-011	-1.182343e-011	1.159170e-001
1.095013329527623e-003	-7.476830e-002	-6.523156e-002	-5.000000e+000	-4.887331e+000	-1.126685e-001	-2.504767e+000	-2.495233e+000	-2.499998e+000	-2.500002e+000	-2.570002e+000	-2.569998e+000	1.658094e-005	-1.658094e-005	-1.158585e-001	1.158585e-001	-4.765129e-002	-1.192111e-011	1.192111e-011	-1.658093e-005	4.766788e-002	6.820947e-002	4.765129e-002	-2.253369e-006	2.253369e-006	1.186740e-011	-1.182343e-011	1.158608e-001
1.096013329527623e-003	-7.476830e-002	-6.523180e-002	-5.000000e+000	-4.886173e+000	-1.138268e-001	-2.504766e+000	-2.495234e+000	-2.499997e+000	-2.500003e+000	-2.570003e+000	-2.569997e+000	2.706028e-005	-2.706028e-005	-1.158023e-001	1.158023e-001	-4.762816e-002	-1.192057e-011	1.192057e-011	-2.706027e-005	4.765521e-002	6.817637e-002	4.762816e-002	-2.276535e-006	2.276535e-006	1.181988e-011	-1.185185e-011	1.158045e-001
1.097013329527623e-003	-7.476807e-002	-6.523204e-002	-5.000000e+000	-4.885015e+000	-1.149845e-001	-2.504764e+000	-2.495236e+000	-2.499996e+000	-2.500004e+000	-2.570004e+000	-2.569996e+000	3.702246e-005	-3.702246e-005	-1.157460e-001	1.157460e-001	-4.760503e-002	-1.191977e-011	1.191977e-011	-3.702245e-005	4.764205e-002	6.814330e-002	4.760503e-002	-2.299690e-006	2.299690e-006	1.184475e-011	-1.193712e-011	1.157483e-001
1.098013329527623e-003	-7.476759e-002	-6.523252e-002	-5.000000e+000	-4.883858e+000	-1.161417e-001	-2.504763e+000	-2.495237e+000	-2.499995e+000	-2.500005e+000	-2.570005e+000	-2.569995e+000	4.649273e-005	-4.649273e-005	-1.156898e-001	1.156898e-001	-4.758191e-002	-1.191872e-011	1.191872e-011	-4.649272e-005	4.762840e-002	6.811024e-002	4.758191e-002	-2.322834e-006	2.322834e-006	1.185763e-011	-1.199396e-011	1.156921e-001
1.099013329527623e-003	-7.476711e-002	-6.523299e-002	-5.000000e+000	-4.882702e+000	-1.172983e-001	-2.504761e+000	-2.495239e+000	-2.499995e+000	-2.500005e+000	-2.570006e+000	-2.569994e+000	5.549510e-005	-5.549510e-005	-1.156337e-001	1.156337e-001	-4.755881e-002	-1.191745e-011	1.191745e-011	-5.549509e-005	4.761430e-002	6.807719e-002	4.755881e-002	-2.345966e-006	2.345966e-006	1.185230e-011	-1.193712e-011	1.156360e-001
1.100013329527623e-003	-7.476640e-002	-6.523347e-002	-5.000000e+000	-4.881546e+000	-1.184544e-001	-2.504760e+000	-2.495240e+000	-2.499994e+000	-2.500006e+000	-2.570006e+000	-2.569993e+000	6.405244e-005	-6.405244e-005	-1.155775e-001	1.155775e-001	-4.753571e-002	-1.191595e-011	1.191595e-011	-6.405242e-005	4.759977e-002	6.804416e-002	4.753571e-002	-2.369087e-006	2.369087e-006	1.185851e-011	-1.185185e-011	1.155799e-001
1.101013329527623e-003	-7.476592e-002	-6.523418e-002	-5.000000e+000	-4.880390e+000	-1.196098e-001	-2.504759e+000	-2.495241e+000	-2.499993e+000	-2.500007e+000	-2.570007e+000	-2.569993e+000	7.218646e-005	-7.218646e-005	-1.155214e-001	1.155214e-001	-4.751264e-002	-1.191425e-011	1.191425e-011	-7.218645e-005	4.758482e-002	6.801115e-002	4.751264e-002	-2.392197e-006	2.392197e-006	1.183365e-011	-1.182343e-011	1.155238e-001
1.103013329527622e-003	-7.476425e-002	-6.523585e-002	-5.000000e+000	-4.878081e+000	-1.219192e-001	-2.504755e+000	-2.495245e+000	-2.499991e+000	-2.500009e+000	-2.570009e+000	-2.569991e+000	8.726627e-005	-8.726627e-005	-1.154092e-001	1.154092e-001	-4.746651e-002	-1.191026e-011	1.191026e-011	-8.726626e-005	4.755378e-002	6.794517e-002	4.746651e-002	-2.438383e-006	2.438383e-006	1.187095e-011	-1.182343e-011	1.154117e-001
1.105013329527622e-003	-7.476234e-002	-6.523776e-002	-5.000000e+000	-4.875773e+000	-1.242262e-001	-2.504752e+000	-2.495248e+000	-2.499990e+000	-2.500010e+000	-2.570010e+000	-2.569990e+000	1.008881e-004	-1.008881e-004	-1.152972e-001	1.152972e-001	-4.742043e-002	-1.190555e-011	1.190555e-011	-1.008881e-004	4.752132e-002	6.787925e-002	4.742043e-002	-2.484524e-006	2.484524e-006	1.192291e-011	-1.182343e-011	1.152997e-001
1.107013329527622e-003	-7.476020e-002	-6.523991e-002	-5.000000e+000	-4.873469e+000	-1.265310e-001	-2.504749e+000	-2.495251e+000	-2.499989e+000	-2.500011e+000	-2.570011e+000	-2.569989e+000	1.131908e-004	-1.131908e-004	-1.151853e-001	1.151853e-001	-4.737440e-002	-1.190020e-011	1.190020e-011	-1.131908e-004	4.748759e-002	6.781340e-002	4.737440e-002	-2.530621e-006	2.530621e-006	1.187539e-011	-1.182343e-011	1.151878e-001
1.110013329527622e-003	-7.475662e-002	-6.524348e-002	-5.000000e+000	-4.870016e+000	-1.299841e-001	-2.504744e+000	-2.495256e+000	-2.499987e+000	-2.500013e+000	-2.570013e+000	-2.569987e+000	1.294433e-004	-1.294433e-004	-1.150176e-001	1.150176e-001	-4.730545e-002	-1.189108e-011	1.189108e-011	-1.294433e-004	4.743489e-002	6.771474e-002	4.730545e-002	-2.599682e-006	2.599682e-006	1.195355e-011	-1.185185e-011	1.150202e-001
1.113013329527622e-003	-7.475233e-002	-6.524754e-002	-5.000000e+000	-4.866568e+000	-1.334321e-001	-2.504738e+000	-2.495262e+000	-2.499986e+000	-2.500014e+000	-2.570014e+000	-2.569986e+000	1.433828e-004	-1.433828e-004	-1.148502e-001	1.148502e-001	-4.723660e-002	-1.188084e-011	1.188084e-011	-1.433828e-004	4.737998e-002	6.761622e-002	4.723660e-002	-2.668642e-006	2.668642e-006	1.186118e-011	-1.176659e-011	1.148528e-001
1.116013329527621e-003	-7.474780e-002	-6.525207e-002	-5.000000e+000	-4.863125e+000	-1.368751e-001	-2.504732e+000	-2.495268e+000	-2.499985e+000	-2.500015e+000	-2.570015e+000	-2.569984e+000	1.553319e-004	-1.553319e-004	-1.146830e-001	1.146830e-001	-4.716785e-002	-1.186963e-011	1.186963e-011	-1.553319e-004	4.732318e-002	6.751785e-002	4.716785e-002	-2.737502e-006	2.737502e-006	1.188472e-011	-1.182343e-011	1.146857e-001
1.118870472384764e-003	-7.474309e-002	-6.525675e-002	-5.000000e+000	-4.859851e+000	-1.401495e-001	-2.504727e+000	-2.495273e+000	-2.499984e+000	-2.500016e+000	-2.570016e+000	-2.569983e+000	1.647514e-004	-1.647514e-004	-1.145240e-001	1.145240e-001	-4.710248e-002	-1.185799e-011	1.185799e-011	-1.647514e-004	4.726723e-002	6.742430e-002	4.710248e-002	-2.802989e-006	2.802989e-006	1.186675e-011	-1.180037e-011	1.145268e-001
1.121727615241907e-003	-7.473823e-002	-6.526161e-002	-5.000000e+000	-4.856581e+000	-1.434193e-001	-2.504721e+000	-2.495279e+000	-2.499983e+000	-2.500017e+000	-2.570017e+000	-2.569983e+000	1.732085e-004	-1.732085e-004	-1.143652e-001	1.143652e-001	-4.703719e-002	-1.184590e-011	1.184590e-011	-1.732085e-004	4.721040e-002	6.733088e-002	4.703719e-002	-2.868386e-006	2.868386e-006	1.185006e-011	-1.178093e-011	1.143681e-001
1.124584758099049e-003	-7.473320e-002	-6.526665e-002	-5.000000e+000	-4.853316e+000	-1.466846e-001	-2.504715e+000	-2.495285e+000	-2.499982e+000	-2.500018e+000	-2.570018e+000	-2.569982e+000	1.807032e-004	-1.807032e-004	-1.142066e-001	1.142066e-001	-4.697200e-002	-1.183335e-011	1.183335e-011	-1.807032e-004	4.715271e-002	6.723758e-002	4.697200e-002	-2.933693e-006	2.933693e-006	1.183465e-011	-1.176512e-011	1.142096e-001
1.127441900956192e-003	-7.472803e-002	-6.527186e-002	-5.000000e+000	-4.850055e+000	-1.499454e-001	-2.504709e+000	-2.495291e+000	-2.499981e+000	-2.500019e+000	-2.570019e+000	-2.569981e+000	1.872356e-004	-1.872356e-004	-1.140483e-001	1.140483e-001	-4.690690e-002	-1.182034e-011	1.182034e-011	-1.872356e-004	4.709414e-002	6.714442e-002	4.690690e-002	-2.998909e-006	2.998909e-006	1.182050e-011	-1.175294e-011	1.140513e-001
1.130299043813334e-003	-7.472269e-002	-6.527725e-002	-5.000000e+000	-4.846799e+000	-1.532017e-001	-2.504703e+000	-2.495297e+000	-2.499981e+000	-2.500019e+000	-2.570019e+000	-2.569981e+000	1.928055e-004	-1.928055e-004	-1.138902e-001	1.138902e-001	-4.684190e-002	-1.180688e-011	1.180688e-011	-1.928055e-004	4.703470e-002	6.705138e-002	4.684190e-002	-3.064034e-006	3.064034e-006	1.180762e-011	-1.174439e-011	1.138933e-001
1.133156186670477e-003	-7.471721e-002	-6.528281e-002	-5.000000e+000	-4.843547e+000	-1.564535e-001	-2.504697e+000	-2.495303e+000	-2.499980e+000	-2.500020e+000	-2.570020e+000	-2.569980e+000	1.974131e-004	-1.974131e-004	-1.137323e-001	1.137323e-001	-4.677698e-002	-1.179295e-011	1.179295e-011	-1.974131e-004	4.697440e-002	6.695847e-002	4.677698e-002	-3.129069e-006	3.129069e-006	1.179602e-011	-1.173946e-011	1.137355e-001
1.136013329527620e-003	-7.471156e-002	-6.528854e-002	-5.000000e+000	-4.840300e+000	-1.597007e-001	-2.504691e+000	-2.495309e+000	-2.499980e+000	-2.500020e+000	-2.570020e+000	-2.569980e+000	2.010583e-004	-2.010583e-004	-1.135747e-001	1.135747e-001	-4.671216e-002	-1.177857e-011	1.177857e-011	-2.010582e-004	4.691322e-002	6.686570e-002	4.671216e-002	-3.194014e-006	3.194014e-006	1.178568e-011	-1.173817e-011	1.135779e-001
1.140727615241905e-003	-7.470171e-002	-6.529828e-002	-5.000000e+000	-4.834951e+000	-1.650487e-001	-2.504681e+000	-2.495319e+000	-2.499979e+000	-2.500021e+000	-2.570021e+000	-2.569979e+000	2.059253e-004	-2.059253e-004	-1.133150e-001	1.133150e-001	-4.660540e-002	-1.175431e-011	1.175431e-011	-2.059253e-004	4.681133e-002	6.671289e-002	4.660540e-002	-3.300974e-006	3.300974e-006	1.174978e-011	-1.172135e-011	1.133183e-001
1.145441900956190e-003	-7.469179e-002	-6.530812e-002	-5.000000e+000	-4.829615e+000	-1.703846e-001	-2.504671e+000	-2.495329e+000	-2.499979e+000	-2.500021e+000	-2.570021e+000	-2.569979e+000	2.100691e-004	-2.100691e-004	-1.130559e-001	1.130559e-001	-4.649889e-002	-1.172976e-011	1.172976e-011	-2.100690e-004	4.670896e-002	6.656044e-002	4.649889e-002	-3.407692e-006	3.407692e-006	1.171551e-011	-1.170337e-011	1.130593e-001
1.150156186670476e-003	-7.468178e-002	-6.531809e-002	-5.000000e+000	-4.824292e+000	-1.757083e-001	-2.504661e+000	-2.495339e+000	-2.499979e+000	-2.500021e+000	-2.570021e+000	-2.569979e+000	2.134895e-004	-2.134895e-004	-1.127974e-001	1.127974e-001	-4.639262e-002	-1.170490e-011	1.170490e-011	-2.134895e-004	4.660611e-002	6.640833e-002	4.639262e-002	-3.514167e-006	3.514167e-006	1.168286e-011	-1.168423e-011	1.128010e-001
1.154870472384761e-003	-7.467170e-002	-6.532817e-002	-5.000000e+000	-4.818980e+000	-1.810199e-001	-2.504650e+000	-2.495350e+000	-2.499978e+000	-2.500022e+000	-2.570022e+000	-2.569978e+000	2.161867e-004	-2.161867e-004	-1.125396e-001	1.125396e-001	-4.628660e-002	-1.167974e-011	1.167974e-011	-2.161867e-004	4.650278e-002	6.625657e-002	4.628660e-002	-3.620398e-006	3.620398e-006	1.165183e-011	-1.166393e-011	1.125432e-001
1.159584758099046e-003	-7.466154e-002	-6.533837e-002	-5.000000e+000	-4.813681e+000	-1.863193e-001	-2.504640e+000	-2.495360e+000	-2.499978e+000	-2.500022e+000	-2.570022e+000	-2.569978e+000	2.181606e-004	-2.181606e-004	-1.122823e-001	1.122823e-001	-4.618082e-002	-1.165428e-011	1.165428e-011	-2.181606e-004	4.639898e-002	6.610516e-002	4.618082e-002	-3.726386e-006	3.726386e-006	1.162244e-011	-1.164247e-011	1.122860e-001
1.164299043813331e-003	-7.465130e-002	-6.534868e-002	-5.000000e+000	-4.808393e+000	-1.916066e-001	-2.504629e+000	-2.495371e+000	-2.499978e+000	-2.500022e+000	-2.570022e+000	-2.569978e+000	2.194112e-004	-2.194112e-004	-1.120255e-001	1.120255e-001	-4.607528e-002	-1.162853e-011	1.162853e-011	-2.194112e-004	4.629469e-002	6.595409e-002	4.607528e-002	-3.832131e-006	3.832131e-006	1.159467e-011	-1.161984e-011	1.120294e-001
1.169013329527617e-003	-7.464099e-002	-6.535912e-002	-5.000000e+000	-4.803118e+000	-1.968817e-001	-2.504619e+000	-2.495381e+000	-2.499978e+000	-2.500022e+000	-2.570022e+000	-2.569978e+000	2.199385e-004	-2.199385e-004	-1.117694e-001	1.117694e-001	-4.596999e-002	-1.160247e-011	1.160247e-011	-2.199385e-004	4.618993e-002	6.580338e-002	4.596999e-002	-3.937633e-006	3.937633e-006	1.156852e-011	-1.159606e-011	1.117734e-001
1.180156186670473e-003	-7.461633e-002	-6.538380e-002	-5.000000e+000	-4.790698e+000	-2.093014e-001	-2.504594e+000	-2.495406e+000	-2.499978e+000	-2.500022e+000	-2.570022e+000	-2.569978e+000	2.204713e-004	-2.204713e-004	-1.111664e-001	1.111664e-001	-4.572208e-002	-1.154076e-011	1.154076e-011	-2.204713e-004	4.594256e-002	6.544853e-002	4.572208e-002	-4.186029e-006	4.186029e-006	1.152188e-011	-1.154088e-011	1.111706e-001
1.191299043813329e-003	-7.459172e-002	-6.540841e-002	-5.000000e+000	-4.778345e+000	-2.216551e-001	-2.504570e+000	-2.495430e+000	-2.499978e+000	-2.500022e+000	-2.570022e+000	-2.569978e+000	2.206770e-004	-2.206770e-004	-1.105666e-001	1.105666e-001	-4.547550e-002	-1.147922e-011	1.147922e-011	-2.206769e-004	4.569618e-002	6.509557e-002	4.547550e-002	-4.433102e-006	4.433102e-006	1.147139e-011	-1.148108e-011	1.105711e-001
1.202441900956185e-003	-7.456717e-002	-6.543295e-002	-5.000000e+000	-4.766057e+000	-2.339427e-001	-2.504545e+000	-2.495455e+000	-2.499978e+000	-2.500022e+000	-2.570022e+000	-2.569978e+000	2.205555e-004	-2.205555e-004	-1.099701e-001	1.099701e-001	-4.523024e-002	-1.141784e-011	1.141784e-011	-2.205555e-004	4.545080e-002	6.474449e-002	4.523024e-002	-4.678853e-006	4.678853e-006	1.141706e-011	-1.141667e-011	1.099747e-001
1.213584758099042e-003	-7.454268e-002	-6.545740e-002	-5.000000e+000	-4.753836e+000	-2.461641e-001	-2.504521e+000	-2.495479e+000	-2.499978e+000	-2.500022e+000	-2.570022e+000	-2.569978e+000	2.201070e-004	-2.201070e-004	-1.093767e-001	1.093767e-001	-4.498631e-002	-1.135663e-011	1.135663e-011	-2.201069e-004	4.520641e-002	6.439531e-002	4.498631e-002	-4.923282e-006	4.923282e-006	1.135888e-011	-1.134765e-011	1.093816e-001
1.224727615241898e-003	-7.451825e-002	-6.548178e-002	-5.000000e+000	-4.741681e+000	-2.583194e-001	-2.504496e+000	-2.495504e+000	-2.499978e+000	-2.500022e+000	-2.570022e+000	-2.569978e+000	2.193313e-004	-2.193313e-004	-1.087865e-001	1.087865e-001	-4.474369e-002	-1.129559e-011	1.129559e-011	-2.193313e-004	4.496302e-002	6.404802e-002	4.474369e-002	-5.166388e-006	5.166388e-006	1.129686e-011	-1.127401e-011	1.087917e-001
1.235870472384754e-003	-7.449388e-002	-6.550608e-002	-5.000000e+000	-4.729591e+000	-2.704086e-001	-2.504472e+000	-2.495528e+000	-2.499978e+000	-2.500022e+000	-2.570022e+000	-2.569978e+000	2.182285e-004	-2.182285e-004	-1.081996e-001	1.081996e-001	-4.450239e-002	-1.123471e-011	1.123471e-011	-2.182285e-004	4.472062e-002	6.370261e-002	4.450239e-002	-5.408172e-006	5.408172e-006	1.123100e-011	-1.119576e-011	1.082050e-001
1.247013329527610e-003	-7.446957e-002	-6.553030e-002	-5.000000e+000	-4.717568e+000	-2.824317e-001	-2.504448e+000	-2.495552e+000	-2.499978e+000	-2.500022e+000	-2.570022e+000	-2.569978e+000	2.167987e-004	-2.167987e-004	-1.076159e-001	1.076159e-001	-4.426241e-002	-1.117400e-011	1.117400e-011	-2.167986e-004	4.447921e-002	6.335910e-002	4.426241e-002	-5.648634e-006	5.648634e-006	1.116129e-011	-1.111289e-011	1.076215e-001
1.354727615241888e-003	-7.424333e-002	-6.575665e-002	-5.000000e+000	-4.605307e+000	-3.946932e-001	-2.504223e+000	-2.495777e+000	-2.499979e+000	-2.500021e+000	-2.570021e+000	-2.569979e+000	2.058610e-004	-2.058610e-004	-1.021654e-001	1.021654e-001	-4.202168e-002	-1.060835e-011	1.060835e-011	-2.058610e-004	4.222754e-002	6.015162e-002	4.202168e-002	-7.893865e-006	7.893865e-006	1.058819e-011	-1.055056e-011	1.021733e-001
1.462441900956167e-003	-7.402730e-002	-6.597277e-002	-5.000000e+000	-4.498109e+000	-5.018905e-001	-2.504008e+000	-2.495992e+000	-2.499980e+000	-2.500020e+000	-2.570020e+000	-2.569981e+000	1.954080e-004	-1.954080e-004	-9.696084e-002	9.696084e-002	-3.988204e-002	-1.006821e-011	1.006821e-011	-1.954080e-004	4.007745e-002	5.708885e-002	3.988204e-002	-1.003781e-005	1.003781e-005	1.004618e-011	-1.001191e-011	9.697088e-002
1.570156186670445e-003	-7.382146e-002	-6.617864e-002	-5.000000e+000	-4.395976e+000	-6.040235e-001	-2.503803e+000	-2.496197e+000	-2.499981e+000	-2.500019e+000	-2.570019e+000	-2.569982e+000	1.854397e-004	-1.854397e-004	-9.200215e-002	9.200215e-002	-3.784347e-002	-9.553588e-012	9.553588e-012	-1.854397e-004	3.802891e-002	5.417076e-002	3.784347e-002	-1.208047e-005	1.208047e-005	9.535272e-012	-9.496945e-012	9.201423e-002
1.677870472384723e-003	-7.362582e-002	-6.637428e-002	-5.000000e+000	-4.298908e+000	-7.010922e-001	-2.503608e+000	-2.496392e+000	-2.499982e+000	-2.500018e+000	-2.570018e+000	-2.569983e+000	1.759561e-004	-1.759561e-004	-8.728934e-002	8.728934e-002	-3.590599e-002	-9.064477e-012	9.064477e-012	-1.759561e-004	3.608195e-002	5.139737e-002	3.590599e-002	-1.402184e-005	1.402184e-005	9.055465e-012	-9.005655e-012	8.730336e-002
1.785584758099001e-003	-7.344038e-002	-6.655968e-002	-5.000000e+000	-4.206903e+000	-7.930966e-001	-2.503424e+000	-2.496576e+000	-2.499983e+000	-2.500017e+000	-2.570017e+000	-2.569983e+000	1.669572e-004	-1.669572e-004	-8.282240e-002	8.282240e-002	-3.406959e-002	-8.600878e-012	8.600878e-012	-1.669572e-004	3.423655e-002	4.876867e-002	3.406959e-002	-1.586193e-005	1.586193e-005	8.606759e-012	-8.538045e-012	8.283826e-002
1.893299043813279e-003	-7.326513e-002	-6.673485e-002	-5.000000e+000	-4.119963e+000	-8.800368e-001	-2.503249e+000	-2.496751e+000	-2.499984e+000	-2.500016e+000	-2.570016e+000	-2.569984e+000	1.584430e-004	-1.584430e-004	-7.860134e-002	7.860134e-002	-3.233428e-002	-8.162791e-012	8.162791e-012	-1.584430e-004	3.249272e-002	4.628466e-002	3.233428e-002	-1.760074e-005	1.760074e-005	8.189153e-012	-8.094114e-012	7.861894e-002
2.001013329527557e-003	-7.310009e-002	-6.689978e-002	-5.000000e+000	-4.038087e+000	-9.619128e-001	-2.503085e+000	-2.496915e+000	-2.499985e+000	-2.500015e+000	-2.570015e+000	-2.569985e+000	1.504135e-004	-1.504135e-004	-7.462616e-002	7.462616e-002	-3.070004e-002	-7.750218e-012	7.750218e-012	-1.504135e-004	3.085046e-002	4.394535e-002	3.070004e-002	-1.923825e-005	1.923825e-005	7.802647e-012	-7.673862e-012	7.464540e-002
2.002013329527557e-003	-7.309842e-002	-6.690145e-002	-5.000000e+000	-4.037341e+000	-9.626588e-001	-2.503083e+000	-2.496917e+000	-2.499985e+000	-2.500015e+000	-2.570015e+000	-2.569985e+000	1.503405e-004	-1.503405e-004	-7.458994e-002	7.458994e-002	-3.068515e-002	-7.746458e-012	7.746458e-012	-1.503405e-004	3.083549e-002	4.392403e-002	3.068515e-002	-1.925318e-005	1.925318e-005	7.757350e-012	-7.673862e-012	7.460919e-002
2.148156186670434e-003	-7.288857e-002	-6.711127e-002	-5.000000e+000	-3.933220e+000	-1.066780e+000	-2.502875e+000	-2.497125e+000	-2.499986e+000	-2.500014e+000	-2.570014e+000	-2.569986e+000	1.401514e-004	-1.401514e-004	-6.953473e-002	6.953473e-002	-2.860691e-002	-7.221803e-012	7.221803e-012	-1.401514e-004	2.874706e-002	4.094915e-002	2.860691e-002	-2.133559e-005	2.133559e-005	7.224427e-012	-7.145401e-012	6.955607e-002
2.294299043813310e-003	-7.269096e-002	-6.730888e-002	-5.000000e+000	-3.835169e+000	-1.164831e+000	-2.502678e+000	-2.497322e+000	-2.499987e+000	-2.500013e+000	-2.570013e+000	-2.569987e+000	1.305563e-004	-1.305563e-004	-6.477419e-002	6.477419e-002	-2.664981e-002	-6.727731e-012	6.727731e-012	-1.305563e-004	2.678037e-002	3.814768e-002	2.664981e-002	-2.329663e-005	2.329663e-005	6.726867e-012	-6.649633e-012	6.479749e-002
2.440441900956187e-003	-7.250559e-002	-6.749426e-002	-5.000000e+000	-3.743186e+000	-1.256814e+000	-2.502494e+000	-2.497506e+000	-2.499988e+000	-2.500012e+000	-2.570012e+000	-2.569988e+000	1.215551e-004	-1.215551e-004	-6.030832e-002	6.030832e-002	-2.481385e-002	-6.264241e-012	6.264241e-012	-1.215550e-004	2.493541e-002	3.551961e-002	2.481385e-002	-2.513628e-005	2.513628e-005	6.264671e-012	-6.186556e-012	6.033346e-002
2.586584758099063e-003	-7.233246e-002	-6.766742e-002	-5.000000e+000	-3.657273e+000	-1.342727e+000	-2.502321e+000	-2.497679e+000	-2.499989e+000	-2.500011e+000	-2.570011e+000	-2.569989e+000	1.131477e-004	-1.131477e-004	-5.613712e-002	5.613712e-002	-2.309904e-002	-5.831333e-012	5.831333e-012	-1.131477e-004	2.321218e-002	3.306494e-002	2.309904e-002	-2.685454e-005	2.685454e-005	5.837837e-012	-5.756170e-012	5.616398e-002
2.732727615241940e-003	-7.217158e-002	-6.782836e-002	-5.000000e+000	-3.577429e+000	-1.422571e+000	-2.502161e+000	-2.497839e+000	-2.499990e+000	-2.500010e+000	-2.570010e+000	-2.569989e+000	1.053344e-004	-1.053344e-004	-5.226059e-002	5.226059e-002	-2.150536e-002	-5.429007e-012	5.429007e-012	-1.053344e-004	2.161069e-002	3.078369e-002	2.150536e-002	-2.845142e-005	2.845142e-005	5.446368e-012	-5.358475e-012	5.228904e-002
2.878870472384817e-003	-7.202294e-002	-6.797707e-002	-5.000000e+000	-3.503654e+000	-1.496346e+000	-2.502013e+000	-2.497987e+000	-2.499990e+000	-2.500010e+000	-2.570010e+000	-2.569990e+000	9.811490e-005	-9.811490e-005	-4.867873e-002	4.867873e-002	-2.003282e-002	-5.057263e-012	5.057263e-012	-9.811490e-005	2.013094e-002	2.867583e-002	2.003282e-002	-2.992692e-005	2.992692e-005	5.090261e-012	-4.993472e-012	4.870866e-002
3.025013329527693e-003	-7.188654e-002	-6.811357e-002	-5.000000e+000	-3.435949e+000	-1.564051e+000	-2.501877e+000	-2.498123e+000	-2.499991e+000	-2.500009e+000	-2.570009e+000	-2.569991e+000	9.148936e-005	-9.148936e-005	-4.539153e-002	4.539153e-002	-1.868143e-002	-4.716101e-012	4.716101e-012	-9.148936e-005	1.877292e-002	2.674139e-002	1.868143e-002	-3.128103e-005	3.128103e-005	4.769518e-012	-4.661160e-012	4.542281e-002
3.026013329527693e-003	-7.188559e-002	-6.811452e-002	-5.000000e+000	-3.435495e+000	-1.564505e+000	-2.501876e+000	-2.498124e+000	-2.499991e+000	-2.500009e+000	-2.570009e+000	-2.569991e+000	9.144496e-005	-9.144496e-005	-4.536950e-002	4.536950e-002	-1.867237e-002	-4.713814e-012	4.713814e-012	-9.144495e-005	1.876381e-002	2.672842e-002	1.867237e-002	-3.129010e-005	3.129010e-005	4.707790e-012	-4.661160e-012	4.540079e-002
3.172156186670569e-003	-7.175785e-002	-6.824214e-002	-5.000000e+000	-3.372163e+000	-1.627837e+000	-2.501749e+000	-2.498251e+000	-2.499992e+000	-2.500008e+000	-2.570009e+000	-2.569991e+000	8.524743e-005	-8.524743e-005	-4.229466e-002	4.229466e-002	-1.740827e-002	-4.394692e-012	4.394692e-012	-8.524742e-005	1.749352e-002	2.491894e-002	1.740827e-002	-3.255674e-005	3.255674e-005	4.355916e-012	-4.341658e-012	4.232722e-002
3.318299043813446e-003	-7.163759e-002	-6.836232e-002	-5.000000e+000	-3.312523e+000	-1.687477e+000	-2.501630e+000	-2.498370e+000	-2.499992e+000	-2.500008e+000	-2.570008e+000	-2.569992e+000	7.941116e-005	-7.941116e-005	-3.939905e-002	3.939905e-002	-1.621786e-002	-4.094172e-012	4.094172e-012	-7.941115e-005	1.629727e-002	2.321494e-002	1.621786e-002	-3.374954e-005	3.374954e-005	4.032939e-012	-4.039330e-012	3.943280e-002
3.464441900956323e-003	-7.152480e-002	-6.847507e-002	-5.000000e+000	-3.256574e+000	-1.743426e+000	-2.501517e+000	-2.498483e+000	-2.499993e+000	-2.500007e+000	-2.570007e+000	-2.569993e+000	7.393614e-005	-7.393614e-005	-3.668268e-002	3.668268e-002	-1.510114e-002	-3.812253e-012	3.812253e-012	-7.393614e-005	1.517507e-002	2.161641e-002	1.510114e-002	-3.486851e-005	3.486851e-005	3.738858e-012	-3.754179e-012	3.671755e-002
3.610584758099199e-003	-7.141949e-002	-6.858038e-002	-5.000000e+000	-3.204317e+000	-1.795683e+000	-2.501413e+000	-2.498587e+000	-2.499993e+000	-2.500007e+000	-2.570007e+000	-2.569993e+000	6.882238e-005	-6.882238e-005	-3.414554e-002	3.414554e-002	-1.405809e-002	-3.548935e-012	3.548935e-012	-6.882238e-005	1.412692e-002	2.012336e-002	1.405809e-002	-3.591365e-005	3.591365e-005	3.473673e-012	-3.486202e-012	3.418145e-002
3.756727615242076e-003	-7.132165e-002	-6.867826e-002	-5.000000e+000	-3.155752e+000	-1.844248e+000	-2.501315e+000	-2.498685e+000	-2.499994e+000	-2.500006e+000	-2.570006e+000	-2.569994e+000	6.406987e-005	-6.406987e-005	-3.178763e-002	3.178763e-002	-1.308874e-002	-3.304219e-012	3.304219e-012	-6.406987e-005	1.315281e-002	1.873578e-002	1.308874e-002	-3.688496e-005	3.688496e-005	3.237385e-012	-3.235402e-012	3.182451e-002
3.902870472384952e-003	-7.123129e-002	-6.876870e-002	-5.000000e+000	-3.110878e+000	-1.889122e+000	-2.501225e+000	-2.498775e+000	-2.499994e+000	-2.500006e+000	-2.570006e+000	-2.569994e+000	5.967862e-005	-5.967862e-005	-2.960895e-002	2.960895e-002	-1.219306e-002	-3.078105e-012	3.078105e-012	-5.967861e-005	1.225274e-002	1.745367e-002	1.219306e-002	-3.778243e-005	3.778243e-005	3.029993e-012	-3.001777e-012	2.964673e-002
4.049013329527828e-003	-7.114840e-002	-6.885171e-002	-5.000000e+000	-3.069696e+000	-1.930304e+000	-2.501143e+000	-2.498857e+000	-2.499995e+000	-2.500005e+000	-2.570006e+000	-2.569994e+000	5.564862e-005	-5.564862e-005	-2.760951e-002	2.760951e-002	-1.137107e-002	-2.870593e-012	2.870593e-012	-5.564862e-005	1.142672e-002	1.627704e-002	1.137107e-002	-3.860607e-005	3.860607e-005	2.851497e-012	-2.785328e-012	2.764811e-002
4.050013329527829e-003	-7.114768e-002	-6.885242e-002	-5.000000e+000	-3.069420e+000	-1.930580e+000	-2.501142e+000	-2.498858e+000	-2.499995e+000	-2.500005e+000	-2.570006e+000	-2.569994e+000	5.562161e-005	-5.562161e-005	-2.759610e-002	2.759610e-002	-1.136556e-002	-2.869202e-012	2.869202e-012	-5.562160e-005	1.142119e-002	1.626915e-002	1.136556e-002	-3.861159e-005	3.861159e-005	2.855494e-012	-2.813749e-012	2.763472e-002
4.185441900956418e-003	-7.107544e-002	-6.892467e-002	-5.000000e+000	-3.033581e+000	-1.966419e+000	-2.501070e+000	-2.498930e+000	-2.499995e+000	-2.500005e+000	-2.570005e+000	-2.569995e+000	5.211446e-005	-5.211446e-005	-2.585607e-002	2.585607e-002	-1.065022e-002	-2.688612e-012	2.688612e-012	-5.211446e-005	1.070233e-002	1.524518e-002	1.065022e-002	-3.932837e-005	3.932837e-005	2.643451e-012	-2.629170e-012	2.589540e-002
4.320870472385007e-003	-7.100715e-002	-6.899296e-002	-5.000000e+000	-2.999704e+000	-2.000296e+000	-2.501002e+000	-2.498998e+000	-2.499995e+000	-2.500005e+000	-2.570005e+000	-2.569995e+000	4.879932e-005	-4.879932e-005	-2.421129e-002	2.421129e-002	-9.974038e-003	-2.517909e-012	2.517909e-012	-4.879931e-005	1.002284e-002	1.427726e-002	9.974038e-003	-4.000592e-005	4.000592e-005	2.451949e-012	-2.457394e-012	2.425130e-002
4.456299043813597e-003	-7.094281e-002	-6.905729e-002	-5.000000e+000	-2.967789e+000	-2.032211e+000	-2.500938e+000	-2.499062e+000	-2.499995e+000	-2.500005e+000	-2.570005e+000	-2.569995e+000	4.567618e-005	-4.567618e-005	-2.266178e-002	2.266178e-002	-9.337019e-003	-2.357093e-012	2.357093e-012	-4.567618e-005	9.382695e-003	1.336541e-002	9.337019e-003	-4.064421e-005	4.064421e-005	2.280988e-012	-2.298422e-012	2.270242e-002
4.591727615242187e-003	-7.088242e-002	-6.911768e-002	-5.000000e+000	-2.937836e+000	-2.062164e+000	-2.500878e+000	-2.499122e+000	-2.499996e+000	-2.500004e+000	-2.570004e+000	-2.569996e+000	4.274504e-005	-4.274504e-005	-2.120753e-002	2.120753e-002	-8.739162e-003	-2.206163e-012	2.206163e-012	-4.274504e-005	8.781907e-003	1.250961e-002	8.739162e-003	-4.124327e-005	4.124327e-005	2.130569e-012	-2.152253e-012	2.124877e-002
4.727156186670776e-003	-7.082599e-002	-6.917412e-002	-5.000000e+000	-2.909845e+000	-2.090155e+000	-2.500822e+000	-2.499178e+000	-2.499996e+000	-2.500004e+000	-2.570004e+000	-2.569996e+000	4.000591e-005	-4.000591e-005	-1.984853e-002	1.984853e-002	-8.180467e-003	-2.065120e-012	2.065120e-012	-4.000591e-005	8.220473e-003	1.170987e-002	8.180467e-003	-4.180309e-005	4.180309e-005	2.000691e-012	-2.018888e-012	1.989034e-002
4.862584758099365e-003	-7.077350e-002	-6.922661e-002	-5.000000e+000	-2.883816e+000	-2.116184e+000	-2.500770e+000	-2.499230e+000	-2.499996e+000	-2.500004e+000	-2.570004e+000	-2.569996e+000	3.745878e-005	-3.745878e-005	-1.858480e-002	1.858480e-002	-7.660935e-003	-1.933963e-012	1.933963e-012	-3.745878e-005	7.698394e-003	1.096619e-002	7.660935e-003	-4.232367e-005	4.232367e-005	1.891354e-012	-1.898326e-012	1.862712e-002
4.998013329527954e-003	-7.072496e-002	-6.927514e-002	-5.000000e+000	-2.859750e+000	-2.140250e+000	-2.500721e+000	-2.499279e+000	-2.499996e+000	-2.500004e+000	-2.570004e+000	-2.569997e+000	3.510366e-005	-3.510366e-005	-1.741633e-002	1.741633e-002	-7.180566e-003	-1.812693e-012	1.812693e-012	-3.510365e-005	7.215669e-003	1.027857e-002	7.180566e-003	-4.280500e-005	4.280500e-005	1.802558e-012	-1.790568e-012	1.745913e-002
4.999013329527955e-003	-7.072473e-002	-6.927538e-002	-5.000000e+000	-2.859576e+000	-2.140424e+000	-2.500721e+000	-2.499279e+000	-2.499996e+000	-2.500004e+000	-2.570004e+000	-2.569997e+000	3.508662e-005	-3.508662e-005	-1.740788e-002	1.740788e-002	-7.177091e-003	-1.811816e-012	1.811816e-012	-3.508661e-005	7.212177e-003	1.027359e-002	7.177091e-003	-4.280849e-005	4.280849e-005	1.779373e-012	-1.790758e-012	1.745068e-002
5.000000000000000e-003	-7.072449e-002	-6.927562e-002	-5.000000e+000	-2.859404e+000	-2.140596e+000	-2.500721e+000	-2.499279e+000	-2.499996e+000	-2.500004e+000	-2.570004e+000	-2.569997e+000	3.506981e-005	-3.506981e-005	-1.739954e-002	1.739954e-002	-7.173663e-003	-1.810951e-012	1.810951e-012	-3.506981e-005	7.208732e-003	1.026869e-002	7.173663e-003	-4.281192e-005	4.281192e-005	1.781686e-012	-1.932676e-012	1.744235e-002
