time	V(N008,N005)	V(N009,N004)	V(n001)	V(n002)	V(n003)	V(n004)	V(n005)	V(n006)	V(n007)	V(n008)	V(n009)	I(C1)	I(C2)	I(C3)	I(C4)	I(R0)	I(R1)	I(R2)	I(R3)	I(R4)	I(R5)	I(R6)	I(R7)	I(R8)	I(V1)	I(V2)	I(V3)
0.000000000000000e+000	-7.000000e-002	-7.000000e-002	0.000000e+000	-2.100000e-020	-2.100000e-020	-2.102100e-020	-2.102100e-020	-2.102100e-020	-2.102100e-020	-7.000000e-002	-7.000000e-002	4.200000e-025	4.200000e-025	2.100000e-038	2.100000e-038	4.200000e-025	-4.361351e-036	-4.361351e-036	0.000000e+000	0.000000e+000	-4.298951e-038	4.200000e-025	4.200000e-025	4.200000e-025	-1.261169e-043	-1.261169e-043	-4.200000e-025
1.000000000000000e-003	-7.000000e-002	-7.000000e-002	0.000000e+000	-7.919646e-017	-7.919646e-017	-1.309967e-015	-1.309967e-015	-9.565618e-012	-9.565618e-012	-7.000000e-002	-7.000000e-002	2.459170e-017	2.459170e-017	2.461404e-017	2.461404e-017	2.461541e-017	2.391077e-020	2.391077e-020	0.000000e+000	0.000000e+000	-6.515146e-033	2.461541e-017	1.583929e-021	1.583929e-021	-2.391077e-020	-2.391077e-020	-2.461562e-017
1.000000100000000e-003	-7.049406e-002	-6.950593e-002	-5.000000e-001	-4.999984e-001	-1.617713e-006	-2.504970e-001	-2.495030e-001	-2.500030e-001	-2.499970e-001	-3.199970e-001	-3.200030e-001	-1.984031e-005	1.984031e-005	-1.213284e-002	1.213284e-002	-4.990027e-003	-1.237587e-012	1.237587e-012	1.984031e-005	4.970187e-003	7.142811e-003	4.990027e-003	-3.235426e-011	3.235426e-011	1.237607e-012	-1.237654e-012	1.213284e-002
1.000000300000000e-003	-7.149100e-002	-6.850898e-002	-1.500000e+000	-1.499993e+000	-6.990138e-006	-7.514941e-001	-7.485059e-001	-7.500030e-001	-7.499970e-001	-8.199970e-001	-8.200030e-001	-2.994092e-005	2.994092e-005	-3.639835e-002	3.639835e-002	-1.496998e-002	-3.727525e-012	3.727525e-012	2.994092e-005	1.494004e-002	2.142837e-002	1.496998e-002	-1.398028e-010	1.398028e-010	3.727367e-012	-3.727520e-012	3.639835e-002
1.000000906660728e-003	-7.451820e-002	-6.548166e-002	-4.533304e+000	-4.533252e+000	-5.133170e-005	-2.271173e+000	-2.262131e+000	-2.266655e+000	-2.266649e+000	-2.336649e+000	-2.336655e+000	-2.993328e-005	2.993328e-005	-1.100016e-001	1.100016e-001	-4.524159e-002	-1.129543e-011	1.129543e-011	2.993329e-005	4.521165e-002	6.476001e-002	4.524159e-002	-1.026634e-009	1.026634e-009	1.129443e-011	-1.129593e-011	1.100016e-001
1.000001000000000e-003	-7.498384e-002	-6.501627e-002	-5.000000e+000	-4.999939e+000	-6.127005e-005	-2.504987e+000	-2.495013e+000	-2.500003e+000	-2.499997e+000	-2.569997e+000	-2.570003e+000	-3.024261e-005	3.024261e-005	-1.213259e-001	1.213259e-001	-4.989904e-002	-1.245964e-011	1.245964e-011	3.024263e-005	4.986880e-002	7.142682e-002	4.989904e-002	-1.225401e-009	1.225401e-009	1.245970e-011	-1.246148e-011	1.213259e-001
1.000001060585470e-003	-7.498884e-002	-6.501126e-002	-5.000000e+000	-4.999931e+000	-6.862060e-005	-2.504989e+000	-2.495011e+000	-2.500000e+000	-2.500000e+000	-2.570000e+000	-2.570000e+000	-1.027931e-005	1.027931e-005	-1.213255e-001	1.213255e-001	-4.989885e-002	-1.246957e-011	1.246957e-011	1.027932e-005	4.988857e-002	7.142661e-002	4.989885e-002	-1.372412e-009	1.372412e-009	1.246932e-011	-1.247157e-011	1.213255e-001
1.000001181756411e-003	-7.499003e-002	-6.501007e-002	-5.000000e+000	-4.999917e+000	-8.332165e-005	-2.504990e+000	-2.495010e+000	-2.500000e+000	-2.500000e+000	-2.570000e+000	-2.570000e+000	-4.195954e-009	4.195954e-009	-1.213247e-001	1.213247e-001	-4.989854e-002	-1.247463e-011	1.247463e-011	4.208421e-009	4.989853e-002	7.142619e-002	4.989854e-002	-1.666433e-009	1.666433e-009	1.247408e-011	-1.247602e-011	1.213247e-001
1.000001419835188e-003	-7.498956e-002	-6.501055e-002	-5.000000e+000	-4.999888e+000	-1.122062e-004	-2.504990e+000	-2.495010e+000	-2.500000e+000	-2.500000e+000	-2.570000e+000	-2.570000e+000	4.278926e-009	-4.278926e-009	-1.213233e-001	1.213233e-001	-4.989796e-002	-1.247449e-011	1.247449e-011	-4.266468e-009	4.989797e-002	7.142536e-002	4.989796e-002	-2.244124e-009	2.244124e-009	1.247470e-011	-1.247524e-011	1.213233e-001
1.000001895992743e-003	-7.498980e-002	-6.501031e-002	-5.000000e+000	-4.999830e+000	-1.699740e-004	-2.504990e+000	-2.495010e+000	-2.500000e+000	-2.500000e+000	-2.570000e+000	-2.570000e+000	6.464992e-011	-6.464992e-011	-1.213205e-001	1.213205e-001	-4.989681e-002	-1.247420e-011	1.247420e-011	-5.217278e-011	4.989681e-002	7.142372e-002	4.989681e-002	-3.399481e-009	3.399481e-009	1.247513e-011	-1.247510e-011	1.213205e-001
1.000002848307852e-003	-7.498932e-002	-6.501079e-002	-5.000000e+000	-4.999714e+000	-2.855047e-004	-2.504989e+000	-2.495011e+000	-2.500000e+000	-2.500000e+000	-2.570000e+000	-2.570000e+000	2.140922e-009	-2.140922e-009	-1.213149e-001	1.213149e-001	-4.989450e-002	-1.247363e-011	1.247363e-011	-2.128445e-009	4.989450e-002	7.142042e-002	4.989450e-002	-5.710095e-009	5.710095e-009	1.247381e-011	-1.247431e-011	1.213149e-001
1.000019989979815e-003	-7.498537e-002	-6.501473e-002	-5.000000e+000	-4.997636e+000	-2.363911e-003	-2.504985e+000	-2.495015e+000	-2.500000e+000	-2.500000e+000	-2.570000e+000	-2.570000e+000	1.713909e-009	-1.713909e-009	-1.212140e-001	1.212140e-001	-4.985301e-002	-1.246326e-011	1.246326e-011	-1.701447e-009	4.985302e-002	7.136103e-002	4.985301e-002	-4.727822e-008	4.727822e-008	1.246306e-011	-1.246347e-011	1.212140e-001
1.000037131651779e-003	-7.498137e-002	-6.501874e-002	-5.000000e+000	-4.995560e+000	-4.440164e-003	-2.504981e+000	-2.495019e+000	-2.500000e+000	-2.500000e+000	-2.570000e+000	-2.570000e+000	1.396575e-009	-1.396575e-009	-1.211132e-001	1.211132e-001	-4.981157e-002	-1.245289e-011	1.245289e-011	-1.384128e-009	4.981158e-002	7.130171e-002	4.981157e-002	-8.880327e-008	8.880327e-008	1.245245e-011	-1.245278e-011	1.211133e-001
1.000054273323742e-003	-7.497731e-002	-6.502280e-002	-5.000000e+000	-4.993486e+000	-6.514262e-003	-2.504977e+000	-2.495023e+000	-2.500000e+000	-2.500000e+000	-2.570000e+000	-2.570000e+000	1.188921e-009	-1.188921e-009	-1.210125e-001	1.210125e-001	-4.977017e-002	-1.244254e-011	1.244254e-011	-1.176486e-009	4.977018e-002	7.124245e-002	4.977017e-002	-1.302852e-007	1.302852e-007	1.244199e-011	-1.244225e-011	1.210126e-001
1.000071414995706e-003	-7.497318e-002	-6.502692e-002	-5.000000e+000	-4.991414e+000	-8.586207e-003	-2.504973e+000	-2.495027e+000	-2.500000e+000	-2.500000e+000	-2.570000e+000	-2.570000e+000	1.090946e-009	-1.090946e-009	-1.209119e-001	1.209119e-001	-4.972882e-002	-1.243221e-011	1.243221e-011	-1.078521e-009	4.972882e-002	7.118325e-002	4.972882e-002	-1.717241e-007	1.717241e-007	1.243167e-011	-1.243189e-011	1.209121e-001
1.000088556667669e-003	-7.496900e-002	-6.503110e-002	-5.000000e+000	-4.989344e+000	-1.065600e-002	-2.504969e+000	-2.495031e+000	-2.500000e+000	-2.500000e+000	-2.570000e+000	-2.570000e+000	1.102650e-009	-1.102650e-009	-1.208114e-001	1.208114e-001	-4.968750e-002	-1.242188e-011	1.242188e-011	-1.090235e-009	4.968751e-002	7.112412e-002	4.968750e-002	-2.131199e-007	2.131199e-007	1.242148e-011	-1.242169e-011	1.208116e-001
1.000105698339633e-003	-7.496477e-002	-6.503534e-002	-5.000000e+000	-4.987277e+000	-1.272363e-002	-2.504965e+000	-2.495035e+000	-2.500000e+000	-2.500000e+000	-2.570000e+000	-2.570000e+000	1.224034e-009	-1.224034e-009	-1.207110e-001	1.207110e-001	-4.964623e-002	-1.241156e-011	1.241156e-011	-1.211626e-009	4.964624e-002	7.106504e-002	4.964623e-002	-2.544727e-007	2.544727e-007	1.241144e-011	-1.241164e-011	1.207113e-001
1.000122840011596e-003	-7.496047e-002	-6.503963e-002	-5.000000e+000	-4.985211e+000	-1.478912e-002	-2.504961e+000	-2.495039e+000	-2.500000e+000	-2.500000e+000	-2.570000e+000	-2.570000e+000	1.455097e-009	-1.455097e-009	-1.206107e-001	1.206107e-001	-4.960501e-002	-1.240125e-011	1.240125e-011	-1.442695e-009	4.960501e-002	7.100603e-002	4.960501e-002	-2.957823e-007	2.957823e-007	1.240154e-011	-1.240176e-011	1.206110e-001
1.000244736345559e-003	-7.493162e-002	-6.506848e-002	-5.000000e+000	-4.970584e+000	-2.941542e-002	-2.504931e+000	-2.495069e+000	-2.500000e+000	-2.500000e+000	-2.570000e+000	-2.570000e+000	1.430588e-009	-1.430588e-009	-1.199006e-001	1.199006e-001	-4.931306e-002	-1.232827e-011	1.232827e-011	-1.418262e-009	4.931307e-002	7.058813e-002	4.931306e-002	-5.883084e-007	5.883084e-007	1.232813e-011	-1.232883e-011	1.199012e-001
1.000488529013485e-003	-7.487345e-002	-6.512666e-002	-5.000000e+000	-4.941653e+000	-5.834698e-002	-2.504874e+000	-2.495126e+000	-2.500000e+000	-2.500000e+000	-2.570000e+000	-2.570000e+000	1.421758e-009	-1.421758e-009	-1.184959e-001	1.184959e-001	-4.873559e-002	-1.218390e-011	1.218390e-011	-1.409584e-009	4.873559e-002	6.976151e-002	4.873559e-002	-1.166940e-006	1.166940e-006	1.218350e-011	-1.218489e-011	1.184971e-001
1.000976114349336e-003	-7.476091e-002	-6.523919e-002	-5.000000e+000	-4.885046e+000	-1.149538e-001	-2.504761e+000	-2.495239e+000	-2.500000e+000	-2.500000e+000	-2.570000e+000	-2.570000e+000	1.384857e-009	-1.384857e-009	-1.157476e-001	1.157476e-001	-4.760572e-002	-1.190143e-011	1.190143e-011	-1.372977e-009	4.760572e-002	6.814418e-002	4.760572e-002	-2.299076e-006	2.299076e-006	1.189982e-011	-1.190140e-011	1.157499e-001
1.001951285021038e-003	-7.454181e-002	-6.545830e-002	-5.000000e+000	-4.775459e+000	-2.245405e-001	-2.504542e+000	-2.495458e+000	-2.500000e+000	-2.500000e+000	-2.570000e+000	-2.570000e+000	1.322507e-009	-1.322507e-009	-1.104270e-001	1.104270e-001	-4.541835e-002	-1.135459e-011	1.135459e-011	-1.311164e-009	4.541835e-002	6.501313e-002	4.541835e-002	-4.490811e-006	4.490811e-006	1.135349e-011	-1.135352e-011	1.104315e-001
1.002951285021038e-003	-7.432699e-002	-6.567311e-002	-5.000000e+000	-4.667682e+000	-3.323179e-001	-2.504327e+000	-2.495673e+000	-2.500000e+000	-2.500000e+000	-2.570000e+000	-2.570000e+000	1.259821e-009	-1.259821e-009	-1.051942e-001	1.051942e-001	-4.326711e-002	-1.081678e-011	1.081678e-011	-1.248992e-009	4.326711e-002	6.193377e-002	4.326711e-002	-6.646358e-006	6.646358e-006	1.081791e-011	-1.081681e-011	1.052009e-001
1.003951285021038e-003	-7.412171e-002	-6.587839e-002	-5.000000e+000	-4.564981e+000	-4.350190e-001	-2.504122e+000	-2.495878e+000	-2.500000e+000	-2.500000e+000	-2.570000e+000	-2.570000e+000	1.200107e-009	-1.200107e-009	-1.002079e-001	1.002079e-001	-4.121719e-002	-1.030430e-011	1.030430e-011	-1.189790e-009	4.121719e-002	5.899946e-002	4.121719e-002	-8.700380e-006	8.700380e-006	1.030580e-011	-1.030541e-011	1.002166e-001
1.004951285021037e-003	-7.392645e-002	-6.607366e-002	-5.000000e+000	-4.467148e+000	-5.328520e-001	-2.503926e+000	-2.496074e+000	-2.500000e+000	-2.500000e+000	-2.570000e+000	-2.570000e+000	1.143206e-009	-1.143206e-009	-9.545800e-002	9.545800e-002	-3.926443e-002	-9.816109e-012	9.816109e-012	-1.133387e-009	3.926443e-002	5.620423e-002	3.926443e-002	-1.065704e-005	1.065704e-005	9.817470e-012	-9.818410e-012	9.546866e-002
1.005951285021037e-003	-7.374024e-002	-6.625986e-002	-5.000000e+000	-4.373952e+000	-6.260476e-001	-2.503740e+000	-2.496260e+000	-2.500000e+000	-2.500000e+000	-2.570000e+000	-2.570000e+000	1.089006e-009	-1.089006e-009	-9.093322e-002	9.093322e-002	-3.740424e-002	-9.351061e-012	9.351061e-012	-1.079670e-009	3.740424e-002	5.354150e-002	3.740424e-002	-1.252095e-005	1.252095e-005	9.352368e-012	-9.353308e-012	9.094574e-002
1.006951285021037e-003	-7.356358e-002	-6.643653e-002	-5.000000e+000	-4.285174e+000	-7.148256e-001	-2.503563e+000	-2.496437e+000	-2.500000e+000	-2.500000e+000	-2.570000e+000	-2.570000e+000	1.037392e-009	-1.037392e-009	-8.662291e-002	8.662291e-002	-3.563222e-002	-8.908056e-012	8.908057e-012	-1.028496e-009	3.563222e-002	5.100498e-002	3.563222e-002	-1.429651e-005	1.429651e-005	8.909070e-012	-8.909122e-012	8.663721e-002
1.008951285021037e-003	-7.323384e-002	-6.676626e-002	-5.000000e+000	-4.120043e+000	-8.799568e-001	-2.503234e+000	-2.496766e+000	-2.500000e+000	-2.500000e+000	-2.570000e+000	-2.570000e+000	9.413981e-010	-9.413981e-010	-7.860555e-002	7.860555e-002	-3.233619e-002	-8.084048e-012	8.084049e-012	-9.333121e-010	3.233619e-002	4.628695e-002	3.233619e-002	-1.759914e-005	1.759914e-005	8.082512e-012	-8.082565e-012	7.862314e-002
1.010951285021037e-003	-7.293463e-002	-6.706548e-002	-5.000000e+000	-3.970196e+000	-1.029804e+000	-2.502934e+000	-2.497066e+000	-2.500000e+000	-2.500000e+000	-2.570000e+000	-2.570000e+000	8.542429e-010	-8.542429e-010	-7.133022e-002	7.133022e-002	-2.934523e-002	-7.336306e-012	7.336308e-012	-8.469385e-010	2.934523e-002	4.200559e-002	2.934523e-002	-2.059609e-005	2.059609e-005	7.335794e-012	-7.333627e-012	7.135081e-002
1.012951285021037e-003	-7.266331e-002	-6.733680e-002	-5.000000e+000	-3.834218e+000	-1.165783e+000	-2.502663e+000	-2.497337e+000	-2.500000e+000	-2.500000e+000	-2.570000e+000	-2.570000e+000	7.751879e-010	-7.751879e-010	-6.472827e-002	6.472827e-002	-2.663109e-002	-6.657771e-012	6.657773e-012	-7.685372e-010	2.663109e-002	3.812050e-002	2.663109e-002	-2.331565e-005	2.331565e-005	6.657245e-012	-6.656853e-012	6.475158e-002
1.015951285021037e-003	-7.230234e-002	-6.769776e-002	-5.000000e+000	-3.653479e+000	-1.346521e+000	-2.502302e+000	-2.497698e+000	-2.500000e+000	-2.500000e+000	-2.570000e+000	-2.570000e+000	6.700986e-010	-6.700986e-010	-5.595316e-002	5.595316e-002	-2.302354e-002	-5.755883e-012	5.755887e-012	-6.643575e-010	2.302354e-002	3.295655e-002	2.302354e-002	-2.693041e-005	2.693041e-005	5.757017e-012	-5.756626e-012	5.598009e-002
1.018951285021036e-003	-7.199073e-002	-6.800938e-002	-5.000000e+000	-3.497243e+000	-1.502756e+000	-2.501991e+000	-2.498009e+000	-2.500000e+000	-2.500000e+000	-2.570000e+000	-2.570000e+000	5.792629e-010	-5.792629e-010	-4.836768e-002	4.836768e-002	-1.990506e-002	-4.976262e-012	4.976268e-012	-5.742606e-010	1.990506e-002	2.849267e-002	1.990506e-002	-3.005513e-005	3.005513e-005	4.976925e-012	-4.976978e-012	4.839773e-002
1.021951285021036e-003	-7.172084e-002	-6.827927e-002	-5.000000e+000	-3.362188e+000	-1.637812e+000	-2.501721e+000	-2.498279e+000	-2.500000e+000	-2.500000e+000	-2.570000e+000	-2.570000e+000	5.007195e-010	-5.007195e-010	-4.181055e-002	4.181055e-002	-1.720935e-002	-4.302335e-012	4.302340e-012	-4.964278e-010	1.720935e-002	2.463395e-002	1.720935e-002	-3.275623e-005	3.275623e-005	4.302191e-012	-4.302688e-012	4.184330e-002
1.024951285021036e-003	-7.148814e-002	-6.851196e-002	-5.000000e+000	-3.245442e+000	-1.754558e+000	-2.501488e+000	-2.498512e+000	-2.500000e+000	-2.500000e+000	-2.570000e+000	-2.570000e+000	4.328342e-010	-4.328342e-010	-3.614236e-002	3.614236e-002	-1.487909e-002	-3.719769e-012	3.719776e-012	-4.291252e-010	1.487909e-002	2.129835e-002	1.487909e-002	-3.509115e-005	3.509115e-005	3.720969e-012	-3.719245e-012	3.617745e-002
1.027951285021036e-003	-7.128644e-002	-6.871367e-002	-5.000000e+000	-3.144524e+000	-1.855476e+000	-2.501287e+000	-2.498713e+000	-2.500000e+000	-2.500000e+000	-2.570000e+000	-2.570000e+000	3.741576e-010	-3.741576e-010	-3.124259e-002	3.124259e-002	-1.286474e-002	-3.216182e-012	3.216190e-012	-3.709459e-010	1.286474e-002	1.841496e-002	1.286474e-002	-3.710953e-005	3.710953e-005	3.217120e-012	-3.215840e-012	3.127970e-002
1.030951285021035e-003	-7.111263e-002	-6.888747e-002	-5.000000e+000	-3.057286e+000	-1.942714e+000	-2.501112e+000	-2.498888e+000	-2.500000e+000	-2.500000e+000	-2.570000e+000	-2.570000e+000	3.234533e-010	-3.234533e-010	-2.700708e-002	2.700708e-002	-1.112348e-002	-2.780865e-012	2.780874e-012	-3.206537e-010	1.112348e-002	1.592246e-002	1.112348e-002	-3.885428e-005	3.885428e-005	2.783690e-012	-2.781966e-012	2.704594e-002
1.033951285021035e-003	-7.096171e-002	-6.903839e-002	-5.000000e+000	-2.981875e+000	-2.018125e+000	-2.500962e+000	-2.499038e+000	-2.500000e+000	-2.500000e+000	-2.570000e+000	-2.570000e+000	2.795986e-010	-2.795986e-010	-2.334577e-002	2.334577e-002	-9.618270e-003	-2.404562e-012	2.404573e-012	-2.771827e-010	9.618270e-003	1.376787e-002	9.618270e-003	-4.036249e-005	4.036249e-005	2.404027e-012	-2.404080e-012	2.338614e-002
1.036951285021035e-003	-7.083178e-002	-6.916833e-002	-5.000000e+000	-2.916688e+000	-2.083312e+000	-2.500832e+000	-2.499168e+000	-2.500000e+000	-2.500000e+000	-2.570000e+000	-2.570000e+000	2.416840e-010	-2.416840e-010	-2.018083e-002	2.018083e-002	-8.317123e-003	-2.079275e-012	2.079287e-012	-2.396234e-010	8.317123e-003	1.190537e-002	8.317123e-003	-4.166624e-005	4.166624e-005	2.080165e-012	-2.078885e-012	2.022249e-002
1.039951285021034e-003	-7.071924e-002	-6.928086e-002	-5.000000e+000	-2.860338e+000	-2.139662e+000	-2.500719e+000	-2.499281e+000	-2.500000e+000	-2.500000e+000	-2.570000e+000	-2.570000e+000	2.089138e-010	-2.089138e-010	-1.744494e-002	1.744494e-002	-7.192370e-003	-1.798086e-012	1.798099e-012	-2.071232e-010	7.192370e-003	1.029536e-002	7.192370e-003	-4.279325e-005	4.279325e-005	1.799318e-012	-1.799371e-012	1.748773e-002
1.042951285021034e-003	-7.062221e-002	-6.937790e-002	-5.000000e+000	-2.811627e+000	-2.188373e+000	-2.500622e+000	-2.499378e+000	-2.500000e+000	-2.500000e+000	-2.570000e+000	-2.570000e+000	1.806058e-010	-1.806058e-010	-1.507996e-002	1.507996e-002	-6.220098e-003	-1.555018e-012	1.555032e-012	-1.790568e-010	6.220099e-003	8.903626e-003	6.220098e-003	-4.376746e-005	4.376746e-005	1.555792e-012	-1.553625e-012	1.512372e-002
1.045951285021034e-003	-7.053781e-002	-6.946230e-002	-5.000000e+000	-2.769520e+000	-2.230480e+000	-2.500538e+000	-2.499462e+000	-2.500000e+000	-2.500000e+000	-2.570000e+000	-2.570000e+000	1.561204e-010	-1.561204e-010	-1.303559e-002	1.303559e-002	-5.379636e-003	-1.344902e-012	1.344916e-012	-1.547562e-010	5.379636e-003	7.700565e-003	5.379636e-003	-4.460961e-005	4.460961e-005	1.344254e-012	-1.343863e-012	1.308020e-002
1.048951285021034e-003	-7.046556e-002	-6.953454e-002	-5.000000e+000	-2.733121e+000	-2.266879e+000	-2.500465e+000	-2.499535e+000	-2.500000e+000	-2.500000e+000	-2.570000e+000	-2.570000e+000	1.349321e-010	-1.349321e-010	-1.126838e-002	1.126838e-002	-4.653114e-003	-1.163271e-012	1.163286e-012	-1.337952e-010	4.653114e-003	6.660600e-003	4.653114e-003	-4.533758e-005	4.533758e-005	1.163995e-012	-1.164492e-012	1.131371e-002
1.051951285021033e-003	-7.040238e-002	-6.959772e-002	-5.000000e+000	-2.701657e+000	-2.298343e+000	-2.500402e+000	-2.499598e+000	-2.500000e+000	-2.500000e+000	-2.570000e+000	-2.570000e+000	1.166427e-010	-1.166427e-010	-9.740740e-003	9.740740e-003	-4.025085e-003	-1.006263e-012	1.006280e-012	-1.156621e-010	4.025085e-003	5.761622e-003	4.025085e-003	-4.596687e-005	4.596687e-005	1.007658e-012	-1.006379e-012	9.786707e-003
1.054951285021033e-003	-7.034850e-002	-6.965160e-002	-5.000000e+000	-2.674458e+000	-2.325542e+000	-2.500348e+000	-2.499652e+000	-2.500000e+000	-2.500000e+000	-2.570000e+000	-2.570000e+000	1.008260e-010	-1.008260e-010	-8.420203e-003	8.420203e-003	-3.482197e-003	-8.705403e-013	8.705585e-013	-9.997336e-011	3.482197e-003	4.984517e-003	3.482197e-003	-4.651084e-005	4.651084e-005	8.703060e-013	-8.690266e-013	8.466714e-003
1.057951285021033e-003	-7.030129e-002	-6.969881e-002	-5.000000e+000	-2.650947e+000	-2.349053e+000	-2.500301e+000	-2.499699e+000	-2.500000e+000	-2.500000e+000	-2.570000e+000	-2.570000e+000	8.716938e-011	-8.716938e-011	-7.278689e-003	7.278689e-003	-3.012908e-003	-7.532174e-013	7.532366e-013	-8.641621e-011	3.012908e-003	4.312763e-003	3.012908e-003	-4.698107e-005	4.698107e-005	7.539148e-013	-7.535238e-013	7.325670e-003
1.060951285021033e-003	-7.026100e-002	-6.973910e-002	-5.000000e+000	-2.630623e+000	-2.369377e+000	-2.500261e+000	-2.499739e+000	-2.500000e+000	-2.500000e+000	-2.570000e+000	-2.570000e+000	7.534595e-011	-7.534595e-011	-6.291929e-003	6.291929e-003	-2.607239e-003	-6.517997e-013	6.518200e-013	-7.470646e-011	2.607239e-003	3.732077e-003	2.607239e-003	-4.738754e-005	4.738754e-005	6.527772e-013	-6.528302e-013	6.339316e-003
1.063951285021032e-003	-7.022572e-002	-6.977439e-002	-5.000000e+000	-2.613054e+000	-2.386946e+000	-2.500226e+000	-2.499774e+000	-2.500000e+000	-2.500000e+000	-2.570000e+000	-2.570000e+000	6.512835e-011	-6.512835e-011	-5.438942e-003	5.438942e-003	-2.256567e-003	-5.641310e-013	5.641524e-013	-6.457412e-011	2.256567e-003	3.230114e-003	2.256567e-003	-4.773892e-005	4.773892e-005	5.647018e-013	-5.647549e-013	5.486681e-003
1.066951285021032e-003	-7.019544e-002	-6.980467e-002	-5.000000e+000	-2.597867e+000	-2.402133e+000	-2.500195e+000	-2.499805e+000	-2.500000e+000	-2.500000e+000	-2.570000e+000	-2.570000e+000	5.630341e-011	-5.630341e-011	-4.701593e-003	4.701593e-003	-1.953434e-003	-4.883473e-013	4.883698e-013	-5.582024e-011	1.953434e-003	2.796202e-003	1.953434e-003	-4.804266e-005	4.804266e-005	4.885783e-013	-4.881873e-013	4.749636e-003
1.069951285021032e-003	-7.016921e-002	-6.983089e-002	-5.000000e+000	-2.584739e+000	-2.415261e+000	-2.500169e+000	-2.499831e+000	-2.500000e+000	-2.500000e+000	-2.570000e+000	-2.570000e+000	4.868639e-011	-4.868639e-011	-4.064205e-003	4.064205e-003	-1.691397e-003	-4.228374e-013	4.228610e-013	-4.823164e-011	1.691397e-003	2.421114e-003	1.691397e-003	-4.830522e-005	4.830522e-005	4.245260e-013	-4.223588e-013	4.112510e-003
1.072951285021032e-003	-7.014656e-002	-6.985354e-002	-5.000000e+000	-2.573391e+000	-2.426609e+000	-2.500146e+000	-2.499854e+000	-2.500000e+000	-2.500000e+000	-2.570000e+000	-2.570000e+000	4.207834e-011	-4.207834e-011	-3.513227e-003	3.513227e-003	-1.464883e-003	-3.662085e-013	3.662332e-013	-4.169465e-011	1.464884e-003	2.096876e-003	1.464883e-003	-4.853219e-005	4.853219e-005	3.660209e-013	-3.651861e-013	3.561759e-003
1.075951285021031e-003	-7.012677e-002	-6.987333e-002	-5.000000e+000	-2.563581e+000	-2.436419e+000	-2.500127e+000	-2.499873e+000	-2.500000e+000	-2.500000e+000	-2.570000e+000	-2.570000e+000	3.637979e-011	-3.637979e-011	-3.036944e-003	3.036944e-003	-1.269078e-003	-3.172567e-013	3.172824e-013	-3.605294e-011	1.269078e-003	1.816595e-003	1.269078e-003	-4.872838e-005	4.872838e-005	3.168019e-013	-3.164112e-013	3.085673e-003
1.078951285021031e-003	-7.011008e-002	-6.989002e-002	-5.000000e+000	-2.555101e+000	-2.444899e+000	-2.500110e+000	-2.499890e+000	-2.500000e+000	-2.500000e+000	-2.570000e+000	-2.570000e+000	3.144862e-011	-3.144862e-011	-2.625231e-003	2.625231e-003	-1.099818e-003	-2.749411e-013	2.749679e-013	-3.117862e-011	1.099818e-003	1.574311e-003	1.099818e-003	-4.889798e-005	4.889798e-005	2.760742e-013	-2.756836e-013	2.674129e-003
1.081951285021031e-003	-7.009530e-002	-6.990480e-002	-5.000000e+000	-2.547771e+000	-2.452229e+000	-2.500095e+000	-2.499905e+000	-2.500000e+000	-2.500000e+000	-2.570000e+000	-2.570000e+000	2.717115e-011	-2.717115e-011	-2.269332e-003	2.269332e-003	-9.535040e-004	-2.383621e-013	2.383900e-013	-2.694378e-011	9.535040e-004	1.364873e-003	9.535040e-004	-4.904459e-005	4.904459e-005	2.385854e-013	-2.395270e-013	2.318377e-003
1.084951285021031e-003	-7.008290e-002	-6.991720e-002	-5.000000e+000	-2.541434e+000	-2.458566e+000	-2.500083e+000	-2.499917e+000	-2.500000e+000	-2.500000e+000	-2.570000e+000	-2.570000e+000	2.349054e-011	-2.349054e-011	-1.961682e-003	1.961682e-003	-8.270256e-004	-2.067419e-013	2.067709e-013	-2.327738e-011	8.270256e-004	1.183828e-003	8.270256e-004	-4.917132e-005	4.917132e-005	2.051709e-013	-2.056686e-013	2.010854e-003
1.087951285021030e-003	-7.007170e-002	-6.992841e-002	-5.000000e+000	-2.535956e+000	-2.464044e+000	-2.500072e+000	-2.499928e+000	-2.500000e+000	-2.500000e+000	-2.570000e+000	-2.570000e+000	2.029310e-011	-2.029310e-011	-1.695740e-003	1.695740e-003	-7.176937e-004	-1.794084e-013	1.794385e-013	-2.012257e-011	7.176937e-004	1.027327e-003	7.176937e-004	-4.928087e-005	4.928087e-005	1.808532e-013	-1.809068e-013	1.745021e-003
1.090951285021030e-003	-7.006240e-002	-6.993771e-002	-5.000000e+000	-2.531221e+000	-2.468779e+000	-2.500062e+000	-2.499938e+000	-2.500000e+000	-2.500000e+000	-2.570000e+000	-2.570000e+000	1.755041e-011	-1.755041e-011	-1.465851e-003	1.465851e-003	-6.231838e-004	-1.557804e-013	1.558115e-013	-1.740830e-011	6.231838e-004	8.920431e-004	6.231838e-004	-4.937557e-005	4.937557e-005	1.564072e-013	-1.555727e-013	1.515227e-003
1.093951285021030e-003	-7.005405e-002	-6.994605e-002	-5.000000e+000	-2.527128e+000	-2.472872e+000	-2.500054e+000	-2.499946e+000	-2.500000e+000	-2.500000e+000	-2.570000e+000	-2.570000e+000	1.516298e-011	-1.516298e-011	-1.267128e-003	1.267128e-003	-5.414864e-004	-1.353555e-013	1.353877e-013	-1.504930e-011	5.414864e-004	7.750991e-004	5.414864e-004	-4.945743e-005	4.945743e-005	1.361365e-013	-1.361903e-013	1.316586e-003
1.096951285021030e-003	-7.004738e-002	-6.995273e-002	-5.000000e+000	-2.523590e+000	-2.476410e+000	-2.500047e+000	-2.499953e+000	-2.500000e+000	-2.500000e+000	-2.570000e+000	-2.570000e+000	1.311662e-011	-1.311662e-011	-1.095346e-003	1.095346e-003	-4.708646e-004	-1.176995e-013	1.177328e-013	-1.300293e-011	4.708646e-004	6.740091e-004	4.708646e-004	-4.952819e-005	4.952819e-005	1.176413e-013	-1.181392e-013	1.144874e-003
1.099951285021029e-003	-7.004094e-002	-6.995916e-002	-5.000000e+000	-2.520532e+000	-2.479468e+000	-2.500041e+000	-2.499959e+000	-2.500000e+000	-2.500000e+000	-2.570000e+000	-2.570000e+000	1.134026e-011	-1.134026e-011	-9.468513e-004	9.468513e-004	-4.098169e-004	-1.024371e-013	1.024714e-013	-1.124079e-011	4.098170e-004	5.866237e-004	4.098169e-004	-4.958937e-005	4.958937e-005	1.019397e-013	-1.024377e-013	9.964406e-004
1.102951285021029e-003	-7.003593e-002	-6.996417e-002	-5.000000e+000	-2.517888e+000	-2.482112e+000	-2.500036e+000	-2.499964e+000	-2.500000e+000	-2.500000e+000	-2.570000e+000	-2.570000e+000	9.805490e-012	-9.805490e-012	-8.184881e-004	8.184881e-004	-3.570454e-004	-8.924365e-014	8.927906e-014	-9.706014e-012	3.570454e-004	5.110850e-004	3.570454e-004	-4.964224e-005	4.964224e-005	9.047586e-014	-9.052982e-014	8.681304e-004
1.105951285021029e-003	-7.003093e-002	-6.996918e-002	-5.000000e+000	-2.515603e+000	-2.484397e+000	-2.500031e+000	-2.499969e+000	-2.500000e+000	-2.500000e+000	-2.570000e+000	-2.570000e+000	8.483880e-012	-8.483880e-012	-7.075269e-004	7.075269e-004	-3.114280e-004	-7.783876e-014	7.787524e-014	-8.384404e-012	3.114280e-004	4.457869e-004	3.114280e-004	-4.968795e-005	4.968795e-005	7.915482e-014	-7.965290e-014	7.572149e-004
1.108951285021029e-003	-7.002735e-002	-6.997275e-002	-5.000000e+000	-2.513627e+000	-2.486373e+000	-2.500027e+000	-2.499973e+000	-2.500000e+000	-2.500000e+000	-2.570000e+000	-2.570000e+000	7.318590e-012	-7.318590e-012	-6.116086e-004	6.116086e-004	-2.719949e-004	-6.797995e-014	6.801749e-014	-7.261747e-012	2.719949e-004	3.893412e-004	2.719949e-004	-4.972746e-005	4.972746e-005	6.742838e-014	-6.748243e-014	6.613361e-004
1.111951285021028e-003	-7.002378e-002	-6.997633e-002	-5.000000e+000	-2.511919e+000	-2.488081e+000	-2.500024e+000	-2.499976e+000	-2.500000e+000	-2.500000e+000	-2.570000e+000	-2.570000e+000	6.338041e-012	-6.338041e-012	-5.286938e-004	5.286938e-004	-2.379076e-004	-5.945761e-014	5.949622e-014	-6.281198e-012	2.379076e-004	3.405478e-004	2.379076e-004	-4.976162e-005	4.976162e-005	6.039129e-014	-5.955727e-014	5.784554e-004
1.114951285021028e-003	-7.002115e-002	-6.997895e-002	-5.000000e+000	-2.510443e+000	-2.489557e+000	-2.500021e+000	-2.499979e+000	-2.500000e+000	-2.500000e+000	-2.570000e+000	-2.570000e+000	5.485390e-012	-5.485390e-012	-4.570196e-004	4.570196e-004	-2.084415e-004	-5.209055e-014	5.213023e-014	-5.428547e-012	2.084416e-004	2.983692e-004	2.084415e-004	-4.979114e-005	4.979114e-005	5.286815e-014	-5.203418e-014	5.068107e-004
1.117951285021028e-003	-7.001805e-002	-6.998205e-002	-5.000000e+000	-2.509167e+000	-2.490833e+000	-2.500018e+000	-2.499982e+000	-2.500000e+000	-2.500000e+000	-2.570000e+000	-2.570000e+000	4.732215e-012	-4.732215e-012	-3.950621e-004	3.950621e-004	-1.829701e-004	-4.572215e-014	4.576292e-014	-4.675371e-012	1.829702e-004	2.619087e-004	1.829701e-004	-4.981666e-005	4.981666e-005	4.479496e-014	-4.529329e-014	4.448788e-004
1.120951285021028e-003	-7.001638e-002	-6.998372e-002	-5.000000e+000	-2.508064e+000	-2.491936e+000	-2.500016e+000	-2.499984e+000	-2.500000e+000	-2.500000e+000	-2.570000e+000	-2.570000e+000	4.092726e-012	-4.092726e-012	-3.415042e-004	3.415042e-004	-1.609519e-004	-4.021706e-014	4.025887e-014	-4.035883e-012	1.609519e-004	2.303911e-004	1.609519e-004	-4.983873e-005	4.983873e-005	4.077165e-014	-4.127001e-014	3.913429e-004
1.123951285021027e-003	-7.001400e-002	-6.998610e-002	-5.000000e+000	-2.507110e+000	-2.492890e+000	-2.500014e+000	-2.499986e+000	-2.500000e+000	-2.500000e+000	-2.570000e+000	-2.570000e+000	3.538503e-012	-3.538503e-012	-2.952070e-004	2.952070e-004	-1.419185e-004	-3.545818e-014	3.550109e-014	-3.481659e-012	1.419185e-004	2.031463e-004	1.419185e-004	-4.985780e-005	4.985780e-005	3.634530e-014	-3.551143e-014	3.450648e-004
1.126951285021027e-003	-7.001281e-002	-6.998730e-002	-5.000000e+000	-2.506286e+000	-2.493714e+000	-2.500013e+000	-2.499987e+000	-2.500000e+000	-2.500000e+000	-2.570000e+000	-2.570000e+000	3.069545e-012	-3.069545e-012	-2.551863e-004	2.551863e-004	-1.254656e-004	-3.134441e-014	3.138837e-014	-3.012701e-012	1.254656e-004	1.795950e-004	1.254656e-004	-4.987428e-005	4.987428e-005	3.217429e-014	-3.311682e-014	3.050605e-004
1.129951285021027e-003	-7.001090e-002	-6.998920e-002	-5.000000e+000	-2.505573e+000	-2.494427e+000	-2.500011e+000	-2.499989e+000	-2.500000e+000	-2.500000e+000	-2.570000e+000	-2.570000e+000	2.643219e-012	-2.643219e-012	-2.205911e-004	2.205911e-004	-1.112431e-004	-2.778826e-014	2.783328e-014	-2.614797e-012	1.112431e-004	1.592365e-004	1.112431e-004	-4.988853e-005	4.988853e-005	2.880963e-014	-2.753179e-014	2.704796e-004
1.132951285021027e-003	-7.001019e-002	-6.998992e-002	-5.000000e+000	-2.504957e+000	-2.495043e+000	-2.500010e+000	-2.499990e+000	-2.500000e+000	-2.500000e+000	-2.570000e+000	-2.570000e+000	2.273737e-012	-2.273737e-012	-1.906859e-004	1.906859e-004	-9.894871e-005	-2.471413e-014	2.476022e-014	-2.259526e-012	9.894871e-005	1.416380e-004	9.894871e-005	-4.990085e-005	4.990085e-005	2.629398e-014	-2.546026e-014	2.405867e-004
1.135951285021026e-003	-7.000875e-002	-6.999135e-002	-5.000000e+000	-2.504425e+000	-2.495575e+000	-2.500009e+000	-2.499991e+000	-2.500000e+000	-2.500000e+000	-2.570000e+000	-2.570000e+000	1.975309e-012	-1.975309e-012	-1.648349e-004	1.648349e-004	-8.832107e-005	-2.205669e-014	2.210385e-014	-1.946887e-012	8.832107e-005	1.264253e-004	8.832107e-005	-4.991150e-005	4.991150e-005	2.255055e-014	-2.216097e-014	2.147464e-004
1.138951285021026e-003	-7.000804e-002	-6.999207e-002	-5.000000e+000	-2.503965e+000	-2.496035e+000	-2.500008e+000	-2.499992e+000	-2.500000e+000	-2.500000e+000	-2.570000e+000	-2.570000e+000	1.705303e-012	-1.705303e-012	-1.424885e-004	1.424885e-004	-7.913421e-005	-1.975945e-014	1.980765e-014	-1.691092e-012	7.913422e-005	1.132750e-004	7.913421e-005	-4.992071e-005	4.992071e-005	2.138447e-014	-1.966268e-014	1.924092e-004
1.141951285021026e-003	-7.000709e-002	-6.999302e-002	-5.000000e+000	-2.503567e+000	-2.496433e+000	-2.500007e+000	-2.499993e+000	-2.500000e+000	-2.500000e+000	-2.570000e+000	-2.570000e+000	1.477929e-012	-1.477929e-012	-1.231715e-004	1.231715e-004	-7.119280e-005	-1.777357e-014	1.782283e-014	-1.477929e-012	7.119280e-005	1.019074e-004	7.119280e-005	-4.992867e-005	4.992867e-005	1.781951e-014	-1.787416e-014	1.731002e-004
1.144951285021026e-003	-7.000661e-002	-6.999350e-002	-5.000000e+000	-2.503223e+000	-2.496777e+000	-2.500006e+000	-2.499994e+000	-2.500000e+000	-2.500000e+000	-2.570000e+000	-2.570000e+000	1.264766e-012	-1.264766e-012	-1.064734e-004	1.064734e-004	-6.432799e-005	-1.605682e-014	1.610718e-014	-1.264766e-012	6.432799e-005	9.208092e-005	6.432799e-005	-4.993554e-005	4.993554e-005	1.640416e-014	-1.601482e-014	1.564089e-004
1.147951285021025e-003	-7.000566e-002	-6.999445e-002	-5.000000e+000	-2.502925e+000	-2.497075e+000	-2.500006e+000	-2.499994e+000	-2.500000e+000	-2.500000e+000	-2.570000e+000	-2.570000e+000	1.094236e-012	-1.094236e-012	-9.203893e-005	9.203893e-005	-5.839383e-005	-1.457274e-014	1.462417e-014	-1.094236e-012	5.839383e-005	8.358659e-005	5.839383e-005	-4.994149e-005	4.994149e-005	1.642356e-014	-1.603428e-014	1.419804e-004
1.150951285021025e-003	-7.000542e-002	-6.999469e-002	-5.000000e+000	-2.502669e+000	-2.497331e+000	-2.500005e+000	-2.499995e+000	-2.500000e+000	-2.500000e+000	-2.570000e+000	-2.570000e+000	9.663381e-013	-9.663381e-013	-7.956136e-005	7.956136e-005	-5.326416e-005	-1.328980e-014	1.334228e-014	-9.237056e-013	5.326416e-005	7.624383e-005	5.326416e-005	-4.994663e-005	4.994663e-005	1.473504e-014	-1.478991e-014	1.295080e-004
1.153951285021025e-003	-7.000470e-002	-6.999540e-002	-5.000000e+000	-2.502446e+000	-2.497554e+000	-2.500005e+000	-2.499995e+000	-2.500000e+000	-2.500000e+000	-2.570000e+000	-2.570000e+000	8.384404e-013	-8.384404e-013	-6.877535e-005	6.877535e-005	-4.882990e-005	-1.218070e-014	1.223425e-014	-8.100187e-013	4.882990e-005	6.989652e-005	4.882990e-005	-4.995107e-005	4.995107e-005	1.298390e-014	-1.081837e-014	1.187264e-004
1.156951285021025e-003	-7.000470e-002	-6.999540e-002	-5.000000e+000	-2.502254e+000	-2.497746e+000	-2.500005e+000	-2.499995e+000	-2.500000e+000	-2.500000e+000	-2.570000e+000	-2.570000e+000	7.105427e-013	-7.105427e-013	-5.945158e-005	5.945158e-005	-4.499680e-005	-1.122190e-014	1.127650e-014	-6.821210e-013	4.499680e-005	6.440970e-005	4.499680e-005	-4.995491e-005	4.995491e-005	1.283646e-014	-1.155917e-014	1.094065e-004
1.159951285021024e-003	-7.000399e-002	-6.999612e-002	-5.000000e+000	-2.502088e+000	-2.497912e+000	-2.500004e+000	-2.499996e+000	-2.500000e+000	-2.500000e+000	-2.570000e+000	-2.570000e+000	6.252776e-013	-6.252776e-013	-5.139182e-005	5.139182e-005	-4.168334e-005	-1.039300e-014	1.044867e-014	-6.110668e-013	4.168334e-005	5.966672e-005	4.168334e-005	-4.995823e-005	4.995823e-005	1.039177e-014	-1.089089e-014	1.013501e-004
1.162951285021024e-003	-7.000399e-002	-6.999612e-002	-5.000000e+000	-2.501945e+000	-2.498055e+000	-2.500004e+000	-2.499996e+000	-2.500000e+000	-2.500000e+000	-2.570000e+000	-2.570000e+000	5.258016e-013	-5.258016e-013	-4.442471e-005	4.442471e-005	-3.881908e-005	-9.676416e-015	9.733123e-015	-5.115908e-013	3.881908e-005	5.556674e-005	3.881908e-005	-4.996110e-005	4.996110e-005	9.363112e-015	-8.530031e-015	9.438582e-005
1.165951285021024e-003	-7.000351e-002	-6.999660e-002	-5.000000e+000	-2.501821e+000	-2.498179e+000	-2.500004e+000	-2.499996e+000	-2.500000e+000	-2.500000e+000	-2.570000e+000	-2.570000e+000	4.547474e-013	-4.547474e-013	-3.840213e-005	3.840213e-005	-3.634312e-005	-9.056891e-015	9.114671e-015	-4.547474e-013	3.634312e-005	5.202259e-005	3.634312e-005	-4.996359e-005	4.996359e-005	9.552660e-015	-9.163704e-015	8.836570e-005
1.168951285021024e-003	-7.000351e-002	-6.999660e-002	-5.000000e+000	-2.501714e+000	-2.498286e+000	-2.500003e+000	-2.499997e+000	-2.500000e+000	-2.500000e+000	-2.570000e+000	-2.570000e+000	3.979039e-013	-3.979039e-013	-3.319601e-005	3.319601e-005	-3.420283e-005	-8.521280e-015	8.580135e-015	-3.979039e-013	3.420283e-005	4.895891e-005	3.420283e-005	-4.996573e-005	4.996573e-005	1.018149e-014	-8.016277e-015	8.316174e-005
1.171951285021023e-003	-7.000327e-002	-6.999683e-002	-5.000000e+000	-2.501621e+000	-2.498379e+000	-2.500003e+000	-2.499997e+000	-2.500000e+000	-2.500000e+000	-2.570000e+000	-2.570000e+000	3.410605e-013	-3.410605e-013	-2.869568e-005	2.869568e-005	-3.235269e-005	-8.058214e-015	8.118133e-015	-3.410605e-013	3.235269e-005	4.631057e-005	3.235269e-005	-4.996758e-005	4.996758e-005	8.124169e-015	-9.511727e-015	7.866326e-005
1.174951285021023e-003	-7.000327e-002	-6.999683e-002	-5.000000e+000	-2.501541e+000	-2.498459e+000	-2.500003e+000	-2.499997e+000	-2.500000e+000	-2.500000e+000	-2.570000e+000	-2.570000e+000	2.984279e-013	-2.984279e-013	-2.480545e-005	2.480545e-005	-3.075337e-005	-7.657862e-015	7.718825e-015	-2.984279e-013	3.075337e-005	4.402126e-005	3.075337e-005	-4.996919e-005	4.996919e-005	8.395452e-015	-8.450805e-015	7.477464e-005
1.177951285021023e-003	-7.000279e-002	-6.999731e-002	-5.000000e+000	-2.501472e+000	-2.498528e+000	-2.500003e+000	-2.499997e+000	-2.500000e+000	-2.500000e+000	-2.570000e+000	-2.570000e+000	2.700062e-013	-2.700062e-013	-2.144261e-005	2.144261e-005	-2.937087e-005	-7.311707e-015	7.373730e-015	-2.273737e-013	2.937087e-005	4.204231e-005	2.937087e-005	-4.997057e-005	4.997057e-005	8.278572e-015	-7.889897e-015	7.141318e-005
1.180951285021023e-003	-7.000303e-002	-6.999707e-002	-5.000000e+000	-2.501412e+000	-2.498588e+000	-2.500003e+000	-2.499997e+000	-2.500000e+000	-2.500000e+000	-2.570000e+000	-2.570000e+000	2.273737e-013	-2.131628e-013	-1.853567e-005	1.853567e-005	-2.817580e-005	-7.012418e-015	7.075481e-015	-2.131628e-013	2.817580e-005	4.033164e-005	2.817580e-005	-4.997177e-005	4.997177e-005	6.630453e-015	-6.685937e-015	6.850744e-005
1.183951285021022e-003	-7.000256e-002	-6.999755e-002	-5.000000e+000	-2.501360e+000	-2.498640e+000	-2.500003e+000	-2.499997e+000	-2.500000e+000	-2.500000e+000	-2.570000e+000	-2.570000e+000	1.705303e-013	-1.705303e-013	-1.602282e-005	1.602282e-005	-2.714273e-005	-6.753632e-015	6.817736e-015	-1.705303e-013	2.714274e-005	3.885289e-005	2.714273e-005	-4.997280e-005	4.997280e-005	7.296189e-015	-7.351745e-015	6.599562e-005
1.186951285021022e-003	-7.000279e-002	-6.999731e-002	-5.000000e+000	-2.501315e+000	-2.498685e+000	-2.500003e+000	-2.499997e+000	-2.500000e+000	-2.500000e+000	-2.570000e+000	-2.570000e+000	1.705303e-013	-1.563194e-013	-1.385063e-005	1.385063e-005	-2.624972e-005	-6.529858e-015	6.595004e-015	-1.563194e-013	2.624972e-005	3.757460e-005	2.624972e-005	-4.997370e-005	4.997370e-005	7.766880e-015	-6.490243e-015	6.382433e-005
1.189951285021022e-003	-7.000232e-002	-6.999779e-002	-5.000000e+000	-2.501276e+000	-2.498724e+000	-2.500002e+000	-2.499998e+000	-2.500000e+000	-2.500000e+000	-2.570000e+000	-2.570000e+000	1.563194e-013	-1.563194e-013	-1.197292e-005	1.197292e-005	-2.547778e-005	-6.336351e-015	6.402537e-015	-1.278977e-013	2.547778e-005	3.646962e-005	2.547778e-005	-4.997447e-005	4.997447e-005	7.733645e-015	-7.345222e-015	6.194739e-005
1.192951285021022e-003	-7.000256e-002	-6.999755e-002	-5.000000e+000	-2.501243e+000	-2.498757e+000	-2.500002e+000	-2.499998e+000	-2.500000e+000	-2.500000e+000	-2.570000e+000	-2.570000e+000	1.278977e-013	-1.278977e-013	-1.034977e-005	1.034977e-005	-2.481048e-005	-6.169007e-015	6.236233e-015	-1.278977e-013	2.481048e-005	3.551443e-005	2.481048e-005	-4.997514e-005	4.997514e-005	6.907426e-015	-6.963143e-015	6.032491e-005
1.195951285021021e-003	-7.000232e-002	-6.999779e-002	-5.000000e+000	-2.501214e+000	-2.498786e+000	-2.500002e+000	-2.499998e+000	-2.500000e+000	-2.500000e+000	-2.570000e+000	-2.570000e+000	1.136868e-013	-1.136868e-013	-8.946669e-006	8.946669e-006	-2.423365e-005	-6.024279e-015	6.092546e-015	-9.947598e-014	2.423365e-005	3.468874e-005	2.423365e-005	-4.997572e-005	4.997572e-005	7.214158e-015	-6.825828e-015	5.892239e-005
1.198951285021021e-003	-7.000256e-002	-6.999755e-002	-5.000000e+000	-2.501189e+000	-2.498811e+000	-2.500002e+000	-2.499998e+000	-2.500000e+000	-2.500000e+000	-2.570000e+000	-2.570000e+000	9.947598e-014	-9.947598e-014	-7.733783e-006	7.733783e-006	-2.373502e-005	-5.899106e-015	5.968403e-015	-9.947598e-014	2.373502e-005	3.397498e-005	2.373502e-005	-4.997622e-005	4.997622e-005	6.495374e-015	-6.551160e-015	5.771000e-005
1.201951285021021e-003	-7.000232e-002	-6.999779e-002	-5.000000e+000	-2.501168e+000	-2.498832e+000	-2.500002e+000	-2.499998e+000	-2.500000e+000	-2.500000e+000	-2.570000e+000	-2.570000e+000	7.105427e-014	-7.105427e-014	-6.685326e-006	6.685326e-006	-2.330399e-005	-5.790834e-015	5.861159e-015	-7.105427e-014	2.330398e-005	3.335799e-005	2.330399e-005	-4.997665e-005	4.997665e-005	6.814660e-015	-6.426435e-015	5.666198e-005
1.204951285021021e-003	-7.000256e-002	-6.999755e-002	-5.000000e+000	-2.501149e+000	-2.498851e+000	-2.500002e+000	-2.499998e+000	-2.500000e+000	-2.500000e+000	-2.570000e+000	-2.570000e+000	7.105427e-014	-7.105427e-014	-5.779007e-006	5.779007e-006	-2.293139e-005	-5.697164e-015	5.768530e-015	-5.684342e-014	2.293139e-005	3.282464e-005	2.293139e-005	-4.997702e-005	4.997702e-005	6.734649e-015	-6.790584e-015	5.575603e-005
1.207951285021020e-003	-7.000232e-002	-6.999779e-002	-5.000000e+000	-2.501133e+000	-2.498867e+000	-2.500002e+000	-2.499998e+000	-2.500000e+000	-2.500000e+000	-2.570000e+000	-2.570000e+000	5.684342e-014	-5.684342e-014	-4.995556e-006	4.995556e-006	-2.260930e-005	-5.616122e-015	5.688528e-015	-5.684342e-014	2.260930e-005	3.236360e-005	2.260930e-005	-4.997735e-005	4.997735e-005	4.659356e-015	-5.603518e-015	5.497290e-005
1.210951285021020e-003	-7.000256e-002	-6.999755e-002	-5.000000e+000	-2.501119e+000	-2.498881e+000	-2.500002e+000	-2.499998e+000	-2.500000e+000	-2.500000e+000	-2.570000e+000	-2.570000e+000	4.263256e-014	-4.263256e-014	-4.318316e-006	4.318316e-006	-2.233088e-005	-5.545997e-015	5.619444e-015	-4.263256e-014	2.233088e-005	3.196506e-005	2.233088e-005	-4.997763e-005	4.997763e-005	5.697620e-015	-5.753675e-015	5.429594e-005
1.213951285021020e-003	-7.000208e-002	-6.999803e-002	-5.000000e+000	-2.501107e+000	-2.498893e+000	-2.500002e+000	-2.499998e+000	-2.500000e+000	-2.500000e+000	-2.570000e+000	-2.570000e+000	5.684342e-014	-5.684342e-014	-3.732889e-006	3.732889e-006	-2.209020e-005	-5.485307e-015	5.559795e-015	-4.263256e-014	2.209020e-005	3.162055e-005	2.209020e-005	-4.997787e-005	4.997787e-005	6.294781e-015	-5.906801e-015	5.371076e-005
1.216951285021020e-003	-7.000232e-002	-6.999779e-002	-5.000000e+000	-2.501096e+000	-2.498904e+000	-2.500002e+000	-2.499998e+000	-2.500000e+000	-2.500000e+000	-2.570000e+000	-2.570000e+000	4.263256e-014	-4.263256e-014	-3.226827e-006	3.226827e-006	-2.188216e-005	-5.432781e-015	5.508298e-015	-4.263256e-014	2.188216e-005	3.132274e-005	2.188216e-005	-4.997807e-005	4.997807e-005	5.929947e-015	-5.542011e-015	5.320490e-005
1.219951285021019e-003	-7.000208e-002	-6.999803e-002	-5.000000e+000	-2.501087e+000	-2.498913e+000	-2.500002e+000	-2.499998e+000	-2.500000e+000	-2.500000e+000	-2.570000e+000	-2.570000e+000	1.421085e-014	-1.421085e-014	-2.789371e-006	2.789371e-006	-2.170231e-005	-5.387306e-015	5.463851e-015	-1.421085e-014	2.170231e-005	3.106531e-005	2.170231e-005	-4.997825e-005	4.997825e-005	7.246559e-015	-5.526450e-015	5.276762e-005
1.222951285021019e-003	-7.000232e-002	-6.999779e-002	-5.000000e+000	-2.501080e+000	-2.498920e+000	-2.500002e+000	-2.499998e+000	-2.500000e+000	-2.500000e+000	-2.570000e+000	-2.570000e+000	4.263256e-014	-4.263256e-014	-2.411220e-006	2.411220e-006	-2.154685e-005	-5.347920e-015	5.425506e-015	-4.263256e-014	2.154685e-005	3.084278e-005	2.154685e-005	-4.997841e-005	4.997841e-005	5.507189e-015	-6.007592e-015	5.238963e-005
1.225951285021019e-003	-7.000208e-002	-6.999803e-002	-5.000000e+000	-2.501073e+000	-2.498927e+000	-2.500002e+000	-2.499998e+000	-2.500000e+000	-2.500000e+000	-2.570000e+000	-2.570000e+000	1.421085e-014	-1.421085e-014	-2.084335e-006	2.084335e-006	-2.141246e-005	-5.313803e-015	5.392430e-015	-1.421085e-014	2.141246e-005	3.065042e-005	2.141246e-005	-4.997855e-005	4.997855e-005	6.898630e-015	-6.510907e-015	5.206288e-005
1.228951285021019e-003	-7.000232e-002	-6.999779e-002	-5.000000e+000	-2.501067e+000	-2.498933e+000	-2.500002e+000	-2.499998e+000	-2.500000e+000	-2.500000e+000	-2.570000e+000	-2.570000e+000	2.842171e-014	-2.842171e-014	-1.801765e-006	1.801765e-006	-2.129630e-005	-5.284240e-015	5.363908e-015	-2.842171e-014	2.129630e-005	3.048413e-005	2.129630e-005	-4.997866e-005	4.997866e-005	6.855924e-015	-6.468251e-015	5.178043e-005
1.231951285021018e-003	-7.000208e-002	-6.999803e-002	-5.000000e+000	-2.501062e+000	-2.498938e+000	-2.500002e+000	-2.499998e+000	-2.500000e+000	-2.500000e+000	-2.570000e+000	-2.570000e+000	1.421085e-014	-1.421085e-014	-1.557502e-006	1.557502e-006	-2.119588e-005	-5.258616e-015	5.339324e-015	-1.421085e-014	2.119588e-005	3.034039e-005	2.119588e-005	-4.997876e-005	4.997876e-005	6.566555e-015	-6.178911e-015	5.153626e-005
1.234951285021018e-003	-7.000232e-002	-6.999779e-002	-5.000000e+000	-2.501058e+000	-2.498942e+000	-2.500002e+000	-2.499998e+000	-2.500000e+000	-2.500000e+000	-2.570000e+000	-2.570000e+000	2.842171e-014	-2.842171e-014	-1.346354e-006	1.346354e-006	-2.110907e-005	-5.236401e-015	5.318135e-015	-1.421085e-014	2.110907e-005	3.021613e-005	2.110907e-005	-4.997885e-005	4.997885e-005	6.816190e-015	-5.540383e-015	5.132520e-005
1.237951285021018e-003	-7.000208e-002	-6.999803e-002	-5.000000e+000	-2.501054e+000	-2.498946e+000	-2.500002e+000	-2.499998e+000	-2.500000e+000	-2.500000e+000	-2.570000e+000	-2.570000e+000	1.421085e-014	-1.421085e-014	-1.163831e-006	1.163831e-006	-2.103403e-005	-5.217155e-015	5.299863e-015	-1.421085e-014	2.103404e-005	3.010872e-005	2.103403e-005	-4.997892e-005	4.997892e-005	6.266802e-015	-4.546936e-015	5.114276e-005
1.240951285021018e-003	-7.000232e-002	-6.999779e-002	-5.000000e+000	-2.501050e+000	-2.498950e+000	-2.500002e+000	-2.499998e+000	-2.500000e+000	-2.500000e+000	-2.570000e+000	-2.570000e+000	1.421085e-014	-1.421085e-014	-1.006052e-006	1.006052e-006	-2.096917e-005	-5.200447e-015	5.284138e-015	-1.421085e-014	2.096917e-005	3.001587e-005	2.096917e-005	-4.997899e-005	4.997899e-005	4.612392e-015	-5.557122e-015	5.098504e-005
1.243951285021017e-003	-7.000208e-002	-6.999803e-002	-5.000000e+000	-2.501048e+000	-2.498952e+000	-2.500002e+000	-2.499998e+000	-2.500000e+000	-2.500000e+000	-2.570000e+000	-2.570000e+000	1.421085e-014	-1.421085e-014	-8.696634e-007	8.696634e-007	-2.091310e-005	-5.185930e-015	5.270619e-015	-1.421085e-014	2.091310e-005	2.993561e-005	2.091310e-005	-4.997904e-005	4.997904e-005	7.060590e-015	-5.784965e-015	5.084871e-005
1.246951285021017e-003	-7.000232e-002	-6.999779e-002	-5.000000e+000	-2.501045e+000	-2.498955e+000	-2.500002e+000	-2.499998e+000	-2.500000e+000	-2.500000e+000	-2.570000e+000	-2.570000e+000	1.421085e-014	-1.421085e-014	-7.517645e-007	7.517645e-007	-2.086463e-005	-5.173302e-015	5.259013e-015	-1.421085e-014	2.086463e-005	2.986623e-005	2.086463e-005	-4.997909e-005	4.997909e-005	6.604303e-015	-5.772806e-015	5.073086e-005
1.249951285021017e-003	-7.000208e-002	-6.999803e-002	-5.000000e+000	-2.501043e+000	-2.498957e+000	-2.500002e+000	-2.499998e+000	-2.500000e+000	-2.500000e+000	-2.570000e+000	-2.570000e+000	1.421085e-014	-1.421085e-014	-6.498489e-007	6.498489e-007	-2.082273e-005	-5.162333e-015	5.249033e-015	1.421085e-014	2.082273e-005	2.980625e-005	2.082273e-005	-4.997913e-005	4.997913e-005	6.256461e-015	-4.980965e-015	5.062898e-005
1.252951285021017e-003	-7.000208e-002	-6.999803e-002	-5.000000e+000	-2.501041e+000	-2.498959e+000	-2.500002e+000	-2.499998e+000	-2.500000e+000	-2.500000e+000	-2.570000e+000	-2.570000e+000	1.421085e-014	-1.421085e-014	-5.617500e-007	5.617500e-007	-2.078651e-005	-5.152769e-015	5.240487e-015	-1.421085e-014	2.078651e-005	2.975441e-005	2.078651e-005	-4.997917e-005	4.997917e-005	6.197904e-015	-5.810640e-015	5.054092e-005
1.255951285021016e-003	-7.000184e-002	-6.999826e-002	-5.000000e+000	-2.501040e+000	-2.498960e+000	-2.500002e+000	-2.499998e+000	-2.500000e+000	-2.500000e+000	-2.570000e+000	-2.570000e+000	-1.421085e-014	1.421085e-014	-4.855943e-007	4.855943e-007	-2.075521e-005	-5.144433e-015	5.233169e-015	1.421085e-014	2.075520e-005	2.970959e-005	2.075521e-005	-4.997920e-005	4.997920e-005	6.464479e-015	-5.633205e-015	5.046480e-005
1.258379856449588e-003	-7.000193e-002	-6.999829e-002	-5.000000e+000	-2.501039e+000	-2.498961e+000	-2.500002e+000	-2.499998e+000	-2.500000e+000	-2.500000e+000	-2.570000e+000	-2.570000e+000	-6.049114e-015	6.049114e-015	-4.329797e-007	4.329797e-007	-2.073357e-005	-5.138609e-015	5.228178e-015	1.440087e-014	2.073357e-005	2.967863e-005	2.073357e-005	-4.997923e-005	4.997923e-005	6.383905e-015	-5.787770e-015	5.041221e-005
1.260808427878159e-003	-7.000201e-002	-6.999829e-002	-5.000000e+000	-2.501038e+000	-2.498962e+000	-2.500002e+000	-2.499998e+000	-2.500000e+000	-2.500000e+000	-2.570000e+000	-2.570000e+000	7.454613e-016	-7.454613e-016	-3.849079e-007	3.849079e-007	-2.071381e-005	-5.133254e-015	5.223652e-015	1.317413e-014	2.071381e-005	2.965034e-005	2.071381e-005	-4.997925e-005	4.997925e-005	6.291406e-015	-5.852044e-015	5.036415e-005
1.263236999306730e-003	-7.000206e-002	-6.999828e-002	-5.000000e+000	-2.501037e+000	-2.498963e+000	-2.500002e+000	-2.499998e+000	-2.500000e+000	-2.500000e+000	-2.570000e+000	-2.570000e+000	6.172871e-015	-6.172871e-015	-3.413788e-007	3.413788e-007	-2.069592e-005	-5.128368e-015	5.219591e-015	1.053063e-014	2.069592e-005	2.962473e-005	2.069592e-005	-4.997926e-005	4.997926e-005	6.186981e-015	-5.826028e-015	5.032064e-005
1.265665570735301e-003	-7.000209e-002	-6.999824e-002	-5.000000e+000	-2.501036e+000	-2.498964e+000	-2.500002e+000	-2.499998e+000	-2.500000e+000	-2.500000e+000	-2.570000e+000	-2.570000e+000	1.023312e-014	-1.023312e-014	-3.023925e-007	3.023925e-007	-2.067989e-005	-5.123950e-015	5.215995e-015	6.470389e-015	2.067989e-005	2.960178e-005	2.067989e-005	-4.997928e-005	4.997928e-005	6.070632e-015	-5.709723e-015	5.028167e-005
1.268094142163873e-003	-7.000211e-002	-6.999819e-002	-5.000000e+000	-2.501035e+000	-2.498965e+000	-2.500002e+000	-2.499998e+000	-2.500000e+000	-2.500000e+000	-2.570000e+000	-2.570000e+000	1.292619e-014	-1.292619e-014	-2.679489e-007	2.679489e-007	-2.066573e-005	-5.120001e-015	5.212863e-015	9.933930e-016	2.066573e-005	2.958151e-005	2.066573e-005	-4.997929e-005	4.997929e-005	5.942358e-015	-5.503127e-015	5.024724e-005
1.270522713592444e-003	-7.000210e-002	-6.999812e-002	-5.000000e+000	-2.501035e+000	-2.498965e+000	-2.500002e+000	-2.499998e+000	-2.500000e+000	-2.500000e+000	-2.570000e+000	-2.570000e+000	1.425211e-014	-1.425211e-014	-2.380481e-007	2.380481e-007	-2.065344e-005	-5.116520e-015	5.210197e-015	-5.900355e-015	2.065344e-005	2.956392e-005	2.065344e-005	-4.997931e-005	4.997931e-005	5.802158e-015	-5.206241e-015	5.021735e-005
1.272951285021015e-003	-7.000208e-002	-6.999803e-002	-5.000000e+000	-2.501034e+000	-2.498966e+000	-2.500002e+000	-2.499998e+000	-2.500000e+000	-2.500000e+000	-2.570000e+000	-2.570000e+000	1.421085e-014	-1.421085e-014	-2.126900e-007	2.126900e-007	-2.064301e-005	-5.113509e-015	5.207996e-015	-1.421085e-014	2.064301e-005	2.954900e-005	2.064301e-005	-4.997932e-005	4.997932e-005	5.650034e-015	-4.819065e-015	5.019200e-005
1.276094142163872e-003	-7.000196e-002	-6.999814e-002	-5.000000e+000	-2.501034e+000	-2.498966e+000	-2.500002e+000	-2.499998e+000	-2.500000e+000	-2.500000e+000	-2.570000e+000	-2.570000e+000	6.636268e-015	-6.636268e-015	-1.837942e-007	1.837942e-007	-2.063113e-005	-5.110011e-015	5.205555e-015	-6.203982e-015	2.063113e-005	2.953199e-005	2.063113e-005	-4.997933e-005	4.997933e-005	5.703855e-015	-4.763039e-015	5.016312e-005
1.279236999306729e-003	-7.000188e-002	-6.999822e-002	-5.000000e+000	-2.501033e+000	-2.498967e+000	-2.500002e+000	-2.499998e+000	-2.500000e+000	-2.500000e+000	-2.570000e+000	-2.570000e+000	1.586544e-015	-1.586544e-015	-1.578820e-007	1.578820e-007	-2.062048e-005	-5.106821e-015	5.203418e-015	4.873486e-016	2.062048e-005	2.951674e-005	2.062048e-005	-4.997934e-005	4.997934e-005	5.741763e-015	-4.791173e-015	5.013722e-005
1.282379856449586e-003	-7.000185e-002	-6.999826e-002	-5.000000e+000	-2.501033e+000	-2.498967e+000	-2.500002e+000	-2.499998e+000	-2.500000e+000	-2.500000e+000	-2.570000e+000	-2.570000e+000	-9.383179e-016	9.383179e-016	-1.349535e-007	1.349535e-007	-2.061105e-005	-5.103939e-015	5.201587e-015	5.863136e-015	2.061105e-005	2.950325e-005	2.061105e-005	-4.997935e-005	4.997935e-005	5.763758e-015	-4.903465e-015	5.011430e-005
1.285522713592442e-003	-7.000185e-002	-6.999826e-002	-5.000000e+000	-2.501032e+000	-2.498968e+000	-2.500002e+000	-2.499998e+000	-2.500000e+000	-2.500000e+000	-2.570000e+000	-2.570000e+000	-9.383179e-016	9.383179e-016	-1.150085e-007	1.150085e-007	-2.060285e-005	-5.101364e-015	5.200062e-015	9.923380e-015	2.060285e-005	2.949151e-005	2.060285e-005	-4.997936e-005	4.997936e-005	5.769842e-015	-5.099917e-015	5.009436e-005
1.288665570735299e-003	-7.000188e-002	-6.999822e-002	-5.000000e+000	-2.501032e+000	-2.498968e+000	-2.500002e+000	-2.499998e+000	-2.500000e+000	-2.500000e+000	-2.570000e+000	-2.570000e+000	1.586544e-015	-1.586544e-015	-9.804723e-008	9.804723e-008	-2.059588e-005	-5.099097e-015	5.198842e-015	1.266808e-014	2.059588e-005	2.948153e-005	2.059588e-005	-4.997936e-005	4.997936e-005	5.760013e-015	-5.380527e-015	5.007741e-005
1.291808427878156e-003	-7.000196e-002	-6.999814e-002	-5.000000e+000	-2.501032e+000	-2.498968e+000	-2.500002e+000	-2.499998e+000	-2.500000e+000	-2.500000e+000	-2.570000e+000	-2.570000e+000	6.636268e-015	-6.636268e-015	-8.406954e-008	8.406954e-008	-2.059013e-005	-5.097138e-015	5.197928e-015	1.409724e-014	2.059013e-005	2.947331e-005	2.059013e-005	-4.997937e-005	4.997937e-005	5.734271e-015	-5.745297e-015	5.006344e-005
1.294951285021013e-003	-7.000208e-002	-6.999803e-002	-5.000000e+000	-2.501031e+000	-2.498969e+000	-2.500002e+000	-2.499998e+000	-2.500000e+000	-2.500000e+000	-2.570000e+000	-2.570000e+000	1.421085e-014	-1.421085e-014	-7.307547e-008	7.307547e-008	-2.058561e-005	-5.095487e-015	5.197320e-015	1.421085e-014	2.058561e-005	2.946684e-005	2.058561e-005	-4.997938e-005	4.997938e-005	5.692618e-015	-6.194227e-015	5.005245e-005
1.299522713592441e-003	-7.000196e-002	-6.999814e-002	-5.000000e+000	-2.501031e+000	-2.498969e+000	-2.500002e+000	-2.499998e+000	-2.500000e+000	-2.500000e+000	-2.570000e+000	-2.570000e+000	1.016495e-014	-1.016495e-014	-5.958397e-008	5.958397e-008	-2.058007e-005	-5.093338e-015	5.196695e-015	8.523434e-015	2.058007e-005	2.945890e-005	2.058007e-005	-4.997938e-005	4.997938e-005	5.949918e-015	-5.768689e-015	5.003896e-005
1.304094142163869e-003	-7.000188e-002	-6.999822e-002	-5.000000e+000	-2.501031e+000	-2.498969e+000	-2.500002e+000	-2.499998e+000	-2.500000e+000	-2.500000e+000	-2.570000e+000	-2.570000e+000	6.114263e-015	-6.114263e-015	-4.784551e-008	4.784552e-008	-2.057524e-005	-5.091373e-015	5.196248e-015	4.731821e-015	2.057524e-005	2.945199e-005	2.057524e-005	-4.997938e-005	4.997938e-005	6.142936e-015	-5.485365e-015	5.002723e-005
1.308665570735298e-003	-7.000185e-002	-6.999826e-002	-5.000000e+000	-2.501031e+000	-2.498969e+000	-2.500002e+000	-2.499998e+000	-2.500000e+000	-2.500000e+000	-2.570000e+000	-2.570000e+000	2.058798e-015	-2.058798e-015	-3.786010e-008	3.786011e-008	-2.057114e-005	-5.089591e-015	5.195977e-015	2.836014e-015	2.057114e-005	2.944611e-005	2.057114e-005	-4.997939e-005	4.997939e-005	6.271672e-015	-5.344256e-015	5.001725e-005
1.313236999306726e-003	-7.000185e-002	-6.999826e-002	-5.000000e+000	-2.501030e+000	-2.498970e+000	-2.500002e+000	-2.499998e+000	-2.500000e+000	-2.500000e+000	-2.570000e+000	-2.570000e+000	-2.001446e-015	2.001446e-015	-2.962774e-008	2.962774e-008	-2.056775e-005	-5.087992e-015	5.195884e-015	2.836014e-015	2.056775e-005	2.944127e-005	2.056775e-005	-4.997939e-005	4.997939e-005	6.336126e-015	-5.345360e-015	5.000902e-005
1.317808427878154e-003	-7.000188e-002	-6.999822e-002	-5.000000e+000	-2.501030e+000	-2.498970e+000	-2.500002e+000	-2.499998e+000	-2.500000e+000	-2.500000e+000	-2.570000e+000	-2.570000e+000	-6.066470e-015	6.066470e-015	-2.314842e-008	2.314843e-008	-2.056509e-005	-5.086577e-015	5.195967e-015	4.731821e-015	2.056509e-005	2.943746e-005	2.056509e-005	-4.997939e-005	4.997939e-005	6.336299e-015	-5.488678e-015	5.000254e-005
1.322379856449582e-003	-7.000196e-002	-6.999814e-002	-5.000000e+000	-2.501030e+000	-2.498970e+000	-2.500002e+000	-2.499998e+000	-2.500000e+000	-2.500000e+000	-2.570000e+000	-2.570000e+000	-1.013627e-014	1.013627e-014	-1.842215e-008	1.842215e-008	-2.056315e-005	-5.085346e-015	5.196227e-015	8.523434e-015	2.056314e-005	2.943467e-005	2.056315e-005	-4.997940e-005	4.997940e-005	6.272190e-015	-5.774210e-015	4.999782e-005
1.326951285021010e-003	-7.000208e-002	-6.999803e-002	-5.000000e+000	-2.501030e+000	-2.498970e+000	-2.500002e+000	-2.499998e+000	-2.500000e+000	-2.500000e+000	-2.570000e+000	-2.570000e+000	-1.421085e-014	1.421085e-014	-1.544892e-008	1.544892e-008	-2.056192e-005	-5.084297e-015	5.196664e-015	1.421085e-014	2.056192e-005	2.943292e-005	2.056192e-005	-4.997940e-005	4.997940e-005	6.143798e-015	-6.201956e-015	4.999484e-005
1.335951285021010e-003	-7.000210e-002	-6.999812e-002	-5.000000e+000	-2.501030e+000	-2.498970e+000	-2.500002e+000	-2.499998e+000	-2.500000e+000	-2.500000e+000	-2.570000e+000	-2.570000e+000	-3.355894e-015	3.355894e-015	-1.096434e-008	1.096435e-008	-2.056008e-005	-5.082368e-015	5.197671e-015	1.116569e-014	2.056008e-005	2.943028e-005	2.056008e-005	-4.997940e-005	4.997940e-005	5.851493e-015	-5.741731e-015	4.999036e-005
1.344951285021009e-003	-7.000211e-002	-6.999819e-002	-5.000000e+000	-2.501030e+000	-2.498970e+000	-2.500002e+000	-2.499998e+000	-2.500000e+000	-2.500000e+000	-2.570000e+000	-2.570000e+000	3.880746e-015	-3.880746e-015	-7.273481e-009	7.273483e-009	-2.055856e-005	-5.080529e-015	5.198751e-015	9.135575e-015	2.055856e-005	2.942811e-005	2.055856e-005	-4.997940e-005	4.997940e-005	5.706437e-015	-5.442487e-015	4.998667e-005
1.353951285021008e-003	-7.000209e-002	-6.999824e-002	-5.000000e+000	-2.501030e+000	-2.498970e+000	-2.500002e+000	-2.499998e+000	-2.500000e+000	-2.500000e+000	-2.570000e+000	-2.570000e+000	7.499066e-015	-7.499066e-015	-4.376329e-009	4.376330e-009	-2.055737e-005	-5.078780e-015	5.199905e-015	8.120519e-015	2.055737e-005	2.942641e-005	2.055737e-005	-4.997940e-005	4.997940e-005	5.708629e-015	-5.304223e-015	4.998378e-005
1.362951285021007e-003	-7.000206e-002	-6.999828e-002	-5.000000e+000	-2.501030e+000	-2.498970e+000	-2.500002e+000	-2.499998e+000	-2.500000e+000	-2.500000e+000	-2.570000e+000	-2.570000e+000	7.499066e-015	-7.499066e-015	-2.272888e-009	2.272890e-009	-2.055651e-005	-5.077121e-015	5.201132e-015	8.120519e-015	2.055651e-005	2.942517e-005	2.055651e-005	-4.997940e-005	4.997940e-005	5.858069e-015	-5.326940e-015	4.998168e-005
1.371951285021007e-003	-7.000201e-002	-6.999829e-002	-5.000000e+000	-2.501030e+000	-2.498970e+000	-2.500002e+000	-2.499998e+000	-2.500000e+000	-2.500000e+000	-2.570000e+000	-2.570000e+000	3.880746e-015	-3.880746e-015	-9.631598e-010	9.631611e-010	-2.055597e-005	-5.075552e-015	5.202431e-015	9.135575e-015	2.055597e-005	2.942440e-005	2.055597e-005	-4.997940e-005	4.997940e-005	6.154757e-015	-5.510637e-015	4.998037e-005
1.380951285021006e-003	-7.000193e-002	-6.999829e-002	-5.000000e+000	-2.501030e+000	-2.498970e+000	-2.500002e+000	-2.499998e+000	-2.500000e+000	-2.500000e+000	-2.570000e+000	-2.570000e+000	-3.355894e-015	3.355894e-015	-4.471429e-010	4.471440e-010	-2.055575e-005	-5.074073e-015	5.203804e-015	1.116569e-014	2.055575e-005	2.942409e-005	2.055575e-005	-4.997940e-005	4.997940e-005	6.598694e-015	-5.855314e-015	4.997985e-005
1.389951285021005e-003	-7.000184e-002	-6.999826e-002	-5.000000e+000	-2.501030e+000	-2.498970e+000	-2.500002e+000	-2.499998e+000	-2.500000e+000	-2.500000e+000	-2.570000e+000	-2.570000e+000	-1.421085e-014	1.421085e-014	-7.248377e-010	7.248386e-010	-2.055587e-005	-5.072685e-015	5.205250e-015	1.421085e-014	2.055587e-005	2.942426e-005	2.055587e-005	-4.997940e-005	4.997940e-005	7.189880e-015	-6.360972e-015	4.998013e-005
2.010951285020965e-003	-7.000208e-002	-6.999803e-002	-5.000000e+000	-2.501030e+000	-2.498970e+000	-2.500002e+000	-2.499998e+000	-2.500000e+000	-2.500000e+000	-2.570000e+000	-2.570000e+000	-1.421085e-014	1.421085e-014	6.661338e-016	6.661338e-016	-2.055557e-005	-4.985726e-015	5.292060e-015	1.421085e-014	2.055557e-005	2.942383e-005	2.055557e-005	-4.997940e-005	4.997940e-005	5.765980e-015	-6.279601e-015	4.997940e-005
3.034951285021101e-003	-7.000208e-002	-6.999803e-002	-5.000000e+000	-2.501030e+000	-2.498970e+000	-2.500002e+000	-2.499998e+000	-2.500000e+000	-2.500000e+000	-2.570000e+000	-2.570000e+000	-1.421085e-014	1.421085e-014	0.000000e+000	1.110223e-015	-2.055557e-005	-4.883200e-015	5.394585e-015	1.421085e-014	2.055557e-005	2.942383e-005	2.055557e-005	-4.997940e-005	4.997940e-005	5.757959e-015	-4.511267e-015	4.997940e-005
4.058951285021237e-003	-7.000208e-002	-6.999826e-002	-5.000000e+000	-2.501030e+000	-2.498970e+000	-2.500002e+000	-2.499998e+000	-2.500000e+000	-2.500000e+000	-2.570000e+000	-2.570000e+000	0.000000e+000	0.000000e+000	8.881784e-016	6.661338e-016	-2.055557e-005	-4.816277e-015	5.461508e-015	0.000000e+000	2.055557e-005	2.942383e-005	2.055557e-005	-4.997940e-005	4.997940e-005	5.306567e-015	-6.294918e-015	4.997940e-005
4.999951285021361e-003	-7.000208e-002	-6.999826e-002	-5.000000e+000	-2.501030e+000	-2.498970e+000	-2.500002e+000	-2.499998e+000	-2.500000e+000	-2.500000e+000	-2.570000e+000	-2.570000e+000	-2.490104e-011	2.490104e-011	-5.702275e-014	4.438082e-014	-2.055557e-005	-4.775508e-015	5.502252e-015	2.490236e-011	2.055555e-005	2.942383e-005	2.055557e-005	-4.997940e-005	4.997940e-005	4.835601e-015	-6.173173e-015	4.997940e-005
5.000000000000000e-003	-7.000208e-002	-6.999826e-002	-5.000000e+000	-2.501030e+000	-2.498970e+000	-2.500002e+000	-2.499998e+000	-2.500000e+000	-2.500000e+000	-2.570000e+000	-2.570000e+000	-2.617639e-011	2.617639e-011	-5.995204e-014	4.662937e-014	-2.055557e-005	-4.775507e-015	5.502252e-015	2.617639e-011	2.055554e-005	2.942383e-005	2.055557e-005	-4.997940e-005	4.997940e-005	4.834705e-015	-7.305354e-015	4.997940e-005
