time	V(N012,N005)	V(N013,N007)
0.000000000000000e+000	-7.000000e-002	-7.000000e-002
1.006310719994777e-003	-7.000009e-002	-7.000009e-002
2.030310719994708e-003	-7.000009e-002	-7.000009e-002
3.054310719994844e-003	-7.000009e-002	-7.000009e-002
4.078310719994979e-003	-7.000009e-002	-7.000009e-002
5.000000000000000e-003	-7.000009e-002	-7.000009e-002
5.000001399937283e-003	-7.000131e-002	-7.000091e-002
5.000004199811848e-003	-7.000384e-002	-7.000261e-002
5.000100000000000e-003	-7.009100e-002	-7.006129e-002
5.002040673822956e-003	-7.184387e-002	-7.124133e-002
5.003981347645911e-003	-7.357557e-002	-7.240712e-002
5.005922021468866e-003	-7.528613e-002	-7.355867e-002
5.007862695291821e-003	-7.697553e-002	-7.469598e-002
5.009803369114776e-003	-7.864378e-002	-7.581904e-002
5.011744042937731e-003	-8.029087e-002	-7.692787e-002
5.013684716760686e-003	-8.191681e-002	-7.802245e-002
5.014684716760687e-003	-8.274686e-002	-7.858127e-002
5.015684716760687e-003	-8.357158e-002	-7.913646e-002
5.016684716760687e-003	-8.439094e-002	-7.968807e-002
5.017684716760687e-003	-8.520502e-002	-8.023608e-002
5.019684716760687e-003	-8.681744e-002	-8.132154e-002
5.021684716760688e-003	-8.840901e-002	-8.239299e-002
5.023684716760688e-003	-8.998007e-002	-8.345062e-002
5.025684716760688e-003	-9.153080e-002	-8.449459e-002
5.028684716760688e-003	-9.381956e-002	-8.603543e-002
5.031684716760689e-003	-9.606421e-002	-8.754653e-002
5.034684716760689e-003	-9.826553e-002	-8.902848e-002
5.035444042937733e-003	-9.881579e-002	-8.939896e-002
5.036203369114778e-003	-9.936347e-002	-8.976768e-002
5.036962695291822e-003	-9.990857e-002	-9.013466e-002
5.037722021468867e-003	-1.004511e-001	-9.049988e-002
5.038481347645911e-003	-1.009910e-001	-9.086335e-002
5.039240673822956e-003	-1.015284e-001	-9.122507e-002
5.040000000000000e-003	-1.020632e-001	-9.158504e-002
5.040100000000001e-003	-1.020426e-001	-9.157109e-002
5.040300000000000e-003	-1.020010e-001	-9.154308e-002
5.046328571428572e-003	-1.007773e-001	-9.071935e-002
5.052357142857145e-003	-9.959660e-002	-8.992458e-002
5.058385714285717e-003	-9.845901e-002	-8.915877e-002
5.064414285714289e-003	-9.736446e-002	-8.842192e-002
5.070442857142861e-003	-9.631297e-002	-8.771403e-002
5.076471428571434e-003	-9.530452e-002	-8.703510e-002
5.082500000000005e-003	-9.433913e-002	-8.638513e-002
5.083500000000006e-003	-9.418201e-002	-8.627939e-002
5.100100000000001e-003	-9.171760e-002	-8.462036e-002
5.114014285714288e-003	-8.987944e-002	-8.338295e-002
5.127928571428576e-003	-8.817190e-002	-8.223346e-002
5.141842857142863e-003	-8.659497e-002	-8.117188e-002
5.155757142857150e-003	-8.514865e-002	-8.019821e-002
5.169671428571438e-003	-8.383295e-002	-7.931245e-002
5.183585714285725e-003	-8.264787e-002	-7.851461e-002
5.197500000000013e-003	-8.159339e-002	-7.780468e-002
5.211500000000015e-003	-8.061539e-002	-7.714630e-002
5.225500000000017e-003	-7.970724e-002	-7.653492e-002
5.239500000000018e-003	-7.886892e-002	-7.597056e-002
5.253500000000020e-003	-7.810045e-002	-7.545321e-002
5.267500000000022e-003	-7.740181e-002	-7.498287e-002
5.281500000000024e-003	-7.677302e-002	-7.455954e-002
5.295500000000026e-003	-7.621408e-002	-7.418323e-002
5.309500000000028e-003	-7.569877e-002	-7.383632e-002
5.323500000000030e-003	-7.522026e-002	-7.351418e-002
5.337500000000032e-003	-7.477855e-002	-7.321683e-002
5.351500000000033e-003	-7.437363e-002	-7.294425e-002
5.365500000000035e-003	-7.400550e-002	-7.269644e-002
5.379500000000037e-003	-7.367417e-002	-7.247341e-002
5.393500000000039e-003	-7.337964e-002	-7.227516e-002
5.407500000000041e-003	-7.310808e-002	-7.209235e-002
5.421500000000043e-003	-7.285593e-002	-7.192260e-002
5.435500000000045e-003	-7.262317e-002	-7.176591e-002
5.449500000000046e-003	-7.240980e-002	-7.162228e-002
5.463500000000048e-003	-7.221582e-002	-7.149171e-002
5.477500000000050e-003	-7.204125e-002	-7.137420e-002
5.491500000000052e-003	-7.188606e-002	-7.126975e-002
5.505500000000054e-003	-7.174298e-002	-7.117335e-002
5.519500000000056e-003	-7.161011e-002	-7.108386e-002
5.533500000000058e-003	-7.148746e-002	-7.100126e-002
5.547500000000059e-003	-7.137503e-002	-7.092556e-002
5.561500000000061e-003	-7.127282e-002	-7.085676e-002
5.575500000000063e-003	-7.118082e-002	-7.079486e-002
5.589500000000065e-003	-7.109904e-002	-7.073987e-002
5.603500000000067e-003	-7.102364e-002	-7.068912e-002
5.617500000000069e-003	-7.095363e-002	-7.064200e-002
5.631500000000071e-003	-7.088901e-002	-7.059849e-002
5.645500000000072e-003	-7.082978e-002	-7.055861e-002
5.659500000000074e-003	-7.077594e-002	-7.052234e-002
5.673500000000076e-003	-7.072749e-002	-7.048970e-002
5.687500000000078e-003	-7.068443e-002	-7.046068e-002
5.701500000000080e-003	-7.064472e-002	-7.043394e-002
5.715500000000082e-003	-7.060784e-002	-7.040911e-002
5.729500000000084e-003	-7.057379e-002	-7.038619e-002
5.743500000000085e-003	-7.054258e-002	-7.036517e-002
5.757500000000087e-003	-7.051419e-002	-7.034607e-002
5.771500000000089e-003	-7.048864e-002	-7.032887e-002
5.785500000000091e-003	-7.046592e-002	-7.031357e-002
5.799500000000093e-003	-7.044493e-002	-7.029942e-002
5.813500000000095e-003	-7.042544e-002	-7.028629e-002
5.827500000000097e-003	-7.040747e-002	-7.027418e-002
5.841500000000098e-003	-7.039100e-002	-7.026310e-002
5.855500000000100e-003	-7.037604e-002	-7.025303e-002
5.869500000000102e-003	-7.036259e-002	-7.024399e-002
5.883500000000104e-003	-7.035065e-002	-7.023597e-002
5.897642857142963e-003	-7.033953e-002	-7.022849e-002
5.911785714285822e-003	-7.032922e-002	-7.022154e-002
5.925928571428681e-003	-7.031970e-002	-7.021513e-002
5.940071428571540e-003	-7.031098e-002	-7.020926e-002
5.954214285714399e-003	-7.030306e-002	-7.020391e-002
5.968357142857258e-003	-7.029594e-002	-7.019911e-002
5.982500000000117e-003	-7.028961e-002	-7.019484e-002
5.996785714285833e-003	-7.028374e-002	-7.019087e-002
6.011071428571550e-003	-7.027829e-002	-7.018718e-002
6.025357142857265e-003	-7.027326e-002	-7.018379e-002
6.039642857142982e-003	-7.026864e-002	-7.018069e-002
6.053928571428698e-003	-7.026444e-002	-7.017788e-002
6.068214285714415e-003	-7.026067e-002	-7.017537e-002
6.082500000000130e-003	-7.025731e-002	-7.017314e-002
6.104500000000133e-003	-7.025266e-002	-7.017004e-002
6.119214285714421e-003	-7.024997e-002	-7.016822e-002
6.133928571428709e-003	-7.024747e-002	-7.016652e-002
6.148642857142997e-003	-7.024516e-002	-7.016494e-002
6.163357142857284e-003	-7.024303e-002	-7.016350e-002
6.178071428571572e-003	-7.024109e-002	-7.016217e-002
6.192785714285859e-003	-7.023933e-002	-7.016098e-002
6.207500000000147e-003	-7.023776e-002	-7.015991e-002
6.223071428571578e-003	-7.023628e-002	-7.015893e-002
6.238642857143009e-003	-7.023492e-002	-7.015802e-002
6.254214285714439e-003	-7.023368e-002	-7.015720e-002
6.269785714285869e-003	-7.023256e-002	-7.015645e-002
6.285357142857300e-003	-7.023155e-002	-7.015578e-002
6.300928571428731e-003	-7.023066e-002	-7.015518e-002
6.316500000000161e-003	-7.022989e-002	-7.015467e-002
6.333500000000164e-003	-7.022908e-002	-7.015413e-002
6.350500000000166e-003	-7.022834e-002	-7.015364e-002
6.367500000000168e-003	-7.022768e-002	-7.015320e-002
6.384500000000170e-003	-7.022710e-002	-7.015281e-002
6.401500000000173e-003	-7.022660e-002	-7.015247e-002
6.418500000000175e-003	-7.022618e-002	-7.015217e-002
6.435500000000177e-003	-7.022583e-002	-7.015193e-002
6.455357142857322e-003	-7.022541e-002	-7.015160e-002
6.475214285714469e-003	-7.022503e-002	-7.015132e-002
6.495071428571614e-003	-7.022468e-002	-7.015108e-002
6.514928571428759e-003	-7.022438e-002	-7.015087e-002
6.534785714285904e-003	-7.022411e-002	-7.015071e-002
6.554642857143050e-003	-7.022388e-002	-7.015058e-002
6.574500000000196e-003	-7.022369e-002	-7.015049e-002
6.600500000000199e-003	-7.022345e-002	-7.015029e-002
6.626500000000203e-003	-7.022324e-002	-7.015011e-002
6.652500000000206e-003	-7.022305e-002	-7.014996e-002
6.678500000000209e-003	-7.022290e-002	-7.014984e-002
6.704500000000213e-003	-7.022278e-002	-7.014975e-002
6.730500000000216e-003	-7.022268e-002	-7.014969e-002
6.756500000000220e-003	-7.022262e-002	-7.014966e-002
6.796500000000225e-003	-7.022254e-002	-7.014963e-002
6.836500000000230e-003	-7.022247e-002	-7.014959e-002
6.876500000000236e-003	-7.022240e-002	-7.014956e-002
6.916500000000241e-003	-7.022235e-002	-7.014952e-002
6.956500000000246e-003	-7.022231e-002	-7.014949e-002
6.996500000000252e-003	-7.022228e-002	-7.014946e-002
7.036500000000257e-003	-7.022226e-002	-7.014942e-002
7.128500000000269e-003	-7.022214e-002	-7.014930e-002
7.274642857143104e-003	-7.022215e-002	-7.014931e-002
7.420785714285938e-003	-7.022215e-002	-7.014932e-002
7.566928571428773e-003	-7.022215e-002	-7.014931e-002
7.713071428571607e-003	-7.022213e-002	-7.014929e-002
7.859214285714442e-003	-7.022210e-002	-7.014927e-002
8.005357142857276e-003	-7.022207e-002	-7.014923e-002
8.151500000000110e-003	-7.022202e-002	-7.014918e-002
8.152500000000109e-003	-7.022202e-002	-7.014918e-002
9.176499999999357e-003	-7.022190e-002	-7.014906e-002
1.020049999999861e-002	-7.022178e-002	-7.014894e-002
1.122449999999785e-002	-7.022178e-002	-7.014894e-002
1.224849999999710e-002	-7.022178e-002	-7.014894e-002
1.327249999999635e-002	-7.022166e-002	-7.014894e-002
1.429649999999560e-002	-7.022166e-002	-7.014894e-002
1.532049999999484e-002	-7.022166e-002	-7.014894e-002
1.634449999999534e-002	-7.022166e-002	-7.014894e-002
1.736849999999636e-002	-7.022166e-002	-7.014894e-002
1.839249999999739e-002	-7.022166e-002	-7.014894e-002
1.941649999999841e-002	-7.022166e-002	-7.014894e-002
2.044049999999944e-002	-7.022166e-002	-7.014894e-002
2.146450000000046e-002	-7.022166e-002	-7.014894e-002
2.248850000000148e-002	-7.022166e-002	-7.014894e-002
2.351250000000251e-002	-7.022166e-002	-7.014894e-002
2.453650000000353e-002	-7.022166e-002	-7.014894e-002
2.500000000000000e-002	-7.022166e-002	-7.014894e-002
2.500002000000000e-002	-7.018542e-002	-7.012451e-002
2.500006000000000e-002	-7.011259e-002	-7.007539e-002
2.500020000000000e-002	-6.985795e-002	-6.990409e-002
2.500177257142857e-002	-6.701552e-002	-6.799053e-002
2.500334514285714e-002	-6.420098e-002	-6.609575e-002
2.500491771428572e-002	-6.141434e-002	-6.421976e-002
2.500649028571429e-002	-5.865559e-002	-6.236255e-002
2.500806285714286e-002	-5.592473e-002	-6.052414e-002
2.500963542857143e-002	-5.322177e-002	-5.870451e-002
2.501120800000000e-002	-5.054671e-002	-5.690366e-002
2.501532114285715e-002	-4.368895e-002	-5.228699e-002
2.501943428571429e-002	-3.700039e-002	-4.778422e-002
2.502354742857143e-002	-3.048101e-002	-4.339536e-002
2.502766057142857e-002	-2.413083e-002	-3.912040e-002
2.503177371428571e-002	-1.794983e-002	-3.495935e-002
2.503588685714286e-002	-1.193803e-002	-3.091221e-002
2.504000000000000e-002	-6.095409e-003	-2.697897e-002
2.504006008332743e-002	-6.120324e-003	-2.699566e-002
2.504018024998228e-002	-6.170154e-003	-2.702928e-002
2.504870629757772e-002	-9.595190e-003	-2.933501e-002
2.505723234517316e-002	-1.285708e-002	-3.153092e-002
2.506575839276860e-002	-1.595582e-002	-3.361700e-002
2.507428444036403e-002	-1.889142e-002	-3.559325e-002
2.508281048795947e-002	-2.166387e-002	-3.745968e-002
2.509133653555491e-002	-2.427317e-002	-3.921627e-002
2.509986258315035e-002	-2.671933e-002	-4.086304e-002
2.510371972600749e-002	-2.778996e-002	-4.158375e-002
2.510757686886464e-002	-2.883550e-002	-4.228759e-002
2.511143401172179e-002	-2.985595e-002	-4.297456e-002
2.511529115457893e-002	-3.085131e-002	-4.364465e-002
2.511914829743608e-002	-3.182159e-002	-4.429787e-002
2.512300544029323e-002	-3.276678e-002	-4.493421e-002
2.512686258315037e-002	-3.368688e-002	-4.555368e-002
2.512886258315037e-002	-3.415573e-002	-4.586935e-002
2.513186258315038e-002	-3.484762e-002	-4.633510e-002
2.513886258315038e-002	-3.640282e-002	-4.738205e-002
2.514586258315039e-002	-3.789554e-002	-4.838694e-002
2.515286258315040e-002	-3.932579e-002	-4.934977e-002
2.515986258315041e-002	-4.069356e-002	-5.027055e-002
2.516686258315041e-002	-4.199886e-002	-5.114926e-002
2.517386258315042e-002	-4.324168e-002	-5.198591e-002
2.518086258315043e-002	-4.442203e-002	-5.278051e-002
2.518361078555751e-002	-4.487313e-002	-5.308421e-002
2.518635898796459e-002	-4.531657e-002	-5.338274e-002
2.518910719037167e-002	-4.575233e-002	-5.367610e-002
2.519185539277875e-002	-4.618043e-002	-5.396430e-002
2.519460359518583e-002	-4.660086e-002	-5.424733e-002
2.519735179759292e-002	-4.701362e-002	-5.452519e-002
2.520010000000000e-002	-4.741871e-002	-5.479789e-002
2.521401428571430e-002	-4.933065e-002	-5.608508e-002
2.522792857142860e-002	-5.110674e-002	-5.728080e-002
2.524184285714290e-002	-5.274697e-002	-5.838504e-002
2.525575714285720e-002	-5.425136e-002	-5.939781e-002
2.526967142857150e-002	-5.561990e-002	-6.031910e-002
2.528358571428579e-002	-5.685259e-002	-6.114892e-002
2.529750000000009e-002	-5.794942e-002	-6.188726e-002
2.531150000000011e-002	-5.896664e-002	-6.257203e-002
2.532550000000012e-002	-5.991123e-002	-6.320792e-002
2.533950000000014e-002	-6.078318e-002	-6.379493e-002
2.535350000000015e-002	-6.158249e-002	-6.433306e-002
2.536750000000016e-002	-6.230918e-002	-6.482231e-002
2.538150000000018e-002	-6.296322e-002	-6.526267e-002
2.539550000000019e-002	-6.354463e-002	-6.565416e-002
2.540950000000021e-002	-6.408065e-002	-6.601497e-002
2.542350000000022e-002	-6.457840e-002	-6.635001e-002
2.543750000000023e-002	-6.503787e-002	-6.665930e-002
2.545150000000025e-002	-6.545907e-002	-6.694284e-002
2.546550000000026e-002	-6.584200e-002	-6.720061e-002
2.547950000000028e-002	-6.618665e-002	-6.743262e-002
2.549350000000029e-002	-6.649303e-002	-6.763887e-002
2.550064285714316e-002	-6.664215e-002	-6.773928e-002
2.550778571428602e-002	-6.678516e-002	-6.783558e-002
2.551492857142888e-002	-6.692206e-002	-6.792776e-002
2.552207142857175e-002	-6.705287e-002	-6.801582e-002
2.552921428571461e-002	-6.717758e-002	-6.809976e-002
2.553635714285748e-002	-6.729618e-002	-6.817959e-002
2.554350000000034e-002	-6.740868e-002	-6.825531e-002
2.554450000000034e-002	-6.742406e-002	-6.826568e-002
2.555850000000036e-002	-6.762641e-002	-6.840191e-002
2.557250000000037e-002	-6.781432e-002	-6.852842e-002
2.558650000000038e-002	-6.798778e-002	-6.864521e-002
2.560050000000040e-002	-6.814681e-002	-6.875227e-002
2.561450000000041e-002	-6.829139e-002	-6.884962e-002
2.562850000000043e-002	-6.842153e-002	-6.893724e-002
2.564250000000044e-002	-6.853724e-002	-6.901515e-002
2.565650000000045e-002	-6.864386e-002	-6.908692e-002
2.567050000000047e-002	-6.874287e-002	-6.915356e-002
2.568450000000048e-002	-6.883426e-002	-6.921507e-002
2.569850000000050e-002	-6.891803e-002	-6.927146e-002
2.571250000000051e-002	-6.899418e-002	-6.932272e-002
2.572650000000052e-002	-6.906271e-002	-6.936885e-002
2.574050000000054e-002	-6.912363e-002	-6.940985e-002
2.575450000000055e-002	-6.917984e-002	-6.944776e-002
2.576850000000057e-002	-6.923204e-002	-6.948294e-002
2.578250000000058e-002	-6.928022e-002	-6.951540e-002
2.579650000000059e-002	-6.932437e-002	-6.954513e-002
2.581050000000061e-002	-6.936451e-002	-6.957214e-002
2.582450000000062e-002	-6.940063e-002	-6.959643e-002
2.583850000000064e-002	-6.943274e-002	-6.961799e-002
2.585250000000065e-002	-6.946235e-002	-6.963790e-002
2.586650000000066e-002	-6.948985e-002	-6.965641e-002
2.588050000000068e-002	-6.951525e-002	-6.967351e-002
2.589450000000069e-002	-6.953853e-002	-6.968919e-002
2.590850000000071e-002	-6.955969e-002	-6.970346e-002
2.592250000000072e-002	-6.957875e-002	-6.971633e-002
2.593650000000073e-002	-6.959569e-002	-6.972778e-002
2.595064285714361e-002	-6.961146e-002	-6.973837e-002
2.596478571428647e-002	-6.962608e-002	-6.974819e-002
2.597892857142935e-002	-6.963957e-002	-6.975726e-002
2.599307142857222e-002	-6.965191e-002	-6.976558e-002
2.600721428571509e-002	-6.966312e-002	-6.977313e-002
2.602135714285796e-002	-6.967319e-002	-6.977992e-002
2.603550000000083e-002	-6.968212e-002	-6.978595e-002
2.604964285714371e-002	-6.969039e-002	-6.979154e-002
2.606378571428657e-002	-6.969807e-002	-6.979672e-002
2.607792857142945e-002	-6.970515e-002	-6.980148e-002
2.609207142857232e-002	-6.971164e-002	-6.980584e-002
2.610621428571519e-002	-6.971753e-002	-6.980979e-002
2.612035714285806e-002	-6.972283e-002	-6.981334e-002
2.613450000000093e-002	-6.972754e-002	-6.981647e-002
2.614892857142952e-002	-6.973191e-002	-6.981942e-002
2.616335714285810e-002	-6.973598e-002	-6.982216e-002
2.617778571428669e-002	-6.973973e-002	-6.982470e-002
2.619221428571528e-002	-6.974317e-002	-6.982703e-002
2.620664285714386e-002	-6.974630e-002	-6.982916e-002
2.622107142857245e-002	-6.974911e-002	-6.983108e-002
2.623550000000103e-002	-6.975162e-002	-6.983280e-002
2.625035714285819e-002	-6.975395e-002	-6.983438e-002
2.626521428571535e-002	-6.975611e-002	-6.983584e-002
2.628007142857251e-002	-6.975809e-002	-6.983718e-002
2.629492857142966e-002	-6.975989e-002	-6.983841e-002
2.630978571428682e-002	-6.976152e-002	-6.983952e-002
2.632464285714398e-002	-6.976298e-002	-6.984051e-002
2.633950000000114e-002	-6.976426e-002	-6.984138e-002
2.635535714285829e-002	-6.976554e-002	-6.984220e-002
2.637121428571546e-002	-6.976672e-002	-6.984296e-002
2.638707142857261e-002	-6.976780e-002	-6.984367e-002
2.640292857142977e-002	-6.976879e-002	-6.984433e-002
2.641878571428693e-002	-6.976968e-002	-6.984495e-002
2.643464285714409e-002	-6.977047e-002	-6.984552e-002
2.645050000000125e-002	-6.977117e-002	-6.984603e-002
2.646721428571555e-002	-6.977176e-002	-6.984645e-002
2.648392857142985e-002	-6.977232e-002	-6.984683e-002
2.650064285714416e-002	-6.977283e-002	-6.984718e-002
2.651735714285846e-002	-6.977331e-002	-6.984750e-002
2.653407142857276e-002	-6.977375e-002	-6.984780e-002
2.655078571428706e-002	-6.977415e-002	-6.984806e-002
2.656750000000136e-002	-6.977451e-002	-6.984830e-002
2.656850000000137e-002	-6.977451e-002	-6.984830e-002
2.658935714285853e-002	-6.977490e-002	-6.984857e-002
2.661021428571569e-002	-6.977525e-002	-6.984882e-002
2.663107142857286e-002	-6.977556e-002	-6.984904e-002
2.665192857143002e-002	-6.977583e-002	-6.984922e-002
2.667278571428718e-002	-6.977607e-002	-6.984938e-002
2.669364285714435e-002	-6.977626e-002	-6.984951e-002
2.671450000000151e-002	-6.977642e-002	-6.984961e-002
2.674264285714440e-002	-6.977661e-002	-6.984978e-002
2.677078571428728e-002	-6.977679e-002	-6.984993e-002
2.679892857143017e-002	-6.977694e-002	-6.985004e-002
2.682707142857305e-002	-6.977708e-002	-6.985013e-002
2.685521428571594e-002	-6.977719e-002	-6.985018e-002
2.688335714285882e-002	-6.977729e-002	-6.985021e-002
2.691150000000171e-002	-6.977737e-002	-6.985021e-002
2.695721428571604e-002	-6.977751e-002	-6.985035e-002
2.700292857143037e-002	-6.977762e-002	-6.985045e-002
2.704864285714470e-002	-6.977770e-002	-6.985053e-002
2.709435714285903e-002	-6.977775e-002	-6.985059e-002
2.714007142857337e-002	-6.977777e-002	-6.985061e-002
2.718578571428770e-002	-6.977776e-002	-6.985060e-002
2.723150000000203e-002	-6.977773e-002	-6.985056e-002
2.728292857143065e-002	-6.977776e-002	-6.985060e-002
2.733435714285927e-002	-6.977780e-002	-6.985063e-002
2.738578571428790e-002	-6.977783e-002	-6.985067e-002
2.743721428571652e-002	-6.977786e-002	-6.985070e-002
2.748864285714514e-002	-6.977790e-002	-6.985073e-002
2.754007142857377e-002	-6.977793e-002	-6.985077e-002
2.759150000000239e-002	-6.977797e-002	-6.985080e-002
2.759250000000239e-002	-6.977797e-002	-6.985080e-002
2.861650000000341e-002	-6.977820e-002	-6.985104e-002
2.964050000000444e-002	-6.977844e-002	-6.985128e-002
3.066450000000546e-002	-6.977856e-002	-6.985140e-002
3.168850000000648e-002	-6.977868e-002	-6.985152e-002
3.271250000000751e-002	-6.977868e-002	-6.985152e-002
3.373650000000853e-002	-6.977880e-002	-6.985164e-002
3.476050000000956e-002	-6.977880e-002	-6.985164e-002
3.578450000001058e-002	-6.977880e-002	-6.985164e-002
3.680850000001160e-002	-6.977880e-002	-6.985164e-002
3.783250000001263e-002	-6.977892e-002	-6.985164e-002
3.885650000001365e-002	-6.977892e-002	-6.985164e-002
3.988050000001468e-002	-6.977892e-002	-6.985164e-002
4.090450000001570e-002	-6.977892e-002	-6.985164e-002
4.192850000001672e-002	-6.977892e-002	-6.985164e-002
4.295250000001775e-002	-6.977892e-002	-6.985164e-002
4.397650000001877e-002	-6.977892e-002	-6.985164e-002
4.500000000000000e-002	-6.977892e-002	-6.985164e-002
4.500001000000000e-002	-6.978798e-002	-6.985784e-002
4.500003000000000e-002	-6.980610e-002	-6.987000e-002
4.500010000000000e-002	-6.986988e-002	-6.991291e-002
4.500038800000000e-002	-7.013138e-002	-7.008897e-002
4.500067600000001e-002	-7.039240e-002	-7.026470e-002
4.500096400000001e-002	-7.065293e-002	-7.044010e-002
4.500125200000002e-002	-7.091298e-002	-7.061517e-002
4.500154000000002e-002	-7.117254e-002	-7.078990e-002
4.500182800000003e-002	-7.143161e-002	-7.096431e-002
4.500211600000003e-002	-7.169020e-002	-7.113838e-002
4.500511600000003e-002	-7.435739e-002	-7.293391e-002
4.500768742857146e-002	-7.660110e-002	-7.444439e-002
4.501025885714290e-002	-7.880914e-002	-7.593086e-002
4.501283028571432e-002	-8.098151e-002	-7.739331e-002
4.501540171428576e-002	-8.311821e-002	-7.883174e-002
4.501797314285719e-002	-8.521923e-002	-8.024615e-002
4.502054457142862e-002	-8.728458e-002	-8.163655e-002
4.502311600000005e-002	-8.931425e-002	-8.300292e-002
4.502552800000004e-002	-9.118759e-002	-8.426405e-002
4.502794000000004e-002	-9.303304e-002	-8.550641e-002
4.503035200000003e-002	-9.485062e-002	-8.673000e-002
4.503276400000002e-002	-9.664031e-002	-8.793482e-002
4.503517600000001e-002	-9.840211e-002	-8.912087e-002
4.503758800000000e-002	-1.001360e-001	-9.028816e-002
4.504000000000000e-002	-1.018421e-001	-9.143667e-002
4.504010000000000e-002	-1.018213e-001	-9.142271e-002
4.504030000000000e-002	-1.017798e-001	-9.139475e-002
4.504882857142857e-002	-1.000682e-001	-9.024248e-002
4.505735714285714e-002	-9.843810e-002	-8.914510e-002
4.506588571428571e-002	-9.688953e-002	-8.810260e-002
4.507441428571429e-002	-9.542248e-002	-8.711498e-002
4.508294285714286e-002	-9.403696e-002	-8.618224e-002
4.509147142857143e-002	-9.273297e-002	-8.530438e-002
4.510000000000000e-002	-9.151050e-002	-8.448141e-002
4.511392857142859e-002	-8.966940e-002	-8.324198e-002
4.512785714285717e-002	-8.795923e-002	-8.209068e-002
4.514178571428576e-002	-8.637997e-002	-8.102753e-002
4.515571428571434e-002	-8.493164e-002	-8.005250e-002
4.516964285714293e-002	-8.361423e-002	-7.916562e-002
4.518357142857151e-002	-8.242774e-002	-7.836686e-002
4.519750000000010e-002	-8.137218e-002	-7.765625e-002
4.521150000000011e-002	-8.039422e-002	-7.699789e-002
4.522550000000013e-002	-7.948609e-002	-7.638653e-002
4.523950000000014e-002	-7.864779e-002	-7.582218e-002
4.525350000000016e-002	-7.787932e-002	-7.530485e-002
4.526750000000017e-002	-7.718068e-002	-7.483452e-002
4.528150000000018e-002	-7.655186e-002	-7.441119e-002
4.529550000000020e-002	-7.599287e-002	-7.403488e-002
4.530950000000021e-002	-7.547757e-002	-7.368797e-002
4.532350000000023e-002	-7.499906e-002	-7.336583e-002
4.533750000000024e-002	-7.455734e-002	-7.306846e-002
4.535150000000025e-002	-7.415242e-002	-7.279587e-002
4.536550000000027e-002	-7.378429e-002	-7.254804e-002
4.537950000000028e-002	-7.345295e-002	-7.232498e-002
4.539350000000030e-002	-7.315841e-002	-7.212669e-002
4.540750000000031e-002	-7.288689e-002	-7.194390e-002
4.542150000000032e-002	-7.263475e-002	-7.177416e-002
4.543550000000034e-002	-7.240200e-002	-7.161747e-002
4.544950000000035e-002	-7.218863e-002	-7.147383e-002
4.546350000000037e-002	-7.199466e-002	-7.134324e-002
4.547750000000038e-002	-7.182007e-002	-7.122571e-002
4.549150000000039e-002	-7.166487e-002	-7.112122e-002
4.550550000000041e-002	-7.152179e-002	-7.102490e-002
4.551950000000042e-002	-7.138893e-002	-7.093546e-002
4.553350000000044e-002	-7.126629e-002	-7.085289e-002
4.554750000000045e-002	-7.115386e-002	-7.077720e-002
4.556150000000046e-002	-7.105164e-002	-7.070839e-002
4.557550000000048e-002	-7.095965e-002	-7.064646e-002
4.558950000000049e-002	-7.087787e-002	-7.059140e-002
4.560350000000051e-002	-7.080248e-002	-7.054064e-002
4.561750000000052e-002	-7.073247e-002	-7.049351e-002
4.563150000000053e-002	-7.066784e-002	-7.045000e-002
4.564550000000055e-002	-7.060860e-002	-7.041012e-002
4.565950000000056e-002	-7.055474e-002	-7.037386e-002
4.567350000000058e-002	-7.050626e-002	-7.034122e-002
4.568750000000059e-002	-7.046317e-002	-7.031221e-002
4.570150000000060e-002	-7.042344e-002	-7.028546e-002
4.571550000000062e-002	-7.038655e-002	-7.026062e-002
4.572950000000063e-002	-7.035250e-002	-7.023770e-002
4.574350000000065e-002	-7.032128e-002	-7.021668e-002
4.575750000000066e-002	-7.029290e-002	-7.019757e-002
4.577150000000067e-002	-7.026735e-002	-7.018037e-002
4.578550000000069e-002	-7.024464e-002	-7.016508e-002
4.579950000000070e-002	-7.022370e-002	-7.015098e-002
4.581350000000072e-002	-7.020426e-002	-7.013789e-002
4.582750000000073e-002	-7.018631e-002	-7.012581e-002
4.584150000000074e-002	-7.016986e-002	-7.011473e-002
4.585550000000076e-002	-7.015490e-002	-7.010466e-002
4.586950000000077e-002	-7.014144e-002	-7.009560e-002
4.588350000000079e-002	-7.012947e-002	-7.008754e-002
4.589764285714366e-002	-7.011833e-002	-7.008003e-002
4.591178571428653e-002	-7.010800e-002	-7.007307e-002
4.592592857142940e-002	-7.009846e-002	-7.006665e-002
4.594007142857227e-002	-7.008973e-002	-7.006077e-002
4.595421428571514e-002	-7.008180e-002	-7.005543e-002
4.596835714285801e-002	-7.007466e-002	-7.005063e-002
4.598250000000088e-002	-7.006833e-002	-7.004637e-002
4.598607142857231e-002	-7.006678e-002	-7.004532e-002
4.598964285714375e-002	-7.006527e-002	-7.004430e-002
4.599321428571518e-002	-7.006378e-002	-7.004330e-002
4.599678571428661e-002	-7.006234e-002	-7.004233e-002
4.600035714285804e-002	-7.006092e-002	-7.004138e-002
4.600392857142948e-002	-7.005955e-002	-7.004045e-002
4.600750000000091e-002	-7.005820e-002	-7.003954e-002
4.600850000000091e-002	-7.005783e-002	-7.003929e-002
4.602292857142950e-002	-7.005282e-002	-7.003592e-002
4.603735714285808e-002	-7.004817e-002	-7.003278e-002
4.605178571428667e-002	-7.004388e-002	-7.002990e-002
4.606621428571525e-002	-7.003997e-002	-7.002726e-002
4.608064285714384e-002	-7.003642e-002	-7.002487e-002
4.609507142857242e-002	-7.003323e-002	-7.002273e-002
4.610950000000101e-002	-7.003042e-002	-7.002083e-002
4.612435714285817e-002	-7.002775e-002	-7.001903e-002
4.613921428571532e-002	-7.002529e-002	-7.001737e-002
4.615407142857248e-002	-7.002302e-002	-7.001584e-002
4.616892857142965e-002	-7.002096e-002	-7.001445e-002
4.618378571428680e-002	-7.001909e-002	-7.001319e-002
4.619864285714396e-002	-7.001742e-002	-7.001207e-002
4.621350000000112e-002	-7.001594e-002	-7.001108e-002
4.622907142857256e-002	-7.001453e-002	-7.001012e-002
4.624464285714400e-002	-7.001323e-002	-7.000924e-002
4.626021428571545e-002	-7.001204e-002	-7.000844e-002
4.627578571428689e-002	-7.001095e-002	-7.000770e-002
4.629135714285834e-002	-7.000998e-002	-7.000705e-002
4.630692857142978e-002	-7.000911e-002	-7.000646e-002
4.632250000000122e-002	-7.000835e-002	-7.000595e-002
4.633964285714410e-002	-7.000759e-002	-7.000544e-002
4.635678571428697e-002	-7.000690e-002	-7.000497e-002
4.637392857142985e-002	-7.000627e-002	-7.000454e-002
4.639107142857272e-002	-7.000570e-002	-7.000415e-002
4.640821428571559e-002	-7.000519e-002	-7.000381e-002
4.642535714285847e-002	-7.000474e-002	-7.000351e-002
4.644250000000134e-002	-7.000436e-002	-7.000325e-002
4.646264285714422e-002	-7.000396e-002	-7.000298e-002
4.648278571428710e-002	-7.000359e-002	-7.000273e-002
4.650292857142998e-002	-7.000326e-002	-7.000251e-002
4.652307142857285e-002	-7.000297e-002	-7.000231e-002
4.654321428571573e-002	-7.000272e-002	-7.000214e-002
4.656335714285861e-002	-7.000250e-002	-7.000199e-002
4.658350000000149e-002	-7.000232e-002	-7.000186e-002
4.661007142857294e-002	-7.000211e-002	-7.000172e-002
4.663664285714440e-002	-7.000192e-002	-7.000159e-002
4.666321428571585e-002	-7.000176e-002	-7.000148e-002
4.668978571428731e-002	-7.000162e-002	-7.000138e-002
4.671635714285876e-002	-7.000150e-002	-7.000130e-002
4.674292857143022e-002	-7.000141e-002	-7.000124e-002
4.676950000000167e-002	-7.000134e-002	-7.000119e-002
4.680692857143028e-002	-7.000125e-002	-7.000112e-002
4.684435714285889e-002	-7.000117e-002	-7.000107e-002
4.688178571428750e-002	-7.000110e-002	-7.000102e-002
4.691921428571610e-002	-7.000105e-002	-7.000098e-002
4.695664285714472e-002	-7.000100e-002	-7.000095e-002
4.699407142857332e-002	-7.000097e-002	-7.000092e-002
4.703150000000193e-002	-7.000094e-002	-7.000090e-002
4.703250000000193e-002	-7.000094e-002	-7.000090e-002
4.713021428571632e-002	-7.000089e-002	-7.000086e-002
4.722792857143070e-002	-7.000085e-002	-7.000083e-002
4.732564285714509e-002	-7.000081e-002	-7.000079e-002
4.742335714285947e-002	-7.000078e-002	-7.000077e-002
4.752107142857385e-002	-7.000076e-002	-7.000074e-002
4.761878571428824e-002	-7.000074e-002	-7.000072e-002
4.771650000000262e-002	-7.000072e-002	-7.000071e-002
4.805650000000296e-002	-7.000066e-002	-7.000065e-002
4.908050000000398e-002	-7.000052e-002	-7.000052e-002
4.999950000000490e-002	-7.000042e-002	-7.000043e-002
5.000000000000000e-002	-7.000042e-002	-7.000043e-002
