time	V(N012,N005)	V(N013,N007)
0.000000000000000e+000	-7.000000e-002	-7.000000e-002
1.006310719994777e-003	-7.000009e-002	-7.000009e-002
2.030310719994708e-003	-7.000009e-002	-7.000009e-002
3.054310719994844e-003	-7.000009e-002	-7.000009e-002
4.078310719994979e-003	-7.000009e-002	-7.000009e-002
5.000000000000000e-003	-7.000009e-002	-7.000009e-002
5.000001528777893e-003	-7.000143e-002	-7.000077e-002
5.000004586333677e-003	-7.000419e-002	-7.000217e-002
5.000100000000000e-003	-7.009100e-002	-7.004622e-002
5.002166367881656e-003	-7.195814e-002	-7.099359e-002
5.004232735763312e-003	-7.380362e-002	-7.192996e-002
5.006299103644968e-003	-7.562744e-002	-7.285535e-002
5.008365471526625e-003	-7.742961e-002	-7.376975e-002
5.010431839408281e-003	-7.921011e-002	-7.467316e-002
5.012498207289937e-003	-8.096896e-002	-7.556558e-002
5.014564575171593e-003	-8.270615e-002	-7.644701e-002
5.015564575171593e-003	-8.353955e-002	-7.686988e-002
5.016564575171593e-003	-8.436811e-002	-7.729024e-002
5.017564575171593e-003	-8.519179e-002	-7.770818e-002
5.019564575171593e-003	-8.682477e-002	-7.853681e-002
5.021564575171594e-003	-8.843881e-002	-7.935572e-002
5.023564575171594e-003	-9.003407e-002	-8.016515e-002
5.025564575171594e-003	-9.161085e-002	-8.096510e-002
5.028564575171595e-003	-9.394157e-002	-8.214778e-002
5.031564575171595e-003	-9.623170e-002	-8.330977e-002
5.034564575171595e-003	-9.848213e-002	-8.445156e-002
5.035341064432796e-003	-9.905806e-002	-8.474376e-002
5.036117553693997e-003	-9.963150e-002	-8.503470e-002
5.036894042955198e-003	-1.002025e-001	-8.532439e-002
5.037670532216398e-003	-1.007709e-001	-8.561283e-002
5.038447021477599e-003	-1.013369e-001	-8.590001e-002
5.039223510738799e-003	-1.019004e-001	-8.618593e-002
5.040000000000000e-003	-1.024613e-001	-8.647060e-002
5.040100000000001e-003	-1.024425e-001	-8.646095e-002
5.040300000000000e-003	-1.024046e-001	-8.644176e-002
5.046328571428572e-003	-1.012854e-001	-8.587387e-002
5.052357142857145e-003	-1.002020e-001	-8.532419e-002
5.058385714285717e-003	-9.915453e-002	-8.479272e-002
5.064414285714289e-003	-9.814295e-002	-8.427945e-002
5.070442857142861e-003	-9.716727e-002	-8.378440e-002
5.076471428571434e-003	-9.622747e-002	-8.330755e-002
5.082500000000005e-003	-9.532356e-002	-8.284891e-002
5.083500000000006e-003	-9.517622e-002	-8.277416e-002
5.100100000000001e-003	-9.285247e-002	-8.159506e-002
5.115585714285717e-003	-9.091338e-002	-8.061125e-002
5.131071428571433e-003	-8.911244e-002	-7.969752e-002
5.146557142857149e-003	-8.744964e-002	-7.885386e-002
5.162042857142866e-003	-8.592498e-002	-7.808028e-002
5.177528571428582e-003	-8.453848e-002	-7.737677e-002
5.193014285714298e-003	-8.329012e-002	-7.674334e-002
5.208500000000014e-003	-8.217990e-002	-7.617998e-002
5.223928571428588e-003	-8.115974e-002	-7.566235e-002
5.239357142857161e-003	-8.021207e-002	-7.518150e-002
5.254785714285734e-003	-7.933686e-002	-7.473742e-002
5.270214285714309e-003	-7.853414e-002	-7.433012e-002
5.285642857142882e-003	-7.780390e-002	-7.395959e-002
5.301071428571455e-003	-7.714614e-002	-7.362583e-002
5.316500000000029e-003	-7.656085e-002	-7.332885e-002
5.331928571428602e-003	-7.602110e-002	-7.305497e-002
5.347357142857175e-003	-7.551970e-002	-7.280055e-002
5.362785714285749e-003	-7.505663e-002	-7.256559e-002
5.378214285714323e-003	-7.463190e-002	-7.235009e-002
5.393642857142896e-003	-7.424552e-002	-7.215406e-002
5.409071428571470e-003	-7.389748e-002	-7.197749e-002
5.424500000000043e-003	-7.358778e-002	-7.182038e-002
5.439928571428616e-003	-7.330216e-002	-7.167547e-002
5.455357142857190e-003	-7.303684e-002	-7.154085e-002
5.470785714285763e-003	-7.279181e-002	-7.141651e-002
5.486214285714337e-003	-7.256706e-002	-7.130247e-002
5.501642857142911e-003	-7.236261e-002	-7.119870e-002
5.517071428571484e-003	-7.217844e-002	-7.110522e-002
5.532500000000057e-003	-7.201457e-002	-7.102203e-002
5.547928571428631e-003	-7.186345e-002	-7.094538e-002
5.563357142857204e-003	-7.172306e-002	-7.087416e-002
5.578785714285777e-003	-7.159341e-002	-7.080838e-002
5.594214285714352e-003	-7.147449e-002	-7.074805e-002
5.609642857142925e-003	-7.136630e-002	-7.069315e-002
5.625071428571498e-003	-7.126885e-002	-7.064369e-002
5.640500000000072e-003	-7.118213e-002	-7.059968e-002
5.656071428571502e-003	-7.110153e-002	-7.055880e-002
5.671642857142933e-003	-7.102669e-002	-7.052084e-002
5.687214285714364e-003	-7.095761e-002	-7.048580e-002
5.702785714285794e-003	-7.089430e-002	-7.045369e-002
5.718357142857225e-003	-7.083674e-002	-7.042449e-002
5.733928571428655e-003	-7.078495e-002	-7.039821e-002
5.749500000000086e-003	-7.073891e-002	-7.037485e-002
5.765071428571517e-003	-7.069652e-002	-7.035331e-002
5.780642857142948e-003	-7.065714e-002	-7.033330e-002
5.796214285714378e-003	-7.062078e-002	-7.031484e-002
5.811785714285808e-003	-7.058743e-002	-7.029791e-002
5.827357142857239e-003	-7.055711e-002	-7.028252e-002
5.842928571428670e-003	-7.052979e-002	-7.026867e-002
5.858500000000101e-003	-7.050550e-002	-7.025635e-002
5.874071428571531e-003	-7.048321e-002	-7.024501e-002
5.889642857142962e-003	-7.046251e-002	-7.023449e-002
5.905214285714393e-003	-7.044340e-002	-7.022478e-002
5.920785714285823e-003	-7.042590e-002	-7.021589e-002
5.936357142857254e-003	-7.040999e-002	-7.020782e-002
5.951928571428684e-003	-7.039567e-002	-7.020056e-002
5.967500000000115e-003	-7.038295e-002	-7.019413e-002
5.983214285714403e-003	-7.037107e-002	-7.018814e-002
5.998928571428691e-003	-7.036006e-002	-7.018258e-002
6.014642857142979e-003	-7.034991e-002	-7.017746e-002
6.030357142857266e-003	-7.034063e-002	-7.017276e-002
6.046071428571554e-003	-7.033222e-002	-7.016848e-002
6.061785714285842e-003	-7.032467e-002	-7.016464e-002
6.077500000000130e-003	-7.031798e-002	-7.016122e-002
6.081214285714416e-003	-7.031645e-002	-7.016040e-002
6.084928571428702e-003	-7.031494e-002	-7.015961e-002
6.088642857142989e-003	-7.031347e-002	-7.015885e-002
6.092357142857274e-003	-7.031202e-002	-7.015812e-002
6.096071428571561e-003	-7.031060e-002	-7.015742e-002
6.099785714285847e-003	-7.030921e-002	-7.015674e-002
6.103500000000133e-003	-7.030785e-002	-7.015610e-002
6.104500000000133e-003	-7.030749e-002	-7.015586e-002
6.120500000000135e-003	-7.030215e-002	-7.015313e-002
6.136500000000138e-003	-7.029718e-002	-7.015059e-002
6.152500000000140e-003	-7.029260e-002	-7.014825e-002
6.168500000000142e-003	-7.028839e-002	-7.014611e-002
6.184500000000144e-003	-7.028456e-002	-7.014416e-002
6.200500000000146e-003	-7.028112e-002	-7.014240e-002
6.216500000000148e-003	-7.027805e-002	-7.014084e-002
6.232928571428722e-003	-7.027519e-002	-7.013942e-002
6.249357142857295e-003	-7.027255e-002	-7.013810e-002
6.265785714285869e-003	-7.027012e-002	-7.013688e-002
6.282214285714443e-003	-7.026791e-002	-7.013576e-002
6.298642857143016e-003	-7.026591e-002	-7.013473e-002
6.315071428571590e-003	-7.026412e-002	-7.013380e-002
6.331500000000163e-003	-7.026255e-002	-7.013297e-002
6.348785714285880e-003	-7.026104e-002	-7.013222e-002
6.366071428571597e-003	-7.025965e-002	-7.013152e-002
6.383357142857313e-003	-7.025838e-002	-7.013088e-002
6.400642857143030e-003	-7.025722e-002	-7.013030e-002
6.417928571428746e-003	-7.025618e-002	-7.012978e-002
6.435214285714463e-003	-7.025525e-002	-7.012932e-002
6.452500000000179e-003	-7.025445e-002	-7.012892e-002
6.471642857143039e-003	-7.025367e-002	-7.012851e-002
6.490785714285898e-003	-7.025294e-002	-7.012812e-002
6.509928571428758e-003	-7.025226e-002	-7.012777e-002
6.529071428571618e-003	-7.025163e-002	-7.012745e-002
6.548214285714478e-003	-7.025105e-002	-7.012715e-002
6.567357142857337e-003	-7.025052e-002	-7.012689e-002
6.586500000000197e-003	-7.025003e-002	-7.012665e-002
6.609071428571629e-003	-7.024961e-002	-7.012641e-002
6.631642857143061e-003	-7.024923e-002	-7.012620e-002
6.654214285714492e-003	-7.024888e-002	-7.012602e-002
6.676785714285923e-003	-7.024857e-002	-7.012586e-002
6.699357142857355e-003	-7.024831e-002	-7.012574e-002
6.721928571428787e-003	-7.024808e-002	-7.012565e-002
6.744500000000218e-003	-7.024789e-002	-7.012558e-002
6.774500000000222e-003	-7.024769e-002	-7.012547e-002
6.804500000000226e-003	-7.024752e-002	-7.012536e-002
6.834500000000230e-003	-7.024736e-002	-7.012527e-002
6.864500000000234e-003	-7.024723e-002	-7.012518e-002
6.894500000000238e-003	-7.024711e-002	-7.012511e-002
6.924500000000242e-003	-7.024701e-002	-7.012504e-002
6.954500000000246e-003	-7.024693e-002	-7.012498e-002
6.979214285714535e-003	-7.024691e-002	-7.012501e-002
7.003928571428824e-003	-7.024688e-002	-7.012501e-002
7.028642857143113e-003	-7.024684e-002	-7.012500e-002
7.053357142857402e-003	-7.024679e-002	-7.012496e-002
7.078071428571691e-003	-7.024673e-002	-7.012491e-002
7.102785714285980e-003	-7.024666e-002	-7.012484e-002
7.127500000000269e-003	-7.024658e-002	-7.012475e-002
7.128500000000269e-003	-7.024658e-002	-7.012475e-002
7.204500000000279e-003	-7.024653e-002	-7.012475e-002
7.280500000000289e-003	-7.024649e-002	-7.012475e-002
7.356500000000299e-003	-7.024647e-002	-7.012475e-002
7.432500000000310e-003	-7.024645e-002	-7.012475e-002
7.508500000000320e-003	-7.024644e-002	-7.012475e-002
7.584500000000330e-003	-7.024645e-002	-7.012475e-002
7.660500000000340e-003	-7.024646e-002	-7.012475e-002
8.152500000000109e-003	-7.024634e-002	-7.012463e-002
9.176499999999357e-003	-7.024622e-002	-7.012451e-002
1.020049999999861e-002	-7.024610e-002	-7.012439e-002
1.122449999999785e-002	-7.024610e-002	-7.012439e-002
1.224849999999710e-002	-7.024598e-002	-7.012439e-002
1.327249999999635e-002	-7.024598e-002	-7.012439e-002
1.429649999999560e-002	-7.024598e-002	-7.012439e-002
1.532049999999484e-002	-7.024598e-002	-7.012439e-002
1.634449999999534e-002	-7.024598e-002	-7.012439e-002
1.736849999999636e-002	-7.024598e-002	-7.012439e-002
1.839249999999739e-002	-7.024598e-002	-7.012439e-002
1.941649999999841e-002	-7.024598e-002	-7.012439e-002
2.044049999999944e-002	-7.024598e-002	-7.012439e-002
2.146450000000046e-002	-7.024598e-002	-7.012439e-002
2.248850000000148e-002	-7.024598e-002	-7.012439e-002
2.351250000000251e-002	-7.024598e-002	-7.012439e-002
2.453650000000353e-002	-7.024598e-002	-7.012439e-002
2.500000000000000e-002	-7.024598e-002	-7.012439e-002
2.500002000000000e-002	-7.020962e-002	-7.010591e-002
2.500006000000000e-002	-7.013690e-002	-7.006896e-002
2.500020000000000e-002	-6.988215e-002	-6.993973e-002
2.500191542857143e-002	-6.678058e-002	-6.836603e-002
2.500363085714286e-002	-6.370899e-002	-6.680754e-002
2.500534628571429e-002	-6.066736e-002	-6.526425e-002
2.500706171428572e-002	-5.765571e-002	-6.373616e-002
2.500877714285715e-002	-5.467403e-002	-6.222328e-002
2.501049257142858e-002	-5.172232e-002	-6.072561e-002
2.501220800000001e-002	-4.880059e-002	-5.924314e-002
2.501617828571429e-002	-4.215784e-002	-5.587268e-002
2.502014857142857e-002	-3.565899e-002	-5.257523e-002
2.502411885714286e-002	-2.930404e-002	-4.935080e-002
2.502808914285715e-002	-2.309300e-002	-4.619939e-002
2.503205942857143e-002	-1.702586e-002	-4.312100e-002
2.503602971428572e-002	-1.110263e-002	-4.011564e-002
2.504000000000000e-002	-5.323291e-003	-3.718328e-002
2.504005249534152e-002	-5.343080e-003	-3.719330e-002
2.504015748602455e-002	-5.382895e-003	-3.721356e-002
2.504979603881921e-002	-8.912651e-003	-3.900448e-002
2.505943459161386e-002	-1.227153e-002	-4.070870e-002
2.506907314440851e-002	-1.545954e-002	-4.232624e-002
2.507871169720317e-002	-1.847668e-002	-4.385709e-002
2.508835024999782e-002	-2.132294e-002	-4.530126e-002
2.509798880279247e-002	-2.399833e-002	-4.665873e-002
2.510762735558713e-002	-2.650285e-002	-4.792953e-002
2.511191306987284e-002	-2.758002e-002	-4.847606e-002
2.511619878415856e-002	-2.863191e-002	-4.900978e-002
2.512048449844428e-002	-2.965851e-002	-4.953068e-002
2.512477021273000e-002	-3.065984e-002	-5.003877e-002
2.512905592701572e-002	-3.163588e-002	-5.053404e-002
2.513334164130144e-002	-3.258664e-002	-5.101650e-002
2.513762735558716e-002	-3.351212e-002	-5.148613e-002
2.513962735558716e-002	-3.393686e-002	-5.170155e-002
2.514262735558716e-002	-3.456450e-002	-5.202007e-002
2.514991306987288e-002	-3.603743e-002	-5.276742e-002
2.515719878415861e-002	-3.745441e-002	-5.348637e-002
2.516448449844433e-002	-3.881544e-002	-5.417692e-002
2.517177021273005e-002	-4.012050e-002	-5.483908e-002
2.517905592701577e-002	-4.136962e-002	-5.547284e-002
2.518634164130149e-002	-4.256278e-002	-5.607820e-002
2.519362735558721e-002	-4.369998e-002	-5.665517e-002
2.520010000000000e-002	-4.467535e-002	-5.715013e-002
2.521487142857144e-002	-4.673424e-002	-5.819478e-002
2.522964285714288e-002	-4.865176e-002	-5.916771e-002
2.524441428571433e-002	-5.042791e-002	-6.006892e-002
2.525918571428577e-002	-5.206270e-002	-6.089842e-002
2.527395714285722e-002	-5.355611e-002	-6.165619e-002
2.528872857142866e-002	-5.490816e-002	-6.234224e-002
2.530350000000010e-002	-5.611885e-002	-6.295657e-002
2.531892857142869e-002	-5.728436e-002	-6.354789e-002
2.533435714285727e-002	-5.836707e-002	-6.409721e-002
2.534978571428586e-002	-5.936700e-002	-6.460454e-002
2.536521428571445e-002	-6.028413e-002	-6.506988e-002
2.538064285714304e-002	-6.111846e-002	-6.549324e-002
2.539607142857162e-002	-6.187000e-002	-6.587460e-002
2.541150000000021e-002	-6.253874e-002	-6.621397e-002
2.542692857142880e-002	-6.315537e-002	-6.652680e-002
2.544235714285738e-002	-6.372820e-002	-6.681744e-002
2.545778571428597e-002	-6.425724e-002	-6.708586e-002
2.547321428571456e-002	-6.474249e-002	-6.733208e-002
2.548864285714314e-002	-6.518395e-002	-6.755609e-002
2.550407142857173e-002	-6.558162e-002	-6.775790e-002
2.551950000000032e-002	-6.593549e-002	-6.793749e-002
2.554350000000034e-002	-6.643903e-002	-6.819296e-002
2.554450000000034e-002	-6.645846e-002	-6.820285e-002
2.555992857142893e-002	-6.674009e-002	-6.834570e-002
2.557535714285751e-002	-6.700170e-002	-6.847842e-002
2.559078571428610e-002	-6.724330e-002	-6.860099e-002
2.560621428571469e-002	-6.746487e-002	-6.871342e-002
2.562164285714328e-002	-6.766643e-002	-6.881571e-002
2.563707142857186e-002	-6.784797e-002	-6.890786e-002
2.565250000000045e-002	-6.800950e-002	-6.898987e-002
2.566792857142904e-002	-6.815853e-002	-6.906549e-002
2.568335714285762e-002	-6.829697e-002	-6.913574e-002
2.569878571428621e-002	-6.842483e-002	-6.920061e-002
2.571421428571480e-002	-6.854209e-002	-6.926011e-002
2.572964285714339e-002	-6.864877e-002	-6.931424e-002
2.574507142857197e-002	-6.874487e-002	-6.936300e-002
2.576050000000056e-002	-6.883037e-002	-6.940639e-002
2.577607142857200e-002	-6.890990e-002	-6.944675e-002
2.579164285714345e-002	-6.898373e-002	-6.948423e-002
2.580721428571489e-002	-6.905187e-002	-6.951881e-002
2.582278571428633e-002	-6.911432e-002	-6.955050e-002
2.583835714285778e-002	-6.917108e-002	-6.957930e-002
2.585392857142922e-002	-6.922214e-002	-6.960522e-002
2.586950000000067e-002	-6.926751e-002	-6.962824e-002
2.588507142857211e-002	-6.930931e-002	-6.964949e-002
2.590064285714356e-002	-6.934814e-002	-6.966922e-002
2.591621428571500e-002	-6.938398e-002	-6.968742e-002
2.593178571428644e-002	-6.941685e-002	-6.970409e-002
2.594735714285789e-002	-6.944674e-002	-6.971924e-002
2.596292857142933e-002	-6.947365e-002	-6.973286e-002
2.597850000000078e-002	-6.949759e-002	-6.974494e-002
2.599407142857222e-002	-6.951958e-002	-6.975613e-002
2.600964285714367e-002	-6.954000e-002	-6.976651e-002
2.602521428571511e-002	-6.955885e-002	-6.977609e-002
2.604078571428655e-002	-6.957612e-002	-6.978488e-002
2.605635714285800e-002	-6.959181e-002	-6.979287e-002
2.607192857142944e-002	-6.960592e-002	-6.980006e-002
2.608750000000088e-002	-6.961846e-002	-6.980646e-002
2.610321428571519e-002	-6.963018e-002	-6.981236e-002
2.611892857142949e-002	-6.964105e-002	-6.981785e-002
2.613464285714379e-002	-6.965108e-002	-6.982291e-002
2.615035714285809e-002	-6.966026e-002	-6.982756e-002
2.616607142857239e-002	-6.966859e-002	-6.983179e-002
2.618178571428669e-002	-6.967608e-002	-6.983561e-002
2.619750000000099e-002	-6.968272e-002	-6.983900e-002
2.621335714285815e-002	-6.968885e-002	-6.984215e-002
2.622921428571531e-002	-6.969455e-002	-6.984507e-002
2.624507142857247e-002	-6.969980e-002	-6.984776e-002
2.626092857142963e-002	-6.970462e-002	-6.985021e-002
2.627678571428679e-002	-6.970900e-002	-6.985243e-002
2.629264285714395e-002	-6.971295e-002	-6.985442e-002
2.630850000000111e-002	-6.971645e-002	-6.985617e-002
2.632478571428683e-002	-6.971977e-002	-6.985780e-002
2.634107142857257e-002	-6.972283e-002	-6.985932e-002
2.635735714285830e-002	-6.972564e-002	-6.986074e-002
2.637364285714403e-002	-6.972819e-002	-6.986205e-002
2.638992857142976e-002	-6.973049e-002	-6.986326e-002
2.640621428571549e-002	-6.973254e-002	-6.986436e-002
2.642250000000122e-002	-6.973433e-002	-6.986535e-002
2.643964285714410e-002	-6.973616e-002	-6.986626e-002
2.645678571428697e-002	-6.973784e-002	-6.986710e-002
2.647392857142984e-002	-6.973936e-002	-6.986786e-002
2.649107142857272e-002	-6.974072e-002	-6.986854e-002
2.650821428571559e-002	-6.974193e-002	-6.986914e-002
2.652535714285846e-002	-6.974298e-002	-6.986967e-002
2.654250000000134e-002	-6.974387e-002	-6.987011e-002
2.656850000000137e-002	-6.974518e-002	-6.987083e-002
2.658750000000138e-002	-6.974602e-002	-6.987130e-002
2.660650000000140e-002	-6.974678e-002	-6.987172e-002
2.662550000000142e-002	-6.974748e-002	-6.987209e-002
2.664450000000144e-002	-6.974811e-002	-6.987242e-002
2.666350000000146e-002	-6.974867e-002	-6.987269e-002
2.668250000000148e-002	-6.974917e-002	-6.987292e-002
2.670150000000150e-002	-6.974959e-002	-6.987309e-002
2.672392857143009e-002	-6.975000e-002	-6.987332e-002
2.674635714285869e-002	-6.975039e-002	-6.987353e-002
2.676878571428728e-002	-6.975074e-002	-6.987372e-002
2.679121428571588e-002	-6.975106e-002	-6.987389e-002
2.681364285714447e-002	-6.975136e-002	-6.987404e-002
2.683607142857306e-002	-6.975162e-002	-6.987417e-002
2.685850000000166e-002	-6.975186e-002	-6.987429e-002
2.688821428571597e-002	-6.975210e-002	-6.987439e-002
2.691792857143029e-002	-6.975231e-002	-6.987449e-002
2.694764285714460e-002	-6.975249e-002	-6.987459e-002
2.697735714285892e-002	-6.975265e-002	-6.987470e-002
2.700707142857323e-002	-6.975277e-002	-6.987480e-002
2.703678571428755e-002	-6.975287e-002	-6.987490e-002
2.706650000000186e-002	-6.975293e-002	-6.987500e-002
2.711321428571620e-002	-6.975305e-002	-6.987504e-002
2.715992857143053e-002	-6.975315e-002	-6.987507e-002
2.720664285714486e-002	-6.975325e-002	-6.987510e-002
2.725335714285919e-002	-6.975333e-002	-6.987514e-002
2.730007142857353e-002	-6.975341e-002	-6.987517e-002
2.734678571428786e-002	-6.975347e-002	-6.987521e-002
2.739350000000219e-002	-6.975353e-002	-6.987524e-002
2.759250000000239e-002	-6.975353e-002	-6.987536e-002
2.773864285714539e-002	-6.975361e-002	-6.987539e-002
2.788478571428840e-002	-6.975368e-002	-6.987543e-002
2.803092857143140e-002	-6.975374e-002	-6.987546e-002
2.817707142857440e-002	-6.975379e-002	-6.987550e-002
2.832321428571741e-002	-6.975383e-002	-6.987553e-002
2.846935714286041e-002	-6.975386e-002	-6.987556e-002
2.861550000000341e-002	-6.975389e-002	-6.987560e-002
2.861650000000341e-002	-6.975389e-002	-6.987560e-002
2.964050000000444e-002	-6.975412e-002	-6.987584e-002
3.066450000000546e-002	-6.975424e-002	-6.987596e-002
3.168850000000648e-002	-6.975436e-002	-6.987607e-002
3.271250000000751e-002	-6.975436e-002	-6.987607e-002
3.373650000000853e-002	-6.975448e-002	-6.987619e-002
3.476050000000956e-002	-6.975448e-002	-6.987619e-002
3.578450000001058e-002	-6.975448e-002	-6.987619e-002
3.680850000001160e-002	-6.975448e-002	-6.987619e-002
3.783250000001263e-002	-6.975460e-002	-6.987619e-002
3.885650000001365e-002	-6.975460e-002	-6.987619e-002
3.988050000001468e-002	-6.975460e-002	-6.987619e-002
4.090450000001570e-002	-6.975460e-002	-6.987619e-002
4.192850000001672e-002	-6.975460e-002	-6.987619e-002
4.295250000001775e-002	-6.975460e-002	-6.987619e-002
4.397650000001877e-002	-6.975460e-002	-6.987619e-002
4.500000000000000e-002	-6.975460e-002	-6.987619e-002
4.500001000000000e-002	-6.976366e-002	-6.988084e-002
4.500003000000000e-002	-6.978178e-002	-6.989014e-002
4.500010000000000e-002	-6.984556e-002	-6.992245e-002
4.500238800000000e-002	-7.191148e-002	-7.097071e-002
4.500467600000001e-002	-7.395096e-002	-7.200553e-002
4.500696400000002e-002	-7.596398e-002	-7.302692e-002
4.500925200000003e-002	-7.795054e-002	-7.403488e-002
4.501154000000003e-002	-7.991065e-002	-7.502940e-002
4.501382800000004e-002	-8.184430e-002	-7.601049e-002
4.501611600000004e-002	-8.375150e-002	-7.697815e-002
4.501897314285719e-002	-8.609678e-002	-7.816812e-002
4.502183028571433e-002	-8.840476e-002	-7.933916e-002
4.502468742857148e-002	-9.067544e-002	-8.049127e-002
4.502754457142863e-002	-9.290881e-002	-8.162446e-002
4.503040171428577e-002	-9.510488e-002	-8.273872e-002
4.503325885714292e-002	-9.726364e-002	-8.383405e-002
4.503611600000006e-002	-9.938510e-002	-8.491046e-002
4.504000000000000e-002	-1.022159e-001	-8.634678e-002
4.504010000000000e-002	-1.021970e-001	-8.633719e-002
4.504030000000000e-002	-1.021591e-001	-8.631796e-002
4.504882857142857e-002	-1.005915e-001	-8.552258e-002
4.505735714285714e-002	-9.909222e-002	-8.476185e-002
4.506588571428571e-002	-9.766123e-002	-8.403577e-002
4.507441428571429e-002	-9.629853e-002	-8.334436e-002
4.508294285714286e-002	-9.500414e-002	-8.268759e-002
4.509147142857143e-002	-9.377806e-002	-8.206549e-002
4.510000000000000e-002	-9.262027e-002	-8.147804e-002
4.511550000000002e-002	-9.067840e-002	-8.049276e-002
4.513100000000003e-002	-8.887497e-002	-7.957771e-002
4.514650000000005e-002	-8.720998e-002	-7.873291e-002
4.516200000000006e-002	-8.568342e-002	-7.795834e-002
4.517750000000008e-002	-8.429529e-002	-7.725402e-002
4.519300000000009e-002	-8.304560e-002	-7.661993e-002
4.520850000000011e-002	-8.193434e-002	-7.605609e-002
4.522392857142870e-002	-8.091421e-002	-7.553848e-002
4.523935714285728e-002	-7.996656e-002	-7.505765e-002
4.525478571428587e-002	-7.909137e-002	-7.461359e-002
4.527021428571446e-002	-7.828866e-002	-7.420630e-002
4.528564285714305e-002	-7.755841e-002	-7.383577e-002
4.530107142857163e-002	-7.690064e-002	-7.350202e-002
4.531650000000022e-002	-7.631534e-002	-7.320504e-002
4.533192857142881e-002	-7.577557e-002	-7.293116e-002
4.534735714285739e-002	-7.527414e-002	-7.267674e-002
4.536278571428598e-002	-7.481106e-002	-7.244178e-002
4.537821428571456e-002	-7.438633e-002	-7.222627e-002
4.539364285714315e-002	-7.399994e-002	-7.203022e-002
4.540907142857174e-002	-7.365190e-002	-7.185362e-002
4.542450000000033e-002	-7.334220e-002	-7.169648e-002
4.543992857142892e-002	-7.305660e-002	-7.155156e-002
4.545535714285750e-002	-7.279128e-002	-7.141694e-002
4.547078571428609e-002	-7.254626e-002	-7.129261e-002
4.548621428571467e-002	-7.232152e-002	-7.117858e-002
4.550164285714326e-002	-7.211707e-002	-7.107484e-002
4.551707142857184e-002	-7.193291e-002	-7.098140e-002
4.553250000000043e-002	-7.176904e-002	-7.089825e-002
4.554792857142902e-002	-7.161792e-002	-7.082157e-002
4.556335714285761e-002	-7.147754e-002	-7.075034e-002
4.557878571428620e-002	-7.134789e-002	-7.068456e-002
4.559421428571478e-002	-7.122898e-002	-7.062422e-002
4.560964285714337e-002	-7.112080e-002	-7.056932e-002
4.562507142857195e-002	-7.102335e-002	-7.051988e-002
4.564050000000054e-002	-7.093665e-002	-7.047587e-002
4.565607142857198e-002	-7.085599e-002	-7.043495e-002
4.567164285714343e-002	-7.078111e-002	-7.039696e-002
4.568721428571487e-002	-7.071200e-002	-7.036189e-002
4.570278571428632e-002	-7.064867e-002	-7.032975e-002
4.571835714285776e-002	-7.059110e-002	-7.030054e-002
4.573392857142921e-002	-7.053930e-002	-7.027425e-002
4.574950000000065e-002	-7.049327e-002	-7.025089e-002
4.576507142857209e-002	-7.045085e-002	-7.022936e-002
4.578064285714354e-002	-7.041146e-002	-7.020938e-002
4.579621428571498e-002	-7.037510e-002	-7.019093e-002
4.581178571428643e-002	-7.034179e-002	-7.017402e-002
4.582735714285787e-002	-7.031150e-002	-7.015865e-002
4.584292857142932e-002	-7.028425e-002	-7.014482e-002
4.585850000000076e-002	-7.026004e-002	-7.013253e-002
4.587407142857220e-002	-7.023772e-002	-7.012120e-002
4.588964285714365e-002	-7.021700e-002	-7.011069e-002
4.590521428571509e-002	-7.019787e-002	-7.010098e-002
4.592078571428654e-002	-7.018034e-002	-7.009208e-002
4.593635714285798e-002	-7.016441e-002	-7.008399e-002
4.595192857142943e-002	-7.015007e-002	-7.007672e-002
4.596750000000087e-002	-7.013733e-002	-7.007025e-002
4.597321428571516e-002	-7.013284e-002	-7.006797e-002
4.597892857142946e-002	-7.012847e-002	-7.006575e-002
4.598464285714374e-002	-7.012425e-002	-7.006361e-002
4.599035714285803e-002	-7.012016e-002	-7.006153e-002
4.599607142857232e-002	-7.011622e-002	-7.005953e-002
4.600178571428662e-002	-7.011240e-002	-7.005759e-002
4.600750000000091e-002	-7.010873e-002	-7.005573e-002
4.600850000000091e-002	-7.010810e-002	-7.005541e-002
4.602421428571521e-002	-7.009880e-002	-7.005069e-002
4.603992857142952e-002	-7.009017e-002	-7.004630e-002
4.605564285714382e-002	-7.008220e-002	-7.004226e-002
4.607135714285812e-002	-7.007491e-002	-7.003856e-002
4.608707142857241e-002	-7.006829e-002	-7.003520e-002
4.610278571428672e-002	-7.006234e-002	-7.003218e-002
4.611850000000102e-002	-7.005705e-002	-7.002950e-002
4.613450000000104e-002	-7.005211e-002	-7.002698e-002
4.615050000000105e-002	-7.004752e-002	-7.002465e-002
4.616650000000107e-002	-7.004330e-002	-7.002250e-002
4.618250000000108e-002	-7.003943e-002	-7.002054e-002
4.619850000000110e-002	-7.003593e-002	-7.001876e-002
4.621450000000112e-002	-7.003279e-002	-7.001716e-002
4.623050000000113e-002	-7.003001e-002	-7.001575e-002
4.624707142857257e-002	-7.002736e-002	-7.001441e-002
4.626364285714402e-002	-7.002491e-002	-7.001316e-002
4.628021428571547e-002	-7.002267e-002	-7.001202e-002
4.629678571428691e-002	-7.002062e-002	-7.001098e-002
4.631335714285836e-002	-7.001877e-002	-7.001003e-002
4.632992857142981e-002	-7.001711e-002	-7.000919e-002
4.634650000000125e-002	-7.001566e-002	-7.000845e-002
4.636407142857269e-002	-7.001425e-002	-7.000773e-002
4.638164285714414e-002	-7.001295e-002	-7.000707e-002
4.639921428571558e-002	-7.001176e-002	-7.000647e-002
4.641678571428703e-002	-7.001068e-002	-7.000592e-002
4.643435714285848e-002	-7.000971e-002	-7.000542e-002
4.645192857142993e-002	-7.000885e-002	-7.000498e-002
4.646950000000137e-002	-7.000810e-002	-7.000460e-002
4.648892857142997e-002	-7.000735e-002	-7.000421e-002
4.650835714285855e-002	-7.000666e-002	-7.000386e-002
4.652778571428715e-002	-7.000603e-002	-7.000354e-002
4.654721428571573e-002	-7.000547e-002	-7.000325e-002
4.656664285714433e-002	-7.000497e-002	-7.000299e-002
4.658607142857291e-002	-7.000453e-002	-7.000277e-002
4.660550000000151e-002	-7.000416e-002	-7.000258e-002
4.662878571428725e-002	-7.000376e-002	-7.000237e-002
4.665207142857298e-002	-7.000340e-002	-7.000218e-002
4.667535714285872e-002	-7.000308e-002	-7.000202e-002
4.669864285714446e-002	-7.000279e-002	-7.000187e-002
4.672192857143020e-002	-7.000254e-002	-7.000174e-002
4.674521428571593e-002	-7.000233e-002	-7.000163e-002
4.676850000000167e-002	-7.000216e-002	-7.000154e-002
4.680007142857313e-002	-7.000196e-002	-7.000143e-002
4.683164285714459e-002	-7.000178e-002	-7.000134e-002
4.686321428571605e-002	-7.000162e-002	-7.000125e-002
4.689478571428751e-002	-7.000148e-002	-7.000118e-002
4.692635714285897e-002	-7.000137e-002	-7.000112e-002
4.695792857143043e-002	-7.000128e-002	-7.000107e-002
4.698950000000189e-002	-7.000122e-002	-7.000103e-002
4.703250000000193e-002	-7.000114e-002	-7.000099e-002
4.709035714285913e-002	-7.000106e-002	-7.000094e-002
4.714821428571633e-002	-7.000099e-002	-7.000090e-002
4.720607142857353e-002	-7.000093e-002	-7.000087e-002
4.726392857143074e-002	-7.000088e-002	-7.000084e-002
4.732178571428794e-002	-7.000085e-002	-7.000081e-002
4.737964285714514e-002	-7.000082e-002	-7.000079e-002
4.743750000000234e-002	-7.000081e-002	-7.000078e-002
4.805650000000296e-002	-7.000066e-002	-7.000065e-002
4.908050000000398e-002	-7.000053e-002	-7.000051e-002
4.999950000000490e-002	-7.000045e-002	-7.000044e-002
5.000000000000000e-002	-7.000045e-002	-7.000044e-002
