time	V(N012,N005)	V(N013,N007)
0.000000000000000e+000	-7.000000e-002	-7.000000e-002
1.006310719994777e-003	-7.000009e-002	-7.000009e-002
2.030310719994708e-003	-7.000009e-002	-7.000009e-002
3.054310719994844e-003	-7.000009e-002	-7.000009e-002
4.078310719994979e-003	-7.000009e-002	-7.000009e-002
5.000000000000000e-003	-7.000009e-002	-7.000009e-002
5.000002089774759e-003	-7.000194e-002	-7.000028e-002
5.000010609138402e-003	-7.000967e-002	-7.000107e-002
5.000100000000000e-003	-7.009101e-002	-7.000943e-002
5.002535754992393e-003	-7.229455e-002	-7.023573e-002
5.004971509984787e-003	-7.447590e-002	-7.045975e-002
5.007407264977179e-003	-7.663507e-002	-7.068148e-002
5.009843019969573e-003	-7.877206e-002	-7.090092e-002
5.012278774961966e-003	-8.088686e-002	-7.111808e-002
5.014714529954359e-003	-8.297949e-002	-7.133295e-002
5.017150284946752e-003	-8.504993e-002	-7.154554e-002
5.019150284946752e-003	-8.673424e-002	-7.171851e-002
5.021150284946752e-003	-8.840418e-002	-7.189006e-002
5.023150284946753e-003	-9.005994e-002	-7.206005e-002
5.025150284946753e-003	-9.170157e-002	-7.222861e-002
5.028150284946753e-003	-9.413785e-002	-7.247883e-002
5.031150284946754e-003	-9.654307e-002	-7.272589e-002
5.034150284946754e-003	-9.891760e-002	-7.296968e-002
5.037150284946754e-003	-1.012619e-001	-7.321048e-002
5.040000000000000e-003	-1.034619e-001	-7.343626e-002
5.040100000000001e-003	-1.034476e-001	-7.343483e-002
5.040300000000000e-003	-1.034189e-001	-7.343185e-002
5.046328571428572e-003	-1.025695e-001	-7.334461e-002
5.052357142857145e-003	-1.017405e-001	-7.325947e-002
5.058385714285717e-003	-1.009321e-001	-7.317645e-002
5.064414285714289e-003	-1.001441e-001	-7.309554e-002
5.070442857142861e-003	-9.937664e-002	-7.301675e-002
5.076471428571434e-003	-9.862970e-002	-7.294006e-002
5.082500000000005e-003	-9.790325e-002	-7.286549e-002
5.083500000000006e-003	-9.778428e-002	-7.285321e-002
5.100100000000001e-003	-9.588385e-002	-7.265806e-002
5.119871428571432e-003	-9.382233e-002	-7.244636e-002
5.139642857142863e-003	-9.190031e-002	-7.224897e-002
5.159414285714294e-003	-9.011778e-002	-7.206592e-002
5.179185714285725e-003	-8.847473e-002	-7.189719e-002
5.198957142857156e-003	-8.697118e-002	-7.174278e-002
5.218728571428587e-003	-8.560711e-002	-7.160269e-002
5.238500000000018e-003	-8.438253e-002	-7.147694e-002
5.259642857142879e-003	-8.317627e-002	-7.135305e-002
5.280785714285738e-003	-8.205603e-002	-7.123800e-002
5.301928571428598e-003	-8.102181e-002	-7.113179e-002
5.323071428571458e-003	-8.007362e-002	-7.103441e-002
5.344214285714318e-003	-7.921145e-002	-7.094587e-002
5.365357142857178e-003	-7.843531e-002	-7.086617e-002
5.386500000000038e-003	-7.774520e-002	-7.079530e-002
5.407642857142898e-003	-7.710896e-002	-7.072999e-002
5.428785714285758e-003	-7.651809e-002	-7.066933e-002
5.449928571428618e-003	-7.597259e-002	-7.061331e-002
5.471071428571478e-003	-7.547246e-002	-7.056193e-002
5.492214285714338e-003	-7.501769e-002	-7.051519e-002
5.513357142857197e-003	-7.460829e-002	-7.047310e-002
5.534500000000058e-003	-7.424426e-002	-7.043564e-002
5.555642857142918e-003	-7.390870e-002	-7.040121e-002
5.576785714285777e-003	-7.359706e-002	-7.036923e-002
5.597928571428637e-003	-7.330936e-002	-7.033970e-002
5.619071428571498e-003	-7.304558e-002	-7.031262e-002
5.640214285714358e-003	-7.280573e-002	-7.028799e-002
5.661357142857217e-003	-7.258982e-002	-7.026582e-002
5.682500000000077e-003	-7.239783e-002	-7.024610e-002
5.703642857142937e-003	-7.222081e-002	-7.022794e-002
5.724785714285797e-003	-7.205642e-002	-7.021107e-002
5.745928571428657e-003	-7.190464e-002	-7.019548e-002
5.767071428571517e-003	-7.176549e-002	-7.018117e-002
5.788214285714377e-003	-7.163896e-002	-7.016815e-002
5.809357142857237e-003	-7.152506e-002	-7.015642e-002
5.830500000000097e-003	-7.142377e-002	-7.014596e-002
5.851642857142957e-003	-7.133040e-002	-7.013635e-002
5.872785714285816e-003	-7.124369e-002	-7.012742e-002
5.893928571428677e-003	-7.116363e-002	-7.011919e-002
5.915071428571537e-003	-7.109024e-002	-7.011164e-002
5.936214285714397e-003	-7.102349e-002	-7.010479e-002
5.957357142857256e-003	-7.096341e-002	-7.009863e-002
5.978500000000117e-003	-7.090998e-002	-7.009315e-002
5.996357142857262e-003	-7.086794e-002	-7.008883e-002
6.014214285714407e-003	-7.082853e-002	-7.008478e-002
6.032071428571552e-003	-7.079173e-002	-7.008100e-002
6.049928571428697e-003	-7.075755e-002	-7.007749e-002
6.067785714285842e-003	-7.072599e-002	-7.007425e-002
6.085642857142988e-003	-7.069705e-002	-7.007129e-002
6.103500000000133e-003	-7.067072e-002	-7.006860e-002
6.104500000000133e-003	-7.066917e-002	-7.006848e-002
6.125785714285850e-003	-7.064039e-002	-7.006547e-002
6.147071428571568e-003	-7.061368e-002	-7.006269e-002
6.168357142857284e-003	-7.058904e-002	-7.006014e-002
6.189642857143002e-003	-7.056648e-002	-7.005780e-002
6.210928571428719e-003	-7.054599e-002	-7.005569e-002
6.232214285714436e-003	-7.052757e-002	-7.005381e-002
6.253500000000153e-003	-7.051122e-002	-7.005215e-002
6.274928571428727e-003	-7.049602e-002	-7.005057e-002
6.296357142857301e-003	-7.048192e-002	-7.004911e-002
6.317785714285876e-003	-7.046891e-002	-7.004777e-002
6.339214285714451e-003	-7.045701e-002	-7.004654e-002
6.360642857143025e-003	-7.044620e-002	-7.004543e-002
6.382071428571599e-003	-7.043650e-002	-7.004444e-002
6.403500000000173e-003	-7.042789e-002	-7.004356e-002
6.425214285714462e-003	-7.041983e-002	-7.004274e-002
6.446928571428750e-003	-7.041236e-002	-7.004198e-002
6.468642857143039e-003	-7.040548e-002	-7.004127e-002
6.490357142857327e-003	-7.039920e-002	-7.004062e-002
6.512071428571616e-003	-7.039351e-002	-7.004004e-002
6.533785714285904e-003	-7.038841e-002	-7.003951e-002
6.555500000000193e-003	-7.038391e-002	-7.003903e-002
6.577785714285910e-003	-7.037958e-002	-7.003853e-002
6.600071428571628e-003	-7.037558e-002	-7.003808e-002
6.622357142857345e-003	-7.037191e-002	-7.003767e-002
6.644642857143062e-003	-7.036857e-002	-7.003731e-002
6.666928571428779e-003	-7.036556e-002	-7.003700e-002
6.689214285714497e-003	-7.036289e-002	-7.003674e-002
6.711500000000214e-003	-7.036054e-002	-7.003653e-002
6.734928571428788e-003	-7.035823e-002	-7.003631e-002
6.758357142857363e-003	-7.035611e-002	-7.003611e-002
6.781785714285937e-003	-7.035417e-002	-7.003591e-002
6.805214285714512e-003	-7.035242e-002	-7.003572e-002
6.828642857143087e-003	-7.035085e-002	-7.003555e-002
6.852071428571661e-003	-7.034946e-002	-7.003538e-002
6.875500000000236e-003	-7.034826e-002	-7.003522e-002
6.901071428571668e-003	-7.034705e-002	-7.003510e-002
6.926642857143100e-003	-7.034594e-002	-7.003500e-002
6.952214285714532e-003	-7.034492e-002	-7.003491e-002
6.977785714285963e-003	-7.034400e-002	-7.003482e-002
7.003357142857395e-003	-7.034318e-002	-7.003474e-002
7.028928571428827e-003	-7.034245e-002	-7.003468e-002
7.054500000000259e-003	-7.034183e-002	-7.003462e-002
7.064928571428832e-003	-7.034163e-002	-7.003453e-002
7.075357142857405e-003	-7.034143e-002	-7.003446e-002
7.085785714285977e-003	-7.034122e-002	-7.003440e-002
7.096214285714551e-003	-7.034100e-002	-7.003437e-002
7.106642857143124e-003	-7.034077e-002	-7.003436e-002
7.117071428571696e-003	-7.034053e-002	-7.003436e-002
7.127500000000269e-003	-7.034028e-002	-7.003438e-002
7.128500000000269e-003	-7.034028e-002	-7.003438e-002
7.160928571428845e-003	-7.033977e-002	-7.003429e-002
7.193357142857420e-003	-7.033932e-002	-7.003422e-002
7.225785714285996e-003	-7.033891e-002	-7.003417e-002
7.258214285714573e-003	-7.033855e-002	-7.003413e-002
7.290642857143148e-003	-7.033824e-002	-7.003412e-002
7.323071428571724e-003	-7.033798e-002	-7.003412e-002
7.355500000000299e-003	-7.033777e-002	-7.003415e-002
7.400071428571734e-003	-7.033753e-002	-7.003410e-002
7.444642857143169e-003	-7.033732e-002	-7.003406e-002
7.489214285714603e-003	-7.033714e-002	-7.003404e-002
7.533785714286038e-003	-7.033698e-002	-7.003402e-002
7.578357142857472e-003	-7.033686e-002	-7.003401e-002
7.622928571428906e-003	-7.033677e-002	-7.003401e-002
7.667500000000341e-003	-7.033670e-002	-7.003403e-002
7.736642857143165e-003	-7.033651e-002	-7.003393e-002
7.805785714285989e-003	-7.033637e-002	-7.003386e-002
7.874928571428814e-003	-7.033626e-002	-7.003381e-002
7.944071428571637e-003	-7.033619e-002	-7.003377e-002
8.013214285714462e-003	-7.033616e-002	-7.003376e-002
8.082357142857287e-003	-7.033617e-002	-7.003376e-002
8.151500000000110e-003	-7.033622e-002	-7.003379e-002
8.152500000000109e-003	-7.033622e-002	-7.003379e-002
8.298642857142859e-003	-7.033613e-002	-7.003374e-002
8.444785714285610e-003	-7.033606e-002	-7.003371e-002
8.590928571428359e-003	-7.033600e-002	-7.003368e-002
8.737071428571108e-003	-7.033597e-002	-7.003366e-002
8.883214285713859e-003	-7.033596e-002	-7.003365e-002
9.029357142856609e-003	-7.033596e-002	-7.003366e-002
9.175499999999358e-003	-7.033598e-002	-7.003367e-002
9.176499999999357e-003	-7.033598e-002	-7.003367e-002
1.020049999999861e-002	-7.033587e-002	-7.003355e-002
1.122449999999785e-002	-7.033587e-002	-7.003355e-002
1.224849999999710e-002	-7.033587e-002	-7.003343e-002
1.327249999999635e-002	-7.033575e-002	-7.003343e-002
1.429649999999560e-002	-7.033575e-002	-7.003343e-002
1.532049999999484e-002	-7.033575e-002	-7.003343e-002
1.634449999999534e-002	-7.033575e-002	-7.003343e-002
1.736849999999636e-002	-7.033575e-002	-7.003343e-002
1.839249999999739e-002	-7.033575e-002	-7.003343e-002
1.941649999999841e-002	-7.033575e-002	-7.003343e-002
2.044049999999944e-002	-7.033575e-002	-7.003343e-002
2.146450000000046e-002	-7.033575e-002	-7.003343e-002
2.248850000000148e-002	-7.033575e-002	-7.003343e-002
2.351250000000251e-002	-7.033575e-002	-7.003343e-002
2.453650000000353e-002	-7.033575e-002	-7.003343e-002
2.500000000000000e-002	-7.033575e-002	-7.003343e-002
2.500002000000000e-002	-7.029951e-002	-7.002974e-002
2.500006000000000e-002	-7.022679e-002	-7.002234e-002
2.500020000000000e-002	-6.997216e-002	-6.999612e-002
2.500305828571429e-002	-6.480779e-002	-6.946579e-002
2.500591657142857e-002	-5.970418e-002	-6.894171e-002
2.500877485714286e-002	-5.466134e-002	-6.842386e-002
2.501163314285715e-002	-4.967927e-002	-6.791224e-002
2.501449142857144e-002	-4.475796e-002	-6.740686e-002
2.501734971428573e-002	-3.989741e-002	-6.690772e-002
2.502020800000001e-002	-3.509763e-002	-6.641482e-002
2.502303542857144e-002	-3.040751e-002	-6.593319e-002
2.502586285714287e-002	-2.577193e-002	-6.545715e-002
2.502869028571429e-002	-2.119090e-002	-6.498671e-002
2.503151771428572e-002	-1.666442e-002	-6.452187e-002
2.503434514285715e-002	-1.219248e-002	-6.406262e-002
2.503717257142857e-002	-7.775089e-003	-6.360896e-002
2.504000000000000e-002	-3.412247e-003	-6.316090e-002
2.504003370355651e-002	-3.421783e-003	-6.316197e-002
2.504010111066953e-002	-3.441095e-003	-6.316388e-002
2.505352163918130e-002	-7.145906e-003	-6.354437e-002
2.506694216769307e-002	-1.066814e-002	-6.390610e-002
2.508036269620484e-002	-1.400779e-002	-6.424909e-002
2.509378322471660e-002	-1.716486e-002	-6.457332e-002
2.510720375322837e-002	-2.013935e-002	-6.487880e-002
2.512062428174014e-002	-2.293126e-002	-6.516553e-002
2.513404481025191e-002	-2.554059e-002	-6.543350e-002
2.514061623882334e-002	-2.677385e-002	-6.556015e-002
2.514718766739478e-002	-2.797485e-002	-6.568349e-002
2.515375909596622e-002	-2.914361e-002	-6.580352e-002
2.516033052453765e-002	-3.028012e-002	-6.592025e-002
2.516690195310908e-002	-3.138438e-002	-6.603366e-002
2.517347338168052e-002	-3.245638e-002	-6.614377e-002
2.518004481025195e-002	-3.349614e-002	-6.625056e-002
2.518204481025196e-002	-3.380740e-002	-6.628251e-002
2.518462412307311e-002	-3.420477e-002	-6.632332e-002
2.518720343589425e-002	-3.459786e-002	-6.636368e-002
2.518978274871540e-002	-3.498669e-002	-6.640362e-002
2.519236206153655e-002	-3.537124e-002	-6.644311e-002
2.519494137435770e-002	-3.575152e-002	-6.648216e-002
2.519752068717885e-002	-3.612753e-002	-6.652078e-002
2.520010000000000e-002	-3.649926e-002	-6.655896e-002
2.521287142857144e-002	-3.826845e-002	-6.674062e-002
2.522564285714288e-002	-3.995405e-002	-6.691371e-002
2.523841428571432e-002	-4.155607e-002	-6.707823e-002
2.525118571428577e-002	-4.307451e-002	-6.723417e-002
2.526395714285721e-002	-4.450936e-002	-6.738154e-002
2.527672857142865e-002	-4.586063e-002	-6.752033e-002
2.528950000000009e-002	-4.712832e-002	-6.765056e-002
2.531064285714297e-002	-4.906356e-002	-6.784930e-002
2.533178571428584e-002	-5.086080e-002	-6.803387e-002
2.535292857142872e-002	-5.252002e-002	-6.820427e-002
2.537407142857160e-002	-5.404123e-002	-6.836050e-002
2.539521428571448e-002	-5.542443e-002	-6.850256e-002
2.541635714285736e-002	-5.666963e-002	-6.863046e-002
2.543750000000023e-002	-5.777681e-002	-6.874418e-002
2.545264285714311e-002	-5.852301e-002	-6.882078e-002
2.546778571428598e-002	-5.922852e-002	-6.889321e-002
2.548292857142885e-002	-5.989332e-002	-6.896147e-002
2.549807142857172e-002	-6.051744e-002	-6.902557e-002
2.551321428571460e-002	-6.110085e-002	-6.908551e-002
2.552835714285747e-002	-6.164357e-002	-6.914128e-002
2.554350000000034e-002	-6.214559e-002	-6.919289e-002
2.554450000000034e-002	-6.217802e-002	-6.919622e-002
2.556564285714322e-002	-6.282080e-002	-6.926226e-002
2.558678571428610e-002	-6.341774e-002	-6.932359e-002
2.560792857142898e-002	-6.396886e-002	-6.938021e-002
2.562907142857186e-002	-6.447413e-002	-6.943211e-002
2.565021428571473e-002	-6.493357e-002	-6.947931e-002
2.567135714285761e-002	-6.534718e-002	-6.952180e-002
2.569250000000049e-002	-6.571496e-002	-6.955957e-002
2.571364285714337e-002	-6.605399e-002	-6.959437e-002
2.573478571428624e-002	-6.636885e-002	-6.962670e-002
2.575592857142912e-002	-6.665955e-002	-6.965656e-002
2.577707142857200e-002	-6.692606e-002	-6.968394e-002
2.579821428571488e-002	-6.716841e-002	-6.970885e-002
2.581935714285776e-002	-6.738658e-002	-6.973129e-002
2.584050000000064e-002	-6.758058e-002	-6.975126e-002
2.586164285714352e-002	-6.775938e-002	-6.976960e-002
2.588278571428639e-002	-6.792544e-002	-6.978665e-002
2.590392857142927e-002	-6.807876e-002	-6.980240e-002
2.592507142857215e-002	-6.821934e-002	-6.981686e-002
2.594621428571503e-002	-6.834718e-002	-6.983003e-002
2.596735714285791e-002	-6.846229e-002	-6.984190e-002
2.598850000000079e-002	-6.856465e-002	-6.985247e-002
2.600964285714367e-002	-6.865895e-002	-6.986214e-002
2.603078571428654e-002	-6.874652e-002	-6.987114e-002
2.605192857142942e-002	-6.882739e-002	-6.987945e-002
2.607307142857230e-002	-6.890153e-002	-6.988708e-002
2.609421428571518e-002	-6.896897e-002	-6.989402e-002
2.611535714285805e-002	-6.902969e-002	-6.990029e-002
2.613650000000093e-002	-6.908369e-002	-6.990588e-002
2.615778571428667e-002	-6.913373e-002	-6.991098e-002
2.617907142857241e-002	-6.918019e-002	-6.991573e-002
2.620035714285814e-002	-6.922309e-002	-6.992014e-002
2.622164285714388e-002	-6.926241e-002	-6.992419e-002
2.624292857142961e-002	-6.929816e-002	-6.992789e-002
2.626421428571535e-002	-6.933034e-002	-6.993125e-002
2.628550000000108e-002	-6.935894e-002	-6.993425e-002
2.630678571428682e-002	-6.938520e-002	-6.993693e-002
2.632807142857255e-002	-6.940958e-002	-6.993943e-002
2.634935714285829e-002	-6.943208e-002	-6.994174e-002
2.637064285714403e-002	-6.945271e-002	-6.994387e-002
2.639192857142976e-002	-6.947145e-002	-6.994582e-002
2.641321428571550e-002	-6.948832e-002	-6.994758e-002
2.643450000000123e-002	-6.950331e-002	-6.994915e-002
2.645350000000125e-002	-6.951579e-002	-6.995046e-002
2.647250000000127e-002	-6.952744e-002	-6.995168e-002
2.649150000000129e-002	-6.953826e-002	-6.995280e-002
2.651050000000131e-002	-6.954826e-002	-6.995382e-002
2.652950000000133e-002	-6.955743e-002	-6.995475e-002
2.654850000000135e-002	-6.956577e-002	-6.995557e-002
2.656750000000136e-002	-6.957328e-002	-6.995630e-002
2.656850000000137e-002	-6.957376e-002	-6.995642e-002
2.659021428571567e-002	-6.958168e-002	-6.995724e-002
2.661192857142998e-002	-6.958901e-002	-6.995801e-002
2.663364285714429e-002	-6.959576e-002	-6.995871e-002
2.665535714285859e-002	-6.960192e-002	-6.995936e-002
2.667707142857290e-002	-6.960750e-002	-6.995995e-002
2.669878571428721e-002	-6.961250e-002	-6.996048e-002
2.672050000000152e-002	-6.961691e-002	-6.996095e-002
2.674292857143011e-002	-6.962111e-002	-6.996135e-002
2.676535714285870e-002	-6.962500e-002	-6.996173e-002
2.678778571428730e-002	-6.962858e-002	-6.996209e-002
2.681021428571589e-002	-6.963187e-002	-6.996243e-002
2.683264285714449e-002	-6.963486e-002	-6.996275e-002
2.685507142857308e-002	-6.963754e-002	-6.996305e-002
2.687750000000167e-002	-6.963992e-002	-6.996334e-002
2.690107142857313e-002	-6.964214e-002	-6.996361e-002
2.692464285714458e-002	-6.964419e-002	-6.996386e-002
2.694821428571603e-002	-6.964607e-002	-6.996407e-002
2.697178571428748e-002	-6.964779e-002	-6.996426e-002
2.699535714285893e-002	-6.964935e-002	-6.996442e-002
2.701892857143039e-002	-6.965074e-002	-6.996455e-002
2.704250000000184e-002	-6.965196e-002	-6.996465e-002
2.706821428571615e-002	-6.965319e-002	-6.996481e-002
2.709392857143046e-002	-6.965430e-002	-6.996495e-002
2.711964285714478e-002	-6.965531e-002	-6.996507e-002
2.714535714285908e-002	-6.965621e-002	-6.996517e-002
2.717107142857340e-002	-6.965701e-002	-6.996526e-002
2.719678571428771e-002	-6.965770e-002	-6.996532e-002
2.722250000000202e-002	-6.965828e-002	-6.996536e-002
2.725250000000205e-002	-6.965887e-002	-6.996543e-002
2.728250000000208e-002	-6.965943e-002	-6.996550e-002
2.731250000000211e-002	-6.965994e-002	-6.996557e-002
2.734250000000214e-002	-6.966042e-002	-6.996564e-002
2.737250000000217e-002	-6.966086e-002	-6.996570e-002
2.740250000000220e-002	-6.966126e-002	-6.996577e-002
2.743250000000223e-002	-6.966162e-002	-6.996584e-002
2.745521428571654e-002	-6.966180e-002	-6.996583e-002
2.747792857143085e-002	-6.966197e-002	-6.996582e-002
2.750064285714516e-002	-6.966214e-002	-6.996583e-002
2.752335714285946e-002	-6.966229e-002	-6.996585e-002
2.754607142857377e-002	-6.966243e-002	-6.996588e-002
2.756878571428808e-002	-6.966257e-002	-6.996591e-002
2.759150000000239e-002	-6.966269e-002	-6.996596e-002
2.759250000000239e-002	-6.966269e-002	-6.996596e-002
2.764250000000244e-002	-6.966288e-002	-6.996598e-002
2.769250000000249e-002	-6.966306e-002	-6.996601e-002
2.774250000000254e-002	-6.966322e-002	-6.996605e-002
2.779250000000259e-002	-6.966335e-002	-6.996610e-002
2.784250000000264e-002	-6.966347e-002	-6.996617e-002
2.789250000000269e-002	-6.966357e-002	-6.996624e-002
2.794250000000274e-002	-6.966364e-002	-6.996632e-002
2.803735714285998e-002	-6.966371e-002	-6.996630e-002
2.813221428571722e-002	-6.966378e-002	-6.996630e-002
2.822707142857445e-002	-6.966385e-002	-6.996631e-002
2.832192857143169e-002	-6.966392e-002	-6.996633e-002
2.841678571428893e-002	-6.966398e-002	-6.996635e-002
2.851164285714617e-002	-6.966405e-002	-6.996639e-002
2.860650000000340e-002	-6.966412e-002	-6.996644e-002
2.861650000000341e-002	-6.966412e-002	-6.996644e-002
2.964050000000444e-002	-6.966436e-002	-6.996667e-002
3.066450000000546e-002	-6.966448e-002	-6.996679e-002
3.168850000000648e-002	-6.966460e-002	-6.996691e-002
3.271250000000751e-002	-6.966460e-002	-6.996703e-002
3.373650000000853e-002	-6.966472e-002	-6.996703e-002
3.476050000000956e-002	-6.966472e-002	-6.996703e-002
3.578450000001058e-002	-6.966472e-002	-6.996703e-002
3.680850000001160e-002	-6.966472e-002	-6.996703e-002
3.783250000001263e-002	-6.966472e-002	-6.996703e-002
3.885650000001365e-002	-6.966484e-002	-6.996703e-002
3.988050000001468e-002	-6.966484e-002	-6.996703e-002
4.090450000001570e-002	-6.966484e-002	-6.996703e-002
4.192850000001672e-002	-6.966484e-002	-6.996703e-002
4.295250000001775e-002	-6.966484e-002	-6.996703e-002
4.397650000001877e-002	-6.966472e-002	-6.996703e-002
4.500000000000000e-002	-6.966472e-002	-6.996703e-002
4.500001000000000e-002	-6.967378e-002	-6.996799e-002
4.500003000000000e-002	-6.969202e-002	-6.996989e-002
4.500010000000000e-002	-6.975567e-002	-6.997645e-002
4.500038800000000e-002	-7.001743e-002	-7.000334e-002
4.500067600000001e-002	-7.027885e-002	-7.003019e-002
4.500096400000001e-002	-7.053994e-002	-7.005700e-002
4.500125200000002e-002	-7.080071e-002	-7.008377e-002
4.500154000000002e-002	-7.106114e-002	-7.011050e-002
4.500182800000003e-002	-7.132124e-002	-7.013719e-002
4.500211600000003e-002	-7.158101e-002	-7.016385e-002
4.500752800000003e-002	-7.640012e-002	-7.065872e-002
4.501294000000002e-002	-8.111504e-002	-7.114290e-002
4.501835200000002e-002	-8.572574e-002	-7.161638e-002
4.502376400000001e-002	-9.023223e-002	-7.207916e-002
4.502917600000000e-002	-9.463452e-002	-7.253124e-002
4.503458800000000e-002	-9.893260e-002	-7.297262e-002
4.504000000000000e-002	-1.031265e-001	-7.340330e-002
4.504010000000000e-002	-1.031122e-001	-7.340184e-002
4.504030000000000e-002	-1.030836e-001	-7.339890e-002
4.504882857142857e-002	-1.018901e-001	-7.327633e-002
4.505735714285714e-002	-1.007362e-001	-7.315782e-002
4.506588571428571e-002	-9.962173e-002	-7.304337e-002
4.507441428571429e-002	-9.854686e-002	-7.293299e-002
4.508294285714286e-002	-9.751153e-002	-7.282666e-002
4.509147142857143e-002	-9.651576e-002	-7.272440e-002
4.510000000000000e-002	-9.555953e-002	-7.262620e-002
4.512107142857145e-002	-9.337149e-002	-7.240150e-002
4.514214285714290e-002	-9.133907e-002	-7.219278e-002
4.516321428571435e-002	-8.946227e-002	-7.200003e-002
4.518428571428580e-002	-8.774109e-002	-7.182327e-002
4.520535714285725e-002	-8.617554e-002	-7.166249e-002
4.522642857142870e-002	-8.476560e-002	-7.151769e-002
4.524750000000015e-002	-8.351128e-002	-7.138887e-002
4.526864285714303e-002	-8.235104e-002	-7.126971e-002
4.528978571428591e-002	-8.127355e-002	-7.115905e-002
4.531092857142879e-002	-8.027879e-002	-7.105689e-002
4.533207142857166e-002	-7.936677e-002	-7.096322e-002
4.535321428571454e-002	-7.853750e-002	-7.087806e-002
4.537435714285742e-002	-7.779097e-002	-7.080138e-002
4.539550000000030e-002	-7.712717e-002	-7.073321e-002
4.541664285714318e-002	-7.651520e-002	-7.067035e-002
4.543778571428606e-002	-7.594687e-002	-7.061198e-002
4.545892857142894e-002	-7.542218e-002	-7.055809e-002
4.548007142857181e-002	-7.494113e-002	-7.050868e-002
4.550121428571469e-002	-7.450373e-002	-7.046375e-002
4.552235714285757e-002	-7.410997e-002	-7.042331e-002
4.554350000000045e-002	-7.375985e-002	-7.038735e-002
4.556464285714332e-002	-7.343706e-002	-7.035419e-002
4.558578571428620e-002	-7.313728e-002	-7.032340e-002
4.560692857142908e-002	-7.286053e-002	-7.029497e-002
4.562807142857196e-002	-7.260680e-002	-7.026890e-002
4.564921428571483e-002	-7.237609e-002	-7.024520e-002
4.567035714285771e-002	-7.216839e-002	-7.022387e-002
4.569150000000059e-002	-7.198372e-002	-7.020490e-002
4.571264285714347e-002	-7.181346e-002	-7.018740e-002
4.573378571428635e-002	-7.165534e-002	-7.017115e-002
4.575492857142923e-002	-7.150936e-002	-7.015615e-002
4.577607142857210e-002	-7.137552e-002	-7.014240e-002
4.579721428571498e-002	-7.125383e-002	-7.012990e-002
4.581835714285786e-002	-7.114428e-002	-7.011864e-002
4.583950000000074e-002	-7.104687e-002	-7.010863e-002
4.586064285714362e-002	-7.095706e-002	-7.009940e-002
4.588178571428650e-002	-7.087366e-002	-7.009083e-002
4.590292857142938e-002	-7.079666e-002	-7.008291e-002
4.592407142857225e-002	-7.072606e-002	-7.007565e-002
4.594521428571513e-002	-7.066187e-002	-7.006905e-002
4.596635714285801e-002	-7.060409e-002	-7.006311e-002
4.598750000000089e-002	-7.055270e-002	-7.005783e-002
4.600850000000091e-002	-7.050484e-002	-7.005291e-002
4.602978571428665e-002	-7.046131e-002	-7.004843e-002
4.605107142857238e-002	-7.042089e-002	-7.004427e-002
4.607235714285812e-002	-7.038360e-002	-7.004043e-002
4.609364285714385e-002	-7.034943e-002	-7.003692e-002
4.611492857142959e-002	-7.031838e-002	-7.003372e-002
4.613621428571532e-002	-7.029045e-002	-7.003085e-002
4.615750000000106e-002	-7.026564e-002	-7.002830e-002
4.617878571428680e-002	-7.024277e-002	-7.002594e-002
4.620007142857253e-002	-7.022154e-002	-7.002375e-002
4.622135714285827e-002	-7.020196e-002	-7.002173e-002
4.624264285714400e-002	-7.018401e-002	-7.001988e-002
4.626392857142974e-002	-7.016770e-002	-7.001820e-002
4.628521428571547e-002	-7.015303e-002	-7.001669e-002
4.630650000000121e-002	-7.013999e-002	-7.001535e-002
4.632807142857266e-002	-7.012783e-002	-7.001409e-002
4.634964285714411e-002	-7.011655e-002	-7.001292e-002
4.637121428571556e-002	-7.010615e-002	-7.001185e-002
4.639278571428701e-002	-7.009663e-002	-7.001086e-002
4.641435714285846e-002	-7.008799e-002	-7.000997e-002
4.643592857142991e-002	-7.008023e-002	-7.000917e-002
4.645750000000136e-002	-7.007335e-002	-7.000846e-002
4.647950000000138e-002	-7.006690e-002	-7.000779e-002
4.650150000000140e-002	-7.006093e-002	-7.000717e-002
4.652350000000143e-002	-7.005543e-002	-7.000660e-002
4.654550000000145e-002	-7.005040e-002	-7.000608e-002
4.656750000000147e-002	-7.004584e-002	-7.000560e-002
4.658950000000149e-002	-7.004176e-002	-7.000518e-002
4.661150000000151e-002	-7.003816e-002	-7.000480e-002
4.663421428571582e-002	-7.003474e-002	-7.000444e-002
4.665692857143013e-002	-7.003158e-002	-7.000411e-002
4.667964285714444e-002	-7.002868e-002	-7.000381e-002
4.670235714285875e-002	-7.002603e-002	-7.000353e-002
4.672507142857305e-002	-7.002364e-002	-7.000328e-002
4.674778571428737e-002	-7.002151e-002	-7.000305e-002
4.677050000000167e-002	-7.001963e-002	-7.000285e-002
4.679464285714455e-002	-7.001781e-002	-7.000266e-002
4.681878571428744e-002	-7.001613e-002	-7.000248e-002
4.684292857143032e-002	-7.001460e-002	-7.000232e-002
4.686707142857319e-002	-7.001321e-002	-7.000217e-002
4.689121428571608e-002	-7.001196e-002	-7.000204e-002
4.691535714285896e-002	-7.001086e-002	-7.000192e-002
4.693950000000184e-002	-7.000990e-002	-7.000181e-002
4.695264285714471e-002	-7.000940e-002	-7.000176e-002
4.696578571428758e-002	-7.000893e-002	-7.000171e-002
4.697892857143046e-002	-7.000848e-002	-7.000166e-002
4.699207142857332e-002	-7.000805e-002	-7.000161e-002
4.700521428571619e-002	-7.000765e-002	-7.000157e-002
4.701835714285906e-002	-7.000727e-002	-7.000153e-002
4.703150000000193e-002	-7.000692e-002	-7.000149e-002
4.703250000000193e-002	-7.000689e-002	-7.000148e-002
4.706164285714482e-002	-7.000619e-002	-7.000141e-002
4.709078571428771e-002	-7.000555e-002	-7.000134e-002
4.711992857143060e-002	-7.000498e-002	-7.000127e-002
4.714907142857348e-002	-7.000447e-002	-7.000121e-002
4.717821428571636e-002	-7.000402e-002	-7.000116e-002
4.720735714285925e-002	-7.000364e-002	-7.000111e-002
4.723650000000214e-002	-7.000331e-002	-7.000107e-002
4.727378571428789e-002	-7.000295e-002	-7.000103e-002
4.731107142857364e-002	-7.000263e-002	-7.000099e-002
4.734835714285939e-002	-7.000234e-002	-7.000095e-002
4.738564285714515e-002	-7.000209e-002	-7.000092e-002
4.742292857143090e-002	-7.000188e-002	-7.000089e-002
4.746021428571665e-002	-7.000170e-002	-7.000087e-002
4.749750000000240e-002	-7.000157e-002	-7.000084e-002
4.755292857143103e-002	-7.000140e-002	-7.000082e-002
4.760835714285965e-002	-7.000125e-002	-7.000079e-002
4.766378571428828e-002	-7.000113e-002	-7.000077e-002
4.771921428571690e-002	-7.000102e-002	-7.000075e-002
4.777464285714553e-002	-7.000094e-002	-7.000073e-002
4.783007142857416e-002	-7.000088e-002	-7.000071e-002
4.788550000000279e-002	-7.000084e-002	-7.000070e-002
4.805650000000296e-002	-7.000073e-002	-7.000066e-002
4.820264285714596e-002	-7.000068e-002	-7.000064e-002
4.834878571428897e-002	-7.000064e-002	-7.000061e-002
4.849492857143197e-002	-7.000060e-002	-7.000059e-002
4.864107142857497e-002	-7.000057e-002	-7.000057e-002
4.878721428571797e-002	-7.000055e-002	-7.000055e-002
4.893335714286098e-002	-7.000053e-002	-7.000054e-002
4.907950000000398e-002	-7.000052e-002	-7.000052e-002
4.908050000000398e-002	-7.000052e-002	-7.000052e-002
4.999950000000490e-002	-7.000044e-002	-7.000043e-002
5.000000000000000e-002	-7.000044e-002	-7.000043e-002
