time	V(N012,N005)	V(N013,N007)
0.000000000000000e+000	-7.000000e-002	-7.000000e-002
1.006310719994777e-003	-7.000009e-002	-7.000009e-002
2.030310719994708e-003	-7.000009e-002	-7.000009e-002
3.054310719994844e-003	-7.000009e-002	-7.000009e-002
4.078310719994979e-003	-7.000009e-002	-7.000009e-002
5.000000000000000e-003	-7.000009e-002	-7.000009e-002
5.000001399712213e-003	-7.000131e-002	-7.000131e-002
5.000004199136640e-003	-7.000384e-002	-7.000384e-002
5.000100000000000e-003	-7.009100e-002	-7.009100e-002
5.001772920080102e-003	-7.160132e-002	-7.160132e-002
5.003445840160205e-003	-7.309291e-002	-7.309291e-002
5.005118760240307e-003	-7.456578e-002	-7.456578e-002
5.006791680320409e-003	-7.601993e-002	-7.601993e-002
5.008464600400510e-003	-7.745535e-002	-7.745535e-002
5.010137520480613e-003	-7.887205e-002	-7.887205e-002
5.011810440560715e-003	-8.027002e-002	-8.027002e-002
5.012810440560715e-003	-8.109725e-002	-8.109725e-002
5.013810440560715e-003	-8.191809e-002	-8.191809e-002
5.014810440560715e-003	-8.273259e-002	-8.273259e-002
5.015810440560715e-003	-8.354080e-002	-8.354080e-002
5.016810440560716e-003	-8.434272e-002	-8.434272e-002
5.017810440560716e-003	-8.513844e-002	-8.513844e-002
5.019810440560716e-003	-8.671159e-002	-8.671159e-002
5.021810440560716e-003	-8.826041e-002	-8.826041e-002
5.023810440560717e-003	-8.978540e-002	-8.978540e-002
5.025810440560717e-003	-9.128696e-002	-9.128696e-002
5.028810440560717e-003	-9.349597e-002	-9.349597e-002
5.031810440560718e-003	-9.565419e-002	-9.565419e-002
5.034810440560718e-003	-9.776270e-002	-9.776270e-002
5.035551806194901e-003	-9.827606e-002	-9.827606e-002
5.036293171829085e-003	-9.878663e-002	-9.878663e-002
5.037034537463268e-003	-9.929442e-002	-9.929442e-002
5.037775903097451e-003	-9.979942e-002	-9.979942e-002
5.038517268731634e-003	-1.003016e-001	-1.003016e-001
5.039258634365817e-003	-1.008011e-001	-1.008011e-001
5.040000000000000e-003	-1.012977e-001	-1.012977e-001
5.040100000000001e-003	-1.012737e-001	-1.012737e-001
5.040300000000000e-003	-1.012251e-001	-1.012251e-001
5.046328571428572e-003	-9.980536e-002	-9.980536e-002
5.052357142857145e-003	-9.844399e-002	-9.844399e-002
5.058385714285717e-003	-9.714105e-002	-9.714105e-002
5.064414285714289e-003	-9.589652e-002	-9.589652e-002
5.070442857142861e-003	-9.471041e-002	-9.471041e-002
5.076471428571434e-003	-9.358272e-002	-9.358272e-002
5.082500000000005e-003	-9.251344e-002	-9.251344e-002
5.083500000000006e-003	-9.233975e-002	-9.233975e-002
5.085871428571433e-003	-9.193381e-002	-9.193381e-002
5.088242857142862e-003	-9.153494e-002	-9.153494e-002
5.090614285714289e-003	-9.114314e-002	-9.114314e-002
5.092985714285717e-003	-9.075842e-002	-9.075842e-002
5.095357142857145e-003	-9.038077e-002	-9.038077e-002
5.097728571428573e-003	-9.001020e-002	-9.001020e-002
5.100100000000001e-003	-8.964670e-002	-8.964670e-002
5.111728571428573e-003	-8.798573e-002	-8.798573e-002
5.123357142857147e-003	-8.644258e-002	-8.644258e-002
5.134985714285719e-003	-8.501727e-002	-8.501727e-002
5.146614285714292e-003	-8.370978e-002	-8.370978e-002
5.158242857142865e-003	-8.252012e-002	-8.252012e-002
5.169871428571438e-003	-8.144829e-002	-8.144829e-002
5.181500000000011e-003	-8.049428e-002	-8.049428e-002
5.193214285714298e-003	-7.960844e-002	-7.960844e-002
5.204928571428585e-003	-7.878579e-002	-7.878579e-002
5.216642857142873e-003	-7.802635e-002	-7.802635e-002
5.228357142857160e-003	-7.733012e-002	-7.733012e-002
5.240071428571447e-003	-7.669709e-002	-7.669709e-002
5.251785714285734e-003	-7.612727e-002	-7.612727e-002
5.263500000000022e-003	-7.562065e-002	-7.562065e-002
5.275214285714309e-003	-7.515367e-002	-7.515367e-002
5.286928571428596e-003	-7.472001e-002	-7.472001e-002
5.298642857142884e-003	-7.431965e-002	-7.431965e-002
5.310357142857171e-003	-7.395261e-002	-7.395261e-002
5.322071428571458e-003	-7.361887e-002	-7.361887e-002
5.333785714285745e-003	-7.331845e-002	-7.331845e-002
5.345500000000033e-003	-7.305133e-002	-7.305133e-002
5.357214285714320e-003	-7.280512e-002	-7.280512e-002
5.368928571428607e-003	-7.257647e-002	-7.257647e-002
5.380642857142895e-003	-7.236540e-002	-7.236540e-002
5.392357142857181e-003	-7.217191e-002	-7.217191e-002
5.404071428571469e-003	-7.199599e-002	-7.199599e-002
5.415785714285756e-003	-7.183765e-002	-7.183765e-002
5.427500000000043e-003	-7.169688e-002	-7.169688e-002
5.439214285714331e-003	-7.156710e-002	-7.156710e-002
5.450928571428618e-003	-7.144657e-002	-7.144657e-002
5.462642857142906e-003	-7.133528e-002	-7.133528e-002
5.474357142857192e-003	-7.123324e-002	-7.123324e-002
5.486071428571480e-003	-7.114044e-002	-7.114044e-002
5.497785714285767e-003	-7.105688e-002	-7.105688e-002
5.509500000000054e-003	-7.098258e-002	-7.098258e-002
5.521214285714342e-003	-7.091420e-002	-7.091420e-002
5.532928571428629e-003	-7.085069e-002	-7.085069e-002
5.544642857142916e-003	-7.079204e-002	-7.079204e-002
5.556357142857203e-003	-7.073826e-002	-7.073826e-002
5.568071428571491e-003	-7.068934e-002	-7.068934e-002
5.579785714285778e-003	-7.064530e-002	-7.064530e-002
5.591500000000065e-003	-7.060611e-002	-7.060611e-002
5.603214285714353e-003	-7.057008e-002	-7.057008e-002
5.614928571428640e-003	-7.053661e-002	-7.053661e-002
5.626642857142927e-003	-7.050569e-002	-7.050569e-002
5.638357142857214e-003	-7.047734e-002	-7.047734e-002
5.650071428571502e-003	-7.045154e-002	-7.045154e-002
5.661785714285788e-003	-7.042831e-002	-7.042831e-002
5.673500000000076e-003	-7.040763e-002	-7.040763e-002
5.685214285714364e-003	-7.038864e-002	-7.038864e-002
5.696928571428651e-003	-7.037100e-002	-7.037100e-002
5.708642857142938e-003	-7.035471e-002	-7.035471e-002
5.720357142857225e-003	-7.033977e-002	-7.033977e-002
5.732071428571513e-003	-7.032619e-002	-7.032619e-002
5.743785714285799e-003	-7.031396e-002	-7.031396e-002
5.755500000000087e-003	-7.030308e-002	-7.030308e-002
5.767357142857231e-003	-7.029295e-002	-7.029295e-002
5.779214285714376e-003	-7.028354e-002	-7.028354e-002
5.791071428571520e-003	-7.027485e-002	-7.027485e-002
5.802928571428665e-003	-7.026688e-002	-7.026688e-002
5.814785714285809e-003	-7.025963e-002	-7.025963e-002
5.826642857142954e-003	-7.025310e-002	-7.025310e-002
5.838500000000098e-003	-7.024729e-002	-7.024729e-002
5.850500000000100e-003	-7.024194e-002	-7.024194e-002
5.862500000000101e-003	-7.023697e-002	-7.023697e-002
5.874500000000103e-003	-7.023239e-002	-7.023239e-002
5.886500000000104e-003	-7.022820e-002	-7.022820e-002
5.898500000000106e-003	-7.022440e-002	-7.022440e-002
5.910500000000108e-003	-7.022099e-002	-7.022099e-002
5.922500000000109e-003	-7.021797e-002	-7.021797e-002
5.934785714285825e-003	-7.021511e-002	-7.021511e-002
5.947071428571541e-003	-7.021247e-002	-7.021247e-002
5.959357142857257e-003	-7.021004e-002	-7.021004e-002
5.971642857142973e-003	-7.020783e-002	-7.020783e-002
5.983928571428689e-003	-7.020583e-002	-7.020583e-002
5.996214285714405e-003	-7.020404e-002	-7.020404e-002
6.008500000000121e-003	-7.020247e-002	-7.020247e-002
6.021214285714408e-003	-7.020096e-002	-7.020096e-002
6.033928571428695e-003	-7.019957e-002	-7.019957e-002
6.046642857142983e-003	-7.019830e-002	-7.019830e-002
6.059357142857270e-003	-7.019714e-002	-7.019714e-002
6.072071428571558e-003	-7.019610e-002	-7.019610e-002
6.084785714285845e-003	-7.019517e-002	-7.019517e-002
6.097500000000132e-003	-7.019436e-002	-7.019436e-002
6.104500000000133e-003	-7.019389e-002	-7.019389e-002
6.118357142857278e-003	-7.019314e-002	-7.019314e-002
6.132214285714423e-003	-7.019245e-002	-7.019245e-002
6.146071428571568e-003	-7.019181e-002	-7.019181e-002
6.159928571428712e-003	-7.019121e-002	-7.019121e-002
6.173785714285856e-003	-7.019066e-002	-7.019066e-002
6.187642857143002e-003	-7.019016e-002	-7.019016e-002
6.201500000000146e-003	-7.018971e-002	-7.018971e-002
6.217357142857291e-003	-7.018929e-002	-7.018929e-002
6.233214285714436e-003	-7.018891e-002	-7.018891e-002
6.249071428571581e-003	-7.018856e-002	-7.018856e-002
6.264928571428726e-003	-7.018825e-002	-7.018825e-002
6.280785714285871e-003	-7.018799e-002	-7.018799e-002
6.296642857143016e-003	-7.018776e-002	-7.018776e-002
6.312500000000161e-003	-7.018757e-002	-7.018757e-002
6.332500000000164e-003	-7.018737e-002	-7.018737e-002
6.352500000000166e-003	-7.018720e-002	-7.018720e-002
6.372500000000169e-003	-7.018704e-002	-7.018704e-002
6.392500000000172e-003	-7.018691e-002	-7.018691e-002
6.412500000000174e-003	-7.018679e-002	-7.018679e-002
6.432500000000177e-003	-7.018669e-002	-7.018669e-002
6.452500000000179e-003	-7.018661e-002	-7.018661e-002
6.481785714285897e-003	-7.018655e-002	-7.018655e-002
6.511071428571616e-003	-7.018648e-002	-7.018648e-002
6.540357142857334e-003	-7.018641e-002	-7.018641e-002
6.569642857143052e-003	-7.018634e-002	-7.018634e-002
6.598928571428770e-003	-7.018627e-002	-7.018627e-002
6.628214285714489e-003	-7.018621e-002	-7.018621e-002
6.657500000000207e-003	-7.018614e-002	-7.018614e-002
6.717071428571643e-003	-7.018609e-002	-7.018609e-002
6.776642857143080e-003	-7.018606e-002	-7.018606e-002
6.836214285714517e-003	-7.018603e-002	-7.018603e-002
6.895785714285953e-003	-7.018601e-002	-7.018601e-002
6.955357142857389e-003	-7.018600e-002	-7.018600e-002
7.014928571428825e-003	-7.018601e-002	-7.018601e-002
7.074500000000262e-003	-7.018602e-002	-7.018602e-002
7.128500000000269e-003	-7.018590e-002	-7.018590e-002
8.152500000000109e-003	-7.018578e-002	-7.018578e-002
9.176499999999357e-003	-7.018566e-002	-7.018566e-002
1.020049999999861e-002	-7.018554e-002	-7.018554e-002
1.122449999999785e-002	-7.018554e-002	-7.018554e-002
1.224849999999710e-002	-7.018554e-002	-7.018554e-002
1.327249999999635e-002	-7.018554e-002	-7.018554e-002
1.429649999999560e-002	-7.018542e-002	-7.018542e-002
1.532049999999484e-002	-7.018542e-002	-7.018542e-002
1.634449999999534e-002	-7.018542e-002	-7.018542e-002
1.736849999999636e-002	-7.018542e-002	-7.018542e-002
1.839249999999739e-002	-7.018542e-002	-7.018542e-002
1.941649999999841e-002	-7.018542e-002	-7.018542e-002
2.044049999999944e-002	-7.018542e-002	-7.018542e-002
2.146450000000046e-002	-7.018542e-002	-7.018542e-002
2.248850000000148e-002	-7.018542e-002	-7.018542e-002
2.351250000000251e-002	-7.018542e-002	-7.018542e-002
2.453650000000353e-002	-7.018542e-002	-7.018542e-002
2.500000000000000e-002	-7.018542e-002	-7.018542e-002
2.500002000000000e-002	-7.014906e-002	-7.014906e-002
2.500006000000000e-002	-7.007647e-002	-7.007647e-002
2.500020000000000e-002	-6.982183e-002	-6.982183e-002
2.500177257142857e-002	-6.698346e-002	-6.698346e-002
2.500334514285714e-002	-6.417819e-002	-6.417819e-002
2.500491771428572e-002	-6.140603e-002	-6.140603e-002
2.500649028571429e-002	-5.866698e-002	-5.866698e-002
2.500806285714286e-002	-5.596105e-002	-5.596105e-002
2.500963542857143e-002	-5.328822e-002	-5.328822e-002
2.501120800000000e-002	-5.064851e-002	-5.064851e-002
2.501420800000001e-002	-4.570031e-002	-4.570031e-002
2.501789257142858e-002	-3.979027e-002	-3.979027e-002
2.502157714285715e-002	-3.403546e-002	-3.403546e-002
2.502526171428572e-002	-2.843588e-002	-2.843588e-002
2.502894628571429e-002	-2.299155e-002	-2.299155e-002
2.503263085714286e-002	-1.770244e-002	-1.770244e-002
2.503631542857143e-002	-1.256857e-002	-1.256857e-002
2.504000000000000e-002	-7.589936e-003	-7.589936e-003
2.504007476872315e-002	-7.626057e-003	-7.626057e-003
2.504022430616944e-002	-7.698655e-003	-7.698655e-003
2.504720962398056e-002	-1.097356e-002	-1.097356e-002
2.505419494179168e-002	-1.409539e-002	-1.409539e-002
2.506118025960280e-002	-1.706416e-002	-1.706416e-002
2.506816557741392e-002	-1.987987e-002	-1.987987e-002
2.507515089522504e-002	-2.254251e-002	-2.254251e-002
2.508213621303616e-002	-2.505209e-002	-2.505209e-002
2.508912153084728e-002	-2.740860e-002	-2.740860e-002
2.509197867370442e-002	-2.834289e-002	-2.834289e-002
2.509483581656157e-002	-2.925764e-002	-2.925764e-002
2.509769295941871e-002	-3.015287e-002	-3.015287e-002
2.510055010227586e-002	-3.102856e-002	-3.102856e-002
2.510340724513300e-002	-3.188473e-002	-3.188473e-002
2.510626438799015e-002	-3.272136e-002	-3.272136e-002
2.510912153084730e-002	-3.353846e-002	-3.353846e-002
2.511012153084730e-002	-3.382063e-002	-3.382063e-002
2.511212153084730e-002	-3.437817e-002	-3.437817e-002
2.511512153084730e-002	-3.519845e-002	-3.519845e-002
2.512126438799017e-002	-3.681099e-002	-3.681099e-002
2.512740724513303e-002	-3.835606e-002	-3.835606e-002
2.513355010227589e-002	-3.983364e-002	-3.983364e-002
2.513969295941875e-002	-4.124375e-002	-4.124375e-002
2.514583581656162e-002	-4.258638e-002	-4.258638e-002
2.515197867370448e-002	-4.386154e-002	-4.386154e-002
2.515812153084734e-002	-4.506922e-002	-4.506922e-002
2.516411845501201e-002	-4.619540e-002	-4.619540e-002
2.517011537917667e-002	-4.727546e-002	-4.727546e-002
2.517611230334134e-002	-4.830938e-002	-4.830938e-002
2.518210922750601e-002	-4.929719e-002	-4.929719e-002
2.518810615167067e-002	-5.023886e-002	-5.023886e-002
2.519410307583533e-002	-5.113441e-002	-5.113441e-002
2.520010000000000e-002	-5.198383e-002	-5.198383e-002
2.521172857142858e-002	-5.350553e-002	-5.350553e-002
2.522335714285717e-002	-5.491929e-002	-5.491929e-002
2.523498571428575e-002	-5.622512e-002	-5.622512e-002
2.524661428571433e-002	-5.742302e-002	-5.742302e-002
2.525824285714291e-002	-5.851299e-002	-5.851299e-002
2.526987142857150e-002	-5.949503e-002	-5.949503e-002
2.528150000000008e-002	-6.036913e-002	-6.036913e-002
2.529321428571438e-002	-6.118066e-002	-6.118066e-002
2.530492857142867e-002	-6.193430e-002	-6.193430e-002
2.531664285714297e-002	-6.263005e-002	-6.263005e-002
2.532835714285727e-002	-6.326790e-002	-6.326790e-002
2.534007142857157e-002	-6.384787e-002	-6.384787e-002
2.535178571428586e-002	-6.436994e-002	-6.436994e-002
2.536350000000016e-002	-6.483412e-002	-6.483412e-002
2.537521428571446e-002	-6.526199e-002	-6.526199e-002
2.538692857142876e-002	-6.565933e-002	-6.565933e-002
2.539864285714305e-002	-6.602615e-002	-6.602615e-002
2.541035714285735e-002	-6.636244e-002	-6.636244e-002
2.542207142857165e-002	-6.666820e-002	-6.666820e-002
2.543378571428594e-002	-6.694344e-002	-6.694344e-002
2.544550000000024e-002	-6.718814e-002	-6.718814e-002
2.545721428571454e-002	-6.741364e-002	-6.741364e-002
2.546892857142884e-002	-6.762307e-002	-6.762307e-002
2.548064285714314e-002	-6.781644e-002	-6.781644e-002
2.549235714285743e-002	-6.799374e-002	-6.799374e-002
2.550407142857173e-002	-6.815497e-002	-6.815497e-002
2.551578571428603e-002	-6.830013e-002	-6.830013e-002
2.552750000000032e-002	-6.842923e-002	-6.842923e-002
2.554550000000034e-002	-6.861055e-002	-6.861055e-002
2.555721428571464e-002	-6.871386e-002	-6.871386e-002
2.556892857142894e-002	-6.880981e-002	-6.880981e-002
2.558064285714324e-002	-6.889840e-002	-6.889840e-002
2.559235714285753e-002	-6.897961e-002	-6.897961e-002
2.560407142857183e-002	-6.905346e-002	-6.905346e-002
2.561578571428613e-002	-6.911994e-002	-6.911994e-002
2.562750000000042e-002	-6.917906e-002	-6.917906e-002
2.563921428571472e-002	-6.923360e-002	-6.923360e-002
2.565092857142902e-002	-6.928423e-002	-6.928423e-002
2.566264285714332e-002	-6.933096e-002	-6.933096e-002
2.567435714285761e-002	-6.937379e-002	-6.937379e-002
2.568607142857191e-002	-6.941272e-002	-6.941272e-002
2.569778571428621e-002	-6.944775e-002	-6.944775e-002
2.570950000000051e-002	-6.947887e-002	-6.947887e-002
2.572121428571481e-002	-6.950758e-002	-6.950758e-002
2.573292857142910e-002	-6.953425e-002	-6.953425e-002
2.574464285714340e-002	-6.955888e-002	-6.955888e-002
2.575635714285770e-002	-6.958146e-002	-6.958146e-002
2.576807142857199e-002	-6.960200e-002	-6.960200e-002
2.577978571428629e-002	-6.962049e-002	-6.962049e-002
2.579150000000059e-002	-6.963694e-002	-6.963694e-002
2.580321428571489e-002	-6.965209e-002	-6.965209e-002
2.581492857142918e-002	-6.966615e-002	-6.966615e-002
2.582664285714348e-002	-6.967913e-002	-6.967913e-002
2.583835714285778e-002	-6.969104e-002	-6.969104e-002
2.585007142857208e-002	-6.970186e-002	-6.970186e-002
2.586178571428637e-002	-6.971160e-002	-6.971160e-002
2.587350000000067e-002	-6.972027e-002	-6.972027e-002
2.588535714285782e-002	-6.972834e-002	-6.972834e-002
2.589721428571498e-002	-6.973584e-002	-6.973584e-002
2.590907142857214e-002	-6.974277e-002	-6.974277e-002
2.592092857142929e-002	-6.974912e-002	-6.974912e-002
2.593278571428644e-002	-6.975490e-002	-6.975490e-002
2.594464285714360e-002	-6.976010e-002	-6.976010e-002
2.595650000000075e-002	-6.976473e-002	-6.976473e-002
2.596850000000077e-002	-6.976901e-002	-6.976901e-002
2.598050000000078e-002	-6.977297e-002	-6.977297e-002
2.599250000000079e-002	-6.977662e-002	-6.977662e-002
2.600450000000080e-002	-6.977995e-002	-6.977995e-002
2.601650000000081e-002	-6.978298e-002	-6.978298e-002
2.602850000000083e-002	-6.978569e-002	-6.978569e-002
2.604050000000084e-002	-6.978810e-002	-6.978810e-002
2.605292857142942e-002	-6.979038e-002	-6.979038e-002
2.606535714285800e-002	-6.979250e-002	-6.979250e-002
2.607778571428659e-002	-6.979446e-002	-6.979446e-002
2.609021428571517e-002	-6.979624e-002	-6.979624e-002
2.610264285714376e-002	-6.979787e-002	-6.979787e-002
2.611507142857234e-002	-6.979932e-002	-6.979932e-002
2.612750000000092e-002	-6.980062e-002	-6.980062e-002
2.614050000000094e-002	-6.980183e-002	-6.980183e-002
2.615350000000095e-002	-6.980294e-002	-6.980294e-002
2.616650000000096e-002	-6.980396e-002	-6.980396e-002
2.617950000000098e-002	-6.980488e-002	-6.980488e-002
2.619250000000099e-002	-6.980570e-002	-6.980570e-002
2.620550000000100e-002	-6.980642e-002	-6.980642e-002
2.621850000000102e-002	-6.980705e-002	-6.980705e-002
2.623278571428674e-002	-6.980780e-002	-6.980780e-002
2.624707142857247e-002	-6.980846e-002	-6.980846e-002
2.626135714285820e-002	-6.980905e-002	-6.980905e-002
2.627564285714393e-002	-6.980956e-002	-6.980956e-002
2.628992857142966e-002	-6.981000e-002	-6.981000e-002
2.630421428571539e-002	-6.981035e-002	-6.981035e-002
2.631850000000112e-002	-6.981063e-002	-6.981063e-002
2.633521428571542e-002	-6.981097e-002	-6.981097e-002
2.635192857142972e-002	-6.981129e-002	-6.981129e-002
2.636864285714402e-002	-6.981157e-002	-6.981157e-002
2.638535714285832e-002	-6.981183e-002	-6.981183e-002
2.640207142857263e-002	-6.981205e-002	-6.981205e-002
2.641878571428693e-002	-6.981225e-002	-6.981225e-002
2.643550000000123e-002	-6.981242e-002	-6.981242e-002
2.645450000000125e-002	-6.981257e-002	-6.981257e-002
2.647350000000127e-002	-6.981270e-002	-6.981270e-002
2.649250000000129e-002	-6.981283e-002	-6.981283e-002
2.651150000000131e-002	-6.981295e-002	-6.981295e-002
2.653050000000133e-002	-6.981306e-002	-6.981306e-002
2.654950000000135e-002	-6.981316e-002	-6.981316e-002
2.656850000000137e-002	-6.981325e-002	-6.981325e-002
2.656950000000137e-002	-6.981325e-002	-6.981325e-002
2.660135714285854e-002	-6.981338e-002	-6.981338e-002
2.663321428571572e-002	-6.981349e-002	-6.981349e-002
2.666507142857289e-002	-6.981357e-002	-6.981357e-002
2.669692857143007e-002	-6.981364e-002	-6.981364e-002
2.672878571428724e-002	-6.981369e-002	-6.981369e-002
2.676064285714442e-002	-6.981372e-002	-6.981372e-002
2.679250000000159e-002	-6.981373e-002	-6.981373e-002
2.686535714285880e-002	-6.981376e-002	-6.981376e-002
2.693821428571602e-002	-6.981380e-002	-6.981380e-002
2.701107142857324e-002	-6.981383e-002	-6.981383e-002
2.708392857143045e-002	-6.981386e-002	-6.981386e-002
2.715678571428767e-002	-6.981390e-002	-6.981390e-002
2.722964285714489e-002	-6.981393e-002	-6.981393e-002
2.730250000000210e-002	-6.981397e-002	-6.981397e-002
2.759350000000239e-002	-6.981409e-002	-6.981409e-002
2.861750000000342e-002	-6.981444e-002	-6.981444e-002
2.964150000000444e-002	-6.981468e-002	-6.981468e-002
3.066550000000546e-002	-6.981480e-002	-6.981480e-002
3.168950000000648e-002	-6.981492e-002	-6.981492e-002
3.271350000000751e-002	-6.981492e-002	-6.981492e-002
3.373750000000853e-002	-6.981504e-002	-6.981504e-002
3.476150000000956e-002	-6.981504e-002	-6.981504e-002
3.578550000001058e-002	-6.981504e-002	-6.981504e-002
3.680950000001160e-002	-6.981516e-002	-6.981516e-002
3.783350000001263e-002	-6.981516e-002	-6.981516e-002
3.885750000001365e-002	-6.981516e-002	-6.981516e-002
3.988150000001468e-002	-6.981516e-002	-6.981516e-002
4.090550000001570e-002	-6.981516e-002	-6.981516e-002
4.192950000001672e-002	-6.981516e-002	-6.981516e-002
4.295350000001775e-002	-6.981516e-002	-6.981516e-002
4.397750000001877e-002	-6.981516e-002	-6.981516e-002
4.500000000000000e-002	-6.981516e-002	-6.981516e-002
4.500001000000000e-002	-6.982410e-002	-6.982410e-002
4.500003000000000e-002	-6.984234e-002	-6.984234e-002
4.500010000000000e-002	-6.990600e-002	-6.990600e-002
4.500024514285715e-002	-7.003790e-002	-7.003790e-002
4.500039028571429e-002	-7.016962e-002	-7.016962e-002
4.500053542857144e-002	-7.030116e-002	-7.030116e-002
4.500068057142859e-002	-7.043251e-002	-7.043251e-002
4.500082571428574e-002	-7.056368e-002	-7.056368e-002
4.500097085714288e-002	-7.069466e-002	-7.069466e-002
4.500111600000003e-002	-7.082546e-002	-7.082546e-002
4.500311600000003e-002	-7.261550e-002	-7.261550e-002
4.500611600000003e-002	-7.525009e-002	-7.525009e-002
4.500840171428575e-002	-7.721504e-002	-7.721504e-002
4.501068742857146e-002	-7.914691e-002	-7.914691e-002
4.501297314285718e-002	-8.104569e-002	-8.104569e-002
4.501525885714290e-002	-8.291139e-002	-8.291139e-002
4.501754457142862e-002	-8.474400e-002	-8.474400e-002
4.501983028571433e-002	-8.654353e-002	-8.654353e-002
4.502211600000005e-002	-8.830997e-002	-8.830997e-002
4.502467085714290e-002	-9.024723e-002	-9.024724e-002
4.502722571428575e-002	-9.214840e-002	-9.214841e-002
4.502978057142860e-002	-9.401348e-002	-9.401349e-002
4.503233542857145e-002	-9.584246e-002	-9.584248e-002
4.503489028571430e-002	-9.763536e-002	-9.763537e-002
4.503744514285715e-002	-9.939216e-002	-9.939216e-002
4.504000000000000e-002	-1.011129e-001	-1.011129e-001
4.504010000000000e-002	-1.010887e-001	-1.010887e-001
4.504030000000000e-002	-1.010402e-001	-1.010402e-001
4.504882857142857e-002	-9.905985e-002	-9.905985e-002
4.505735714285714e-002	-9.718898e-002	-9.718898e-002
4.506588571428571e-002	-9.542760e-002	-9.542760e-002
4.507441428571429e-002	-9.377571e-002	-9.377571e-002
4.508294285714286e-002	-9.223331e-002	-9.223331e-002
4.509147142857143e-002	-9.080039e-002	-9.080040e-002
4.510000000000000e-002	-8.947697e-002	-8.947698e-002
4.511164285714287e-002	-8.781281e-002	-8.781282e-002
4.512328571428574e-002	-8.626681e-002	-8.626682e-002
4.513492857142861e-002	-8.483898e-002	-8.483899e-002
4.514657142857147e-002	-8.352931e-002	-8.352932e-002
4.515821428571434e-002	-8.233781e-002	-8.233781e-002
4.516985714285721e-002	-8.126447e-002	-8.126447e-002
4.518150000000008e-002	-8.030929e-002	-8.030930e-002
4.519321428571438e-002	-7.942344e-002	-7.942345e-002
4.520492857142868e-002	-7.860080e-002	-7.860081e-002
4.521664285714298e-002	-7.784137e-002	-7.784138e-002
4.522835714285727e-002	-7.714516e-002	-7.714516e-002
4.524007142857157e-002	-7.651215e-002	-7.651215e-002
4.525178571428587e-002	-7.594235e-002	-7.594235e-002
4.526350000000017e-002	-7.543576e-002	-7.543577e-002
4.527521428571446e-002	-7.496874e-002	-7.496874e-002
4.528692857142876e-002	-7.453504e-002	-7.453505e-002
4.529864285714306e-002	-7.413466e-002	-7.413467e-002
4.531035714285735e-002	-7.376762e-002	-7.376762e-002
4.532207142857165e-002	-7.343389e-002	-7.343390e-002
4.533378571428595e-002	-7.313349e-002	-7.313350e-002
4.534550000000025e-002	-7.286641e-002	-7.286642e-002
4.535721428571454e-002	-7.262020e-002	-7.262020e-002
4.536892857142885e-002	-7.239155e-002	-7.239156e-002
4.538064285714314e-002	-7.218047e-002	-7.218048e-002
4.539235714285744e-002	-7.198696e-002	-7.198696e-002
4.540407142857173e-002	-7.181102e-002	-7.181102e-002
4.541578571428603e-002	-7.165265e-002	-7.165265e-002
4.542750000000033e-002	-7.151184e-002	-7.151184e-002
4.543921428571462e-002	-7.138203e-002	-7.138204e-002
4.545092857142893e-002	-7.126149e-002	-7.126149e-002
4.546264285714322e-002	-7.115020e-002	-7.115021e-002
4.547435714285752e-002	-7.104818e-002	-7.104819e-002
4.548607142857181e-002	-7.095542e-002	-7.095543e-002
4.549778571428612e-002	-7.087192e-002	-7.087193e-002
4.550950000000041e-002	-7.079769e-002	-7.079770e-002
4.552121428571471e-002	-7.072925e-002	-7.072926e-002
4.553292857142901e-002	-7.066570e-002	-7.066570e-002
4.554464285714330e-002	-7.060703e-002	-7.060703e-002
4.555635714285760e-002	-7.055324e-002	-7.055324e-002
4.556807142857190e-002	-7.050434e-002	-7.050434e-002
4.557978571428620e-002	-7.046031e-002	-7.046032e-002
4.559150000000049e-002	-7.042117e-002	-7.042118e-002
4.560321428571479e-002	-7.038509e-002	-7.038510e-002
4.561492857142909e-002	-7.035159e-002	-7.035159e-002
4.562664285714339e-002	-7.032065e-002	-7.032065e-002
4.563835714285768e-002	-7.029229e-002	-7.029229e-002
4.565007142857198e-002	-7.026651e-002	-7.026651e-002
4.566178571428628e-002	-7.024329e-002	-7.024330e-002
4.567350000000058e-002	-7.022266e-002	-7.022266e-002
4.568521428571487e-002	-7.020363e-002	-7.020364e-002
4.569692857142917e-002	-7.018597e-002	-7.018597e-002
4.570864285714347e-002	-7.016966e-002	-7.016966e-002
4.572035714285776e-002	-7.015470e-002	-7.015470e-002
4.573207142857206e-002	-7.014111e-002	-7.014111e-002
4.574378571428636e-002	-7.012887e-002	-7.012887e-002
4.575550000000066e-002	-7.011798e-002	-7.011799e-002
4.576735714285781e-002	-7.010784e-002	-7.010784e-002
4.577921428571496e-002	-7.009842e-002	-7.009843e-002
4.579107142857212e-002	-7.008974e-002	-7.008974e-002
4.580292857142928e-002	-7.008179e-002	-7.008179e-002
4.581478571428643e-002	-7.007456e-002	-7.007456e-002
4.582664285714359e-002	-7.006807e-002	-7.006807e-002
4.583850000000074e-002	-7.006231e-002	-7.006231e-002
4.585050000000075e-002	-7.005694e-002	-7.005694e-002
4.586250000000076e-002	-7.005196e-002	-7.005196e-002
4.587450000000078e-002	-7.004737e-002	-7.004738e-002
4.588650000000079e-002	-7.004317e-002	-7.004318e-002
4.589850000000080e-002	-7.003936e-002	-7.003937e-002
4.591050000000081e-002	-7.003594e-002	-7.003595e-002
4.592250000000082e-002	-7.003292e-002	-7.003292e-002
4.593478571428655e-002	-7.003007e-002	-7.003007e-002
4.594707142857227e-002	-7.002743e-002	-7.002743e-002
4.595935714285800e-002	-7.002500e-002	-7.002500e-002
4.597164285714373e-002	-7.002278e-002	-7.002278e-002
4.598392857142946e-002	-7.002077e-002	-7.002078e-002
4.599621428571518e-002	-7.001898e-002	-7.001898e-002
4.600850000000091e-002	-7.001739e-002	-7.001739e-002
4.600950000000091e-002	-7.001726e-002	-7.001727e-002
4.602221428571521e-002	-7.001577e-002	-7.001577e-002
4.603492857142951e-002	-7.001439e-002	-7.001439e-002
4.604764285714381e-002	-7.001312e-002	-7.001312e-002
4.606035714285810e-002	-7.001197e-002	-7.001197e-002
4.607307142857240e-002	-7.001093e-002	-7.001093e-002
4.608578571428670e-002	-7.001000e-002	-7.001000e-002
4.609850000000100e-002	-7.000919e-002	-7.000919e-002
4.611221428571530e-002	-7.000838e-002	-7.000839e-002
4.612592857142960e-002	-7.000765e-002	-7.000765e-002
4.613964285714390e-002	-7.000697e-002	-7.000698e-002
4.615335714285820e-002	-7.000636e-002	-7.000637e-002
4.616707142857249e-002	-7.000582e-002	-7.000582e-002
4.618078571428680e-002	-7.000534e-002	-7.000534e-002
4.619450000000110e-002	-7.000492e-002	-7.000492e-002
4.621021428571540e-002	-7.000449e-002	-7.000449e-002
4.622592857142970e-002	-7.000410e-002	-7.000410e-002
4.624164285714400e-002	-7.000375e-002	-7.000375e-002
4.625735714285830e-002	-7.000343e-002	-7.000343e-002
4.627307142857260e-002	-7.000315e-002	-7.000315e-002
4.628878571428691e-002	-7.000291e-002	-7.000291e-002
4.630450000000121e-002	-7.000270e-002	-7.000270e-002
4.632421428571551e-002	-7.000247e-002	-7.000247e-002
4.634392857142982e-002	-7.000227e-002	-7.000227e-002
4.636364285714412e-002	-7.000209e-002	-7.000209e-002
4.638335714285843e-002	-7.000193e-002	-7.000193e-002
4.640307142857273e-002	-7.000180e-002	-7.000180e-002
4.642278571428704e-002	-7.000169e-002	-7.000169e-002
4.644250000000134e-002	-7.000160e-002	-7.000160e-002
4.647092857142995e-002	-7.000148e-002	-7.000149e-002
4.649935714285854e-002	-7.000139e-002	-7.000139e-002
4.652778571428715e-002	-7.000130e-002	-7.000131e-002
4.655621428571574e-002	-7.000123e-002	-7.000124e-002
4.658464285714434e-002	-7.000117e-002	-7.000118e-002
4.661307142857294e-002	-7.000113e-002	-7.000113e-002
4.664150000000154e-002	-7.000110e-002	-7.000110e-002
4.669735714285874e-002	-7.000105e-002	-7.000105e-002
4.675321428571594e-002	-7.000101e-002	-7.000101e-002
4.680907142857314e-002	-7.000097e-002	-7.000097e-002
4.686492857143034e-002	-7.000094e-002	-7.000094e-002
4.692078571428754e-002	-7.000092e-002	-7.000092e-002
4.697664285714474e-002	-7.000090e-002	-7.000090e-002
4.703250000000193e-002	-7.000088e-002	-7.000088e-002
4.703350000000194e-002	-7.000088e-002	-7.000088e-002
4.805750000000296e-002	-7.000067e-002	-7.000066e-002
4.908150000000398e-002	-7.000053e-002	-7.000053e-002
4.999950000000490e-002	-7.000046e-002	-7.000045e-002
5.000000000000000e-002	-7.000046e-002	-7.000045e-002
