time	V(N008,N005)	V(N009,N004)
0.000000000000000e+000	-7.000000e-002	-7.000000e-002
1.006310719994779e-004	-7.000001e-002	-7.000001e-002
2.030310719994804e-004	-7.000002e-002	-7.000002e-002
3.054310719994828e-004	-7.000002e-002	-7.000002e-002
4.078310719994853e-004	-7.000003e-002	-7.000003e-002
5.102310719994759e-004	-7.000004e-002	-7.000004e-002
6.126310719994229e-004	-7.000005e-002	-7.000005e-002
7.150310719993699e-004	-7.000005e-002	-7.000005e-002
8.174310719993169e-004	-7.000006e-002	-7.000006e-002
9.198310719992638e-004	-7.000007e-002	-7.000007e-002
1.022231071999260e-003	-7.000007e-002	-7.000007e-002
1.124631071999318e-003	-7.000008e-002	-7.000008e-002
1.227031071999376e-003	-7.000009e-002	-7.000009e-002
1.329431071999434e-003	-7.000010e-002	-7.000010e-002
1.431831071999492e-003	-7.000010e-002	-7.000010e-002
1.534231071999550e-003	-7.000011e-002	-7.000011e-002
1.636631071999608e-003	-7.000012e-002	-7.000012e-002
1.739031071999666e-003	-7.000013e-002	-7.000013e-002
1.841431071999724e-003	-7.000013e-002	-7.000013e-002
1.943831071999782e-003	-7.000013e-002	-7.000013e-002
2.046231071999638e-003	-7.000013e-002	-7.000013e-002
2.148631071999474e-003	-7.000013e-002	-7.000013e-002
2.251031071999310e-003	-7.000013e-002	-7.000013e-002
2.353431071999146e-003	-7.000013e-002	-7.000013e-002
2.455831071998982e-003	-7.000013e-002	-7.000013e-002
2.558231071998818e-003	-7.000013e-002	-7.000013e-002
2.660631071998654e-003	-7.000013e-002	-7.000013e-002
2.763031071998490e-003	-7.000013e-002	-7.000013e-002
2.865431071998326e-003	-7.000013e-002	-7.000013e-002
2.967831071998162e-003	-7.000013e-002	-7.000013e-002
3.070231071997998e-003	-7.000013e-002	-7.000013e-002
3.172631071997834e-003	-7.000013e-002	-7.000013e-002
3.275031071997670e-003	-7.000013e-002	-7.000013e-002
3.377431071997506e-003	-7.000013e-002	-7.000013e-002
3.479831071997342e-003	-7.000013e-002	-7.000013e-002
3.582231071997178e-003	-7.000013e-002	-7.000013e-002
3.684631071997014e-003	-7.000013e-002	-7.000013e-002
3.787031071996850e-003	-7.000013e-002	-7.000013e-002
3.889431071996686e-003	-7.000013e-002	-7.000013e-002
3.991831071996892e-003	-7.000013e-002	-7.000013e-002
4.094231071997172e-003	-7.000013e-002	-7.000013e-002
4.196631071997452e-003	-7.000013e-002	-7.000013e-002
4.299031071997733e-003	-7.000013e-002	-7.000013e-002
4.401431071998013e-003	-7.000013e-002	-7.000013e-002
4.503831071998293e-003	-7.000013e-002	-7.000013e-002
4.606231071998573e-003	-7.000013e-002	-7.000013e-002
4.708631071998853e-003	-7.000013e-002	-7.000013e-002
4.811031071999133e-003	-7.000013e-002	-7.000013e-002
4.913431071999413e-003	-7.000013e-002	-7.000013e-002
5.000000000000000e-003	-7.000013e-002	-7.000013e-002
5.000000157877729e-003	-7.000029e-002	-6.999997e-002
5.000000473633188e-003	-7.000064e-002	-6.999962e-002
5.000014691685590e-003	-7.001676e-002	-6.998349e-002
5.000028909737991e-003	-7.003287e-002	-6.996738e-002
5.000043127790393e-003	-7.004895e-002	-6.995129e-002
5.000057345842795e-003	-7.006502e-002	-6.993523e-002
5.000071563895197e-003	-7.008106e-002	-6.991919e-002
5.000085781947598e-003	-7.009708e-002	-6.990318e-002
5.000100000000000e-003	-7.011308e-002	-6.988719e-002
5.000406059325215e-003	-7.044969e-002	-6.955057e-002
5.000712118650429e-003	-7.077552e-002	-6.922475e-002
5.001018177975643e-003	-7.109055e-002	-6.890972e-002
5.001324237300857e-003	-7.139478e-002	-6.860548e-002
5.001630296626071e-003	-7.168823e-002	-6.831203e-002
5.001936355951285e-003	-7.197088e-002	-6.802938e-002
5.002242415276499e-003	-7.224275e-002	-6.775752e-002
5.002542415276500e-003	-7.250084e-002	-6.749941e-002
5.002985272419359e-003	-7.286362e-002	-6.713664e-002
5.003428129562217e-003	-7.321024e-002	-6.679001e-002
5.003870986705075e-003	-7.354071e-002	-6.645955e-002
5.004313843847934e-003	-7.385502e-002	-6.614524e-002
5.004756700990792e-003	-7.415317e-002	-6.584709e-002
5.005199558133651e-003	-7.443517e-002	-6.556509e-002
5.005642415276509e-003	-7.470100e-002	-6.529925e-002
5.006370986705082e-003	-7.510676e-002	-6.489349e-002
5.007099558133656e-003	-7.548524e-002	-6.451502e-002
5.007828129562229e-003	-7.583644e-002	-6.416382e-002
5.008556700990803e-003	-7.616036e-002	-6.383989e-002
5.009285272419376e-003	-7.645700e-002	-6.354325e-002
5.010013843847950e-003	-7.672637e-002	-6.327388e-002
5.010742415276523e-003	-7.696846e-002	-6.303179e-002
5.011256700990810e-003	-7.712982e-002	-6.287044e-002
5.011770986705097e-003	-7.728301e-002	-6.271725e-002
5.012285272419384e-003	-7.742805e-002	-6.257222e-002
5.012799558133671e-003	-7.756493e-002	-6.243534e-002
5.013313843847959e-003	-7.769365e-002	-6.230661e-002
5.013828129562245e-003	-7.781422e-002	-6.218604e-002
5.014342415276533e-003	-7.792662e-002	-6.207363e-002
5.014442415276533e-003	-7.794794e-002	-6.205234e-002
5.016128129562252e-003	-7.825284e-002	-6.174743e-002
5.017813843847971e-003	-7.852093e-002	-6.147933e-002
5.019499558133690e-003	-7.875222e-002	-6.124804e-002
5.021185272419408e-003	-7.894669e-002	-6.105356e-002
5.022870986705127e-003	-7.910435e-002	-6.089589e-002
5.024556700990846e-003	-7.922521e-002	-6.077502e-002
5.026242415276565e-003	-7.930925e-002	-6.069097e-002
5.029542415276574e-003	-7.943462e-002	-6.056561e-002
5.032842415276583e-003	-7.953905e-002	-6.046120e-002
5.036142415276592e-003	-7.962253e-002	-6.037772e-002
5.039442415276601e-003	-7.968508e-002	-6.031518e-002
5.042742415276610e-003	-7.972669e-002	-6.027358e-002
5.046042415276619e-003	-7.974735e-002	-6.025292e-002
5.049342415276628e-003	-7.974708e-002	-6.025320e-002
5.100250000000001e-003	-7.979822e-002	-6.020224e-002
5.116550000000045e-003	-7.980466e-002	-6.019580e-002
5.200000000000000e-003	-7.983732e-002	-6.016350e-002
5.200010000000000e-003	-7.982612e-002	-6.017470e-002
5.200030000000000e-003	-7.980347e-002	-6.019735e-002
5.200804285714287e-003	-7.897901e-002	-6.102181e-002
5.201578571428576e-003	-7.821270e-002	-6.178812e-002
5.202352857142863e-003	-7.750455e-002	-6.249627e-002
5.203127142857151e-003	-7.685455e-002	-6.314627e-002
5.203901428571438e-003	-7.626271e-002	-6.373811e-002
5.204675714285727e-003	-7.572902e-002	-6.427180e-002
5.205450000000014e-003	-7.525349e-002	-6.474733e-002
5.206235714285730e-003	-7.480870e-002	-6.519212e-002
5.207021428571448e-003	-7.439566e-002	-6.560516e-002
5.207807142857164e-003	-7.401436e-002	-6.598646e-002
5.208592857142880e-003	-7.366480e-002	-6.633602e-002
5.209378571428596e-003	-7.334699e-002	-6.665383e-002
5.210164285714313e-003	-7.306092e-002	-6.693990e-002
5.210950000000029e-003	-7.280660e-002	-6.719422e-002
5.211735714285746e-003	-7.257212e-002	-6.742870e-002
5.212521428571463e-003	-7.235438e-002	-6.764644e-002
5.213307142857179e-003	-7.215338e-002	-6.784744e-002
5.214092857142895e-003	-7.196912e-002	-6.803171e-002
5.214878571428611e-003	-7.180159e-002	-6.819923e-002
5.215664285714328e-003	-7.165080e-002	-6.835002e-002
5.216450000000044e-003	-7.151675e-002	-6.848407e-002
5.216750000000045e-003	-7.146741e-002	-6.853341e-002
5.217050000000046e-003	-7.141967e-002	-6.858115e-002
5.217350000000047e-003	-7.137353e-002	-6.862729e-002
5.217650000000048e-003	-7.132898e-002	-6.867184e-002
5.217950000000048e-003	-7.128602e-002	-6.871480e-002
5.218250000000049e-003	-7.124466e-002	-6.875616e-002
5.218550000000050e-003	-7.120490e-002	-6.879592e-002
5.218650000000050e-003	-7.119179e-002	-6.880903e-002
5.219435714285767e-003	-7.109603e-002	-6.890479e-002
5.220221428571484e-003	-7.100713e-002	-6.899369e-002
5.221007142857200e-003	-7.092507e-002	-6.907575e-002
5.221792857142916e-003	-7.084987e-002	-6.915095e-002
5.222578571428632e-003	-7.078151e-002	-6.921931e-002
5.223364285714349e-003	-7.072001e-002	-6.928081e-002
5.224150000000065e-003	-7.066536e-002	-6.933546e-002
5.224935714285782e-003	-7.061497e-002	-6.938585e-002
5.225721428571499e-003	-7.056816e-002	-6.943266e-002
5.226507142857215e-003	-7.052494e-002	-6.947588e-002
5.227292857142931e-003	-7.048529e-002	-6.951553e-002
5.228078571428647e-003	-7.044923e-002	-6.955159e-002
5.228864285714364e-003	-7.041674e-002	-6.958408e-002
5.229650000000080e-003	-7.038784e-002	-6.961298e-002
5.230435714285797e-003	-7.036130e-002	-6.963952e-002
5.231221428571514e-003	-7.033664e-002	-6.966418e-002
5.232007142857230e-003	-7.031388e-002	-6.968694e-002
5.232792857142946e-003	-7.029300e-002	-6.970782e-002
5.233578571428662e-003	-7.027401e-002	-6.972681e-002
5.234364285714379e-003	-7.025690e-002	-6.974392e-002
5.235150000000096e-003	-7.024169e-002	-6.975913e-002
5.235935714285812e-003	-7.022762e-002	-6.977320e-002
5.236721428571529e-003	-7.021456e-002	-6.978626e-002
5.237507142857245e-003	-7.020251e-002	-6.979831e-002
5.238292857142961e-003	-7.019148e-002	-6.980934e-002
5.239078571428677e-003	-7.018145e-002	-6.981937e-002
5.239864285714394e-003	-7.017244e-002	-6.982838e-002
5.240650000000111e-003	-7.016444e-002	-6.983638e-002
5.241435714285827e-003	-7.015702e-002	-6.984380e-002
5.242221428571544e-003	-7.015014e-002	-6.985068e-002
5.243007142857260e-003	-7.014380e-002	-6.985702e-002
5.243792857142976e-003	-7.013801e-002	-6.986281e-002
5.244578571428692e-003	-7.013277e-002	-6.986805e-002
5.245364285714409e-003	-7.012807e-002	-6.987275e-002
5.246150000000126e-003	-7.012391e-002	-6.987691e-002
5.246935714285842e-003	-7.012003e-002	-6.988079e-002
5.247721428571559e-003	-7.011642e-002	-6.988440e-002
5.248507142857275e-003	-7.011308e-002	-6.988774e-002
5.249292857142991e-003	-7.011001e-002	-6.989081e-002
5.250078571428707e-003	-7.010722e-002	-6.989360e-002
5.250864285714424e-003	-7.010470e-002	-6.989612e-002
5.251650000000141e-003	-7.010245e-002	-6.989837e-002
5.252435714285857e-003	-7.010035e-002	-6.990047e-002
5.253221428571574e-003	-7.009840e-002	-6.990242e-002
5.254007142857290e-003	-7.009661e-002	-6.990421e-002
5.254792857143006e-003	-7.009498e-002	-6.990584e-002
5.255578571428722e-003	-7.009350e-002	-6.990732e-002
5.256364285714439e-003	-7.009218e-002	-6.990864e-002
5.257150000000156e-003	-7.009101e-002	-6.990981e-002
5.257950000000158e-003	-7.008998e-002	-6.991084e-002
5.258750000000160e-003	-7.008901e-002	-6.991181e-002
5.259550000000162e-003	-7.008810e-002	-6.991272e-002
5.260350000000164e-003	-7.008725e-002	-6.991357e-002
5.261150000000167e-003	-7.008646e-002	-6.991436e-002
5.261950000000169e-003	-7.008573e-002	-6.991510e-002
5.262750000000171e-003	-7.008505e-002	-6.991577e-002
5.263564285714459e-003	-7.008452e-002	-6.991648e-002
5.264378571428746e-003	-7.008404e-002	-6.991711e-002
5.265192857143035e-003	-7.008359e-002	-6.991767e-002
5.266007142857323e-003	-7.008318e-002	-6.991815e-002
5.266821428571611e-003	-7.008281e-002	-6.991854e-002
5.267635714285898e-003	-7.008248e-002	-6.991887e-002
5.268450000000187e-003	-7.008219e-002	-6.991911e-002
5.269307142857332e-003	-7.008177e-002	-6.991952e-002
5.270164285714477e-003	-7.008142e-002	-6.991988e-002
5.271021428571623e-003	-7.008112e-002	-6.992017e-002
5.271878571428767e-003	-7.008088e-002	-6.992041e-002
5.272735714285912e-003	-7.008070e-002	-6.992059e-002
5.273592857143058e-003	-7.008058e-002	-6.992072e-002
5.274450000000203e-003	-7.008052e-002	-6.992078e-002
5.275364285714491e-003	-7.008027e-002	-6.992103e-002
5.276278571428779e-003	-7.008005e-002	-6.992125e-002
5.277192857143068e-003	-7.007988e-002	-6.992142e-002
5.278107142857356e-003	-7.007974e-002	-6.992156e-002
5.279021428571644e-003	-7.007964e-002	-6.992165e-002
5.279935714285932e-003	-7.007958e-002	-6.992171e-002
5.280850000000220e-003	-7.007957e-002	-6.992173e-002
5.281892857143080e-003	-7.007950e-002	-6.992180e-002
5.282935714285940e-003	-7.007943e-002	-6.992187e-002
5.283978571428800e-003	-7.007936e-002	-6.992194e-002
5.285021428571661e-003	-7.007929e-002	-6.992200e-002
5.286064285714521e-003	-7.007922e-002	-6.992207e-002
5.287107142857381e-003	-7.007916e-002	-6.992214e-002
5.288150000000240e-003	-7.007909e-002	-6.992221e-002
5.289464285714530e-003	-7.007900e-002	-6.992230e-002
5.290778571428819e-003	-7.007892e-002	-6.992237e-002
5.292092857143108e-003	-7.007887e-002	-6.992243e-002
5.293407142857398e-003	-7.007884e-002	-6.992246e-002
5.294721428571687e-003	-7.007882e-002	-6.992248e-002
5.296035714285976e-003	-7.007883e-002	-6.992247e-002
5.297350000000266e-003	-7.007885e-002	-6.992245e-002
5.299235714285985e-003	-7.007885e-002	-6.992245e-002
5.301121428571705e-003	-7.007885e-002	-6.992245e-002
5.303007142857424e-003	-7.007885e-002	-6.992245e-002
5.304892857143143e-003	-7.007885e-002	-6.992245e-002
5.306778571428862e-003	-7.007885e-002	-6.992245e-002
5.308664285714583e-003	-7.007885e-002	-6.992245e-002
5.310550000000302e-003	-7.007885e-002	-6.992245e-002
5.312035714286020e-003	-7.007885e-002	-6.992245e-002
5.313521428571739e-003	-7.007885e-002	-6.992245e-002
5.315007142857457e-003	-7.007885e-002	-6.992245e-002
5.316492857143175e-003	-7.007885e-002	-6.992245e-002
5.317978571428893e-003	-7.007885e-002	-6.992245e-002
5.319464285714612e-003	-7.007885e-002	-6.992245e-002
5.320950000000330e-003	-7.007885e-002	-6.992245e-002
5.321050000000330e-003	-7.007885e-002	-6.992245e-002
5.328864285714638e-003	-7.007883e-002	-6.992242e-002
5.336678571428944e-003	-7.007882e-002	-6.992242e-002
5.344492857143252e-003	-7.007884e-002	-6.992243e-002
5.352307142857559e-003	-7.007887e-002	-6.992247e-002
5.360121428571866e-003	-7.007892e-002	-6.992252e-002
5.367935714286173e-003	-7.007900e-002	-6.992259e-002
5.375750000000480e-003	-7.007909e-002	-6.992269e-002
5.423450000000610e-003	-7.007909e-002	-6.992269e-002
5.525850000000891e-003	-7.007933e-002	-6.992292e-002
5.628250000001171e-003	-7.007957e-002	-6.992316e-002
5.730650000001451e-003	-7.007980e-002	-6.992340e-002
5.833050000001731e-003	-7.008004e-002	-6.992364e-002
5.935450000002011e-003	-7.008004e-002	-6.992364e-002
6.037850000002291e-003	-7.008028e-002	-6.992388e-002
6.140250000002571e-003	-7.008052e-002	-6.992412e-002
6.242650000002851e-003	-7.008052e-002	-6.992412e-002
6.345050000003131e-003	-7.008076e-002	-6.992435e-002
6.447450000003411e-003	-7.008100e-002	-6.992459e-002
6.549850000003691e-003	-7.008100e-002	-6.992459e-002
6.652250000003971e-003	-7.008123e-002	-6.992483e-002
6.754650000004251e-003	-7.008147e-002	-6.992507e-002
6.857050000004531e-003	-7.008147e-002	-6.992507e-002
6.959450000004811e-003	-7.008171e-002	-6.992531e-002
7.061850000005091e-003	-7.008171e-002	-6.992531e-002
7.164250000005371e-003	-7.008195e-002	-6.992555e-002
7.266650000005651e-003	-7.008195e-002	-6.992555e-002
7.369050000005931e-003	-7.008195e-002	-6.992555e-002
7.471450000006211e-003	-7.008219e-002	-6.992579e-002
7.573850000006491e-003	-7.008219e-002	-6.992579e-002
7.676250000006771e-003	-7.008243e-002	-6.992602e-002
7.778650000007052e-003	-7.008243e-002	-6.992602e-002
7.881050000006737e-003	-7.008243e-002	-6.992602e-002
7.983450000006128e-003	-7.008266e-002	-6.992626e-002
8.085850000005520e-003	-7.008266e-002	-6.992626e-002
8.188250000004912e-003	-7.008266e-002	-6.992626e-002
8.290650000004304e-003	-7.008290e-002	-6.992650e-002
8.393050000003696e-003	-7.008290e-002	-6.992650e-002
8.495450000003088e-003	-7.008290e-002	-6.992650e-002
8.597850000002480e-003	-7.008290e-002	-6.992650e-002
8.700250000001871e-003	-7.008314e-002	-6.992674e-002
8.802650000001263e-003	-7.008314e-002	-6.992674e-002
8.905050000000655e-003	-7.008314e-002	-6.992674e-002
9.007450000000047e-003	-7.008314e-002	-6.992674e-002
9.109849999999439e-003	-7.008338e-002	-6.992698e-002
9.212249999998831e-003	-7.008338e-002	-6.992698e-002
9.314649999998223e-003	-7.008338e-002	-6.992698e-002
9.417049999997615e-003	-7.008338e-002	-6.992698e-002
9.519449999997006e-003	-7.008338e-002	-6.992698e-002
9.621849999996398e-003	-7.008338e-002	-6.992698e-002
9.724249999995790e-003	-7.008362e-002	-6.992722e-002
9.826649999995182e-003	-7.008362e-002	-6.992722e-002
9.929049999994574e-003	-7.008362e-002	-6.992722e-002
1.003144999999397e-002	-7.008362e-002	-6.992722e-002
1.013384999999336e-002	-7.008362e-002	-6.992722e-002
1.023624999999275e-002	-7.008362e-002	-6.992722e-002
1.033864999999214e-002	-7.008362e-002	-6.992722e-002
1.044104999999153e-002	-7.008386e-002	-6.992745e-002
1.054344999999093e-002	-7.008386e-002	-6.992745e-002
1.064584999999032e-002	-7.008386e-002	-6.992745e-002
1.074824999998971e-002	-7.008386e-002	-6.992745e-002
1.085064999998910e-002	-7.008386e-002	-6.992745e-002
1.095304999998849e-002	-7.008386e-002	-6.992745e-002
1.105544999998788e-002	-7.008386e-002	-6.992745e-002
1.115784999998728e-002	-7.008386e-002	-6.992745e-002
1.126024999998667e-002	-7.008386e-002	-6.992745e-002
1.136264999998606e-002	-7.008386e-002	-6.992745e-002
1.146504999998545e-002	-7.008410e-002	-6.992769e-002
1.156744999998484e-002	-7.008410e-002	-6.992769e-002
1.166984999998424e-002	-7.008410e-002	-6.992769e-002
1.177224999998363e-002	-7.008410e-002	-6.992769e-002
1.187464999998302e-002	-7.008410e-002	-6.992769e-002
1.197704999998241e-002	-7.008410e-002	-6.992769e-002
1.207944999998180e-002	-7.008410e-002	-6.992769e-002
1.218184999998120e-002	-7.008410e-002	-6.992769e-002
1.228424999998059e-002	-7.008410e-002	-6.992769e-002
1.238664999997998e-002	-7.008410e-002	-6.992769e-002
1.248904999997937e-002	-7.008410e-002	-6.992769e-002
1.259144999997876e-002	-7.008410e-002	-6.992769e-002
1.269384999997815e-002	-7.008410e-002	-6.992769e-002
1.279624999997755e-002	-7.008410e-002	-6.992769e-002
1.289864999997694e-002	-7.008410e-002	-6.992769e-002
1.300104999997633e-002	-7.008410e-002	-6.992769e-002
1.310344999997572e-002	-7.008410e-002	-6.992769e-002
1.320584999997511e-002	-7.008433e-002	-6.992793e-002
1.330824999997451e-002	-7.008433e-002	-6.992793e-002
1.341064999997390e-002	-7.008433e-002	-6.992793e-002
1.351304999997329e-002	-7.008433e-002	-6.992793e-002
1.361544999997268e-002	-7.008433e-002	-6.992793e-002
1.371784999997207e-002	-7.008433e-002	-6.992793e-002
1.382024999997147e-002	-7.008433e-002	-6.992793e-002
1.392264999997086e-002	-7.008433e-002	-6.992793e-002
1.402504999997025e-002	-7.008433e-002	-6.992793e-002
1.412744999996964e-002	-7.008433e-002	-6.992793e-002
1.422984999996903e-002	-7.008433e-002	-6.992793e-002
1.433224999996842e-002	-7.008433e-002	-6.992793e-002
1.443464999996782e-002	-7.008433e-002	-6.992793e-002
1.453704999996721e-002	-7.008433e-002	-6.992793e-002
1.463944999996660e-002	-7.008433e-002	-6.992793e-002
1.474184999996599e-002	-7.008433e-002	-6.992793e-002
1.484424999996538e-002	-7.008433e-002	-6.992793e-002
1.494664999996478e-002	-7.008433e-002	-6.992793e-002
1.504904999996417e-002	-7.008433e-002	-6.992793e-002
1.515144999996356e-002	-7.008433e-002	-6.992793e-002
1.525384999996295e-002	-7.008433e-002	-6.992793e-002
1.535624999996234e-002	-7.008433e-002	-6.992793e-002
1.545864999996174e-002	-7.008433e-002	-6.992793e-002
1.556104999996113e-002	-7.008433e-002	-6.992793e-002
1.566344999996052e-002	-7.008433e-002	-6.992793e-002
1.576584999995991e-002	-7.008433e-002	-6.992793e-002
1.586824999995930e-002	-7.008433e-002	-6.992793e-002
1.597064999995870e-002	-7.008433e-002	-6.992793e-002
1.607304999995809e-002	-7.008433e-002	-6.992793e-002
1.617544999995748e-002	-7.008433e-002	-6.992793e-002
1.627784999995687e-002	-7.008433e-002	-6.992793e-002
1.638024999995626e-002	-7.008433e-002	-6.992793e-002
1.648264999995566e-002	-7.008433e-002	-6.992793e-002
1.658504999995505e-002	-7.008433e-002	-6.992793e-002
1.668744999995444e-002	-7.008433e-002	-6.992793e-002
1.678984999995383e-002	-7.008433e-002	-6.992793e-002
1.689224999995322e-002	-7.008433e-002	-6.992793e-002
1.699464999995261e-002	-7.008433e-002	-6.992793e-002
1.709704999995201e-002	-7.008433e-002	-6.992793e-002
1.719944999995140e-002	-7.008433e-002	-6.992793e-002
1.730184999995079e-002	-7.008433e-002	-6.992793e-002
1.740424999995018e-002	-7.008433e-002	-6.992793e-002
1.750664999994957e-002	-7.008433e-002	-6.992793e-002
1.760904999994897e-002	-7.008433e-002	-6.992793e-002
1.771144999994836e-002	-7.008433e-002	-6.992793e-002
1.781384999994775e-002	-7.008433e-002	-6.992793e-002
1.791624999994714e-002	-7.008433e-002	-6.992793e-002
1.801864999994653e-002	-7.008433e-002	-6.992793e-002
1.812104999994593e-002	-7.008433e-002	-6.992793e-002
1.822344999994532e-002	-7.008433e-002	-6.992793e-002
1.832584999994471e-002	-7.008433e-002	-6.992793e-002
1.842824999994410e-002	-7.008433e-002	-6.992793e-002
1.853064999994349e-002	-7.008433e-002	-6.992793e-002
1.863304999994288e-002	-7.008433e-002	-6.992793e-002
1.873544999994228e-002	-7.008433e-002	-6.992793e-002
1.883784999994167e-002	-7.008433e-002	-6.992793e-002
1.894024999994106e-002	-7.008433e-002	-6.992793e-002
1.904264999994045e-002	-7.008433e-002	-6.992793e-002
1.914504999993984e-002	-7.008433e-002	-6.992793e-002
1.924744999993924e-002	-7.008433e-002	-6.992793e-002
1.934984999993863e-002	-7.008433e-002	-6.992793e-002
1.945224999993802e-002	-7.008433e-002	-6.992793e-002
1.955464999993741e-002	-7.008433e-002	-6.992793e-002
1.965704999993680e-002	-7.008433e-002	-6.992793e-002
1.975944999993620e-002	-7.008433e-002	-6.992793e-002
1.986184999993559e-002	-7.008433e-002	-6.992793e-002
1.996424999993498e-002	-7.008433e-002	-6.992793e-002
2.006664999993437e-002	-7.008433e-002	-6.992793e-002
2.016904999993376e-002	-7.008433e-002	-6.992793e-002
2.027144999993315e-002	-7.008433e-002	-6.992793e-002
2.037384999993255e-002	-7.008433e-002	-6.992793e-002
2.047624999993194e-002	-7.008433e-002	-6.992793e-002
2.057864999993133e-002	-7.008433e-002	-6.992793e-002
2.068104999993072e-002	-7.008433e-002	-6.992793e-002
2.078344999993011e-002	-7.008433e-002	-6.992793e-002
2.088584999992951e-002	-7.008433e-002	-6.992793e-002
2.098824999992890e-002	-7.008433e-002	-6.992793e-002
2.109064999992829e-002	-7.008433e-002	-6.992793e-002
2.119304999992768e-002	-7.008433e-002	-6.992793e-002
2.129544999992707e-002	-7.008433e-002	-6.992793e-002
2.139784999992647e-002	-7.008433e-002	-6.992793e-002
2.150024999992586e-002	-7.008433e-002	-6.992793e-002
2.160264999992525e-002	-7.008433e-002	-6.992793e-002
2.170504999992464e-002	-7.008433e-002	-6.992793e-002
2.180744999992403e-002	-7.008433e-002	-6.992793e-002
2.190984999992342e-002	-7.008433e-002	-6.992793e-002
2.201224999992282e-002	-7.008433e-002	-6.992793e-002
2.211464999992221e-002	-7.008433e-002	-6.992793e-002
2.221704999992160e-002	-7.008433e-002	-6.992793e-002
2.231944999992099e-002	-7.008433e-002	-6.992793e-002
2.242184999992038e-002	-7.008433e-002	-6.992793e-002
2.252424999991978e-002	-7.008433e-002	-6.992793e-002
2.262664999991917e-002	-7.008433e-002	-6.992793e-002
2.272904999991856e-002	-7.008433e-002	-6.992793e-002
2.283144999991795e-002	-7.008433e-002	-6.992793e-002
2.293384999991734e-002	-7.008433e-002	-6.992793e-002
2.303624999991673e-002	-7.008433e-002	-6.992793e-002
2.313864999991613e-002	-7.008433e-002	-6.992793e-002
2.324104999991552e-002	-7.008433e-002	-6.992793e-002
2.334344999991491e-002	-7.008433e-002	-6.992793e-002
2.344584999991430e-002	-7.008433e-002	-6.992793e-002
2.354824999991369e-002	-7.008433e-002	-6.992793e-002
2.365064999991309e-002	-7.008433e-002	-6.992793e-002
2.375304999991248e-002	-7.008433e-002	-6.992793e-002
2.385544999991187e-002	-7.008433e-002	-6.992793e-002
2.395784999991126e-002	-7.008433e-002	-6.992793e-002
2.406024999991065e-002	-7.008433e-002	-6.992793e-002
2.416264999991005e-002	-7.008433e-002	-6.992793e-002
2.426504999990944e-002	-7.008433e-002	-6.992793e-002
2.436744999990883e-002	-7.008433e-002	-6.992793e-002
2.446984999990822e-002	-7.008433e-002	-6.992793e-002
2.457224999990761e-002	-7.008433e-002	-6.992793e-002
2.467464999990700e-002	-7.008433e-002	-6.992793e-002
2.477704999990640e-002	-7.008433e-002	-6.992793e-002
2.487944999990579e-002	-7.008433e-002	-6.992793e-002
2.498184999990518e-002	-7.008433e-002	-6.992793e-002
2.500000000000000e-002	-7.008433e-002	-6.992793e-002
2.500001000000000e-002	-7.007289e-002	-6.993937e-002
2.500003000000000e-002	-7.005024e-002	-6.996202e-002
2.500007000000000e-002	-7.000518e-002	-7.000709e-002
2.500020000000000e-002	-6.985950e-002	-7.015252e-002
2.500055000000000e-002	-6.948030e-002	-7.053180e-002
2.500090000000000e-002	-6.911481e-002	-7.089735e-002
2.500125000000000e-002	-6.876305e-002	-7.124918e-002
2.500159999999999e-002	-6.842500e-002	-7.158729e-002
2.500194999999999e-002	-6.810068e-002	-7.191169e-002
2.500229999999999e-002	-6.779008e-002	-7.222235e-002
2.500264999999999e-002	-6.749320e-002	-7.251930e-002
2.500333571428570e-002	-6.695011e-002	-7.306221e-002
2.500402142857141e-002	-6.644182e-002	-7.357035e-002
2.500470714285712e-002	-6.596833e-002	-7.404373e-002
2.500539285714283e-002	-6.552964e-002	-7.448235e-002
2.500607857142854e-002	-6.512575e-002	-7.488621e-002
2.500676428571425e-002	-6.475666e-002	-7.525532e-002
2.500744999999996e-002	-6.442237e-002	-7.558966e-002
2.500853571428567e-002	-6.394945e-002	-7.606269e-002
2.500962142857138e-002	-6.351940e-002	-7.649283e-002
2.501070714285708e-002	-6.313219e-002	-7.688007e-002
2.501179285714279e-002	-6.278785e-002	-7.722441e-002
2.501287857142850e-002	-6.248636e-002	-7.752586e-002
2.501396428571421e-002	-6.222773e-002	-7.778441e-002
2.501504999999991e-002	-6.201196e-002	-7.800007e-002
2.501679285714276e-002	-6.172021e-002	-7.829191e-002
2.501853571428561e-002	-6.146436e-002	-7.854783e-002
2.502027857142845e-002	-6.124443e-002	-7.876782e-002
2.502202142857130e-002	-6.106040e-002	-7.895187e-002
2.502376428571415e-002	-6.091229e-002	-7.910001e-002
2.502550714285700e-002	-6.080008e-002	-7.921221e-002
2.502724999999984e-002	-6.072378e-002	-7.928848e-002
2.503074999999982e-002	-6.060820e-002	-7.940401e-002
2.503424999999980e-002	-6.051233e-002	-7.949984e-002
2.503774999999978e-002	-6.043618e-002	-7.957597e-002
2.504124999999976e-002	-6.037974e-002	-7.963241e-002
2.504474999999974e-002	-6.034302e-002	-7.966915e-002
2.504824999999972e-002	-6.032601e-002	-7.968619e-002
2.505174999999970e-002	-6.032872e-002	-7.968354e-002
2.508364999999951e-002	-6.029308e-002	-7.971895e-002
2.518604999999890e-002	-6.025244e-002	-7.975937e-002
2.520025000000000e-002	-6.024686e-002	-7.976489e-002
2.528814999999948e-002	-6.021225e-002	-7.979894e-002
2.539054999999887e-002	-6.017184e-002	-7.983851e-002
2.540000000000000e-002	-6.016827e-002	-7.984209e-002
2.540001000000000e-002	-6.017947e-002	-7.983088e-002
2.540003000000000e-002	-6.020212e-002	-7.980824e-002
2.540080428571428e-002	-6.102658e-002	-7.898377e-002
2.540157857142856e-002	-6.179289e-002	-7.821747e-002
2.540235285714284e-002	-6.250104e-002	-7.750932e-002
2.540312714285713e-002	-6.315104e-002	-7.685932e-002
2.540390142857141e-002	-6.374288e-002	-7.626748e-002
2.540467571428569e-002	-6.427657e-002	-7.573379e-002
2.540544999999997e-002	-6.475210e-002	-7.525826e-002
2.540623571428568e-002	-6.519689e-002	-7.481347e-002
2.540702142857139e-002	-6.560993e-002	-7.440042e-002
2.540780714285710e-002	-6.599123e-002	-7.401913e-002
2.540859285714281e-002	-6.634079e-002	-7.366957e-002
2.540937857142852e-002	-6.665860e-002	-7.335176e-002
2.541016428571423e-002	-6.694467e-002	-7.306569e-002
2.541094999999994e-002	-6.719899e-002	-7.281137e-002
2.541173571428565e-002	-6.743347e-002	-7.257689e-002
2.541252142857136e-002	-6.765121e-002	-7.235915e-002
2.541330714285707e-002	-6.785221e-002	-7.215815e-002
2.541409285714277e-002	-6.803647e-002	-7.197388e-002
2.541487857142848e-002	-6.820400e-002	-7.180636e-002
2.541566428571419e-002	-6.835479e-002	-7.165557e-002
2.541644999999990e-002	-6.848884e-002	-7.152152e-002
2.541723571428561e-002	-6.861248e-002	-7.139787e-002
2.541802142857132e-002	-6.872729e-002	-7.128306e-002
2.541880714285703e-002	-6.883327e-002	-7.117709e-002
2.541959285714274e-002	-6.893041e-002	-7.107995e-002
2.542037857142845e-002	-6.901871e-002	-7.099165e-002
2.542116428571416e-002	-6.909818e-002	-7.091218e-002
2.542194999999987e-002	-6.916881e-002	-7.084155e-002
2.542273571428558e-002	-6.923407e-002	-7.077634e-002
2.542352142857129e-002	-6.929464e-002	-7.071577e-002
2.542430714285700e-002	-6.935052e-002	-7.065986e-002
2.542509285714271e-002	-6.940172e-002	-7.060860e-002
2.542587857142842e-002	-6.944822e-002	-7.056199e-002
2.542666428571413e-002	-6.949003e-002	-7.052004e-002
2.542744999999984e-002	-6.952715e-002	-7.048273e-002
2.542823571428555e-002	-6.956146e-002	-7.044842e-002
2.542902142857126e-002	-6.959333e-002	-7.041655e-002
2.542980714285697e-002	-6.962277e-002	-7.038711e-002
2.543059285714268e-002	-6.964978e-002	-7.036010e-002
2.543137857142839e-002	-6.967436e-002	-7.033552e-002
2.543216428571410e-002	-6.969650e-002	-7.031338e-002
2.543294999999981e-002	-6.971622e-002	-7.029366e-002
2.543373571428552e-002	-6.973431e-002	-7.027557e-002
2.543452142857123e-002	-6.975111e-002	-7.025877e-002
2.543530714285694e-002	-6.976663e-002	-7.024325e-002
2.543609285714264e-002	-6.978087e-002	-7.022901e-002
2.543687857142835e-002	-6.979382e-002	-7.021606e-002
2.543766428571406e-002	-6.980549e-002	-7.020439e-002
2.543844999999977e-002	-6.981587e-002	-7.019401e-002
2.543923571428548e-002	-6.982535e-002	-7.018453e-002
2.544002142857119e-002	-6.983417e-002	-7.017571e-002
2.544080714285690e-002	-6.984232e-002	-7.016756e-002
2.544159285714261e-002	-6.984982e-002	-7.016006e-002
2.544237857142832e-002	-6.985665e-002	-7.015323e-002
2.544316428571403e-002	-6.986282e-002	-7.014706e-002
2.544394999999974e-002	-6.986833e-002	-7.014155e-002
2.544473571428545e-002	-6.987333e-002	-7.013655e-002
2.544552142857116e-002	-6.987798e-002	-7.013190e-002
2.544630714285687e-002	-6.988228e-002	-7.012760e-002
2.544709285714258e-002	-6.988623e-002	-7.012365e-002
2.544787857142829e-002	-6.988983e-002	-7.012005e-002
2.544866428571400e-002	-6.989308e-002	-7.011680e-002
2.544944999999971e-002	-6.989598e-002	-7.011390e-002
2.545023571428542e-002	-6.989859e-002	-7.011129e-002
2.545102142857113e-002	-6.990101e-002	-7.010887e-002
2.545180714285684e-002	-6.990327e-002	-7.010661e-002
2.545259285714254e-002	-6.990534e-002	-7.010454e-002
2.545337857142825e-002	-6.990725e-002	-7.010263e-002
2.545416428571396e-002	-6.990897e-002	-7.010091e-002
2.545494999999967e-002	-6.991053e-002	-7.009935e-002
2.545574999999967e-002	-6.991194e-002	-7.009794e-002
2.545654999999967e-002	-6.991326e-002	-7.009662e-002
2.545734999999966e-002	-6.991448e-002	-7.009540e-002
2.545814999999966e-002	-6.991561e-002	-7.009427e-002
2.545894999999965e-002	-6.991663e-002	-7.009325e-002
2.545974999999965e-002	-6.991756e-002	-7.009232e-002
2.546054999999964e-002	-6.991839e-002	-7.009149e-002
2.546136428571392e-002	-6.991915e-002	-7.009073e-002
2.546217857142820e-002	-6.991984e-002	-7.009004e-002
2.546299285714248e-002	-6.992048e-002	-7.008940e-002
2.546380714285677e-002	-6.992106e-002	-7.008882e-002
2.546462142857105e-002	-6.992158e-002	-7.008830e-002
2.546543571428533e-002	-6.992204e-002	-7.008784e-002
2.546624999999961e-002	-6.992245e-002	-7.008743e-002
2.546709285714246e-002	-6.992293e-002	-7.008695e-002
2.546793571428531e-002	-6.992335e-002	-7.008653e-002
2.546877857142816e-002	-6.992372e-002	-7.008616e-002
2.546962142857102e-002	-6.992402e-002	-7.008586e-002
2.547046428571387e-002	-6.992427e-002	-7.008561e-002
2.547130714285672e-002	-6.992446e-002	-7.008542e-002
2.547214999999957e-002	-6.992459e-002	-7.008529e-002
2.547303571428528e-002	-6.992482e-002	-7.008506e-002
2.547392142857099e-002	-6.992503e-002	-7.008485e-002
2.547480714285670e-002	-6.992522e-002	-7.008466e-002
2.547569285714241e-002	-6.992539e-002	-7.008449e-002
2.547657857142812e-002	-6.992554e-002	-7.008434e-002
2.547746428571383e-002	-6.992567e-002	-7.008421e-002
2.547834999999954e-002	-6.992579e-002	-7.008410e-002
2.547933571428524e-002	-6.992576e-002	-7.008393e-002
2.548032142857095e-002	-6.992576e-002	-7.008379e-002
2.548130714285666e-002	-6.992577e-002	-7.008367e-002
2.548229285714237e-002	-6.992580e-002	-7.008357e-002
2.548327857142808e-002	-6.992586e-002	-7.008349e-002
2.548426428571379e-002	-6.992593e-002	-7.008342e-002
2.548524999999949e-002	-6.992602e-002	-7.008338e-002
2.548629285714234e-002	-6.992609e-002	-7.008331e-002
2.548733571428520e-002	-6.992616e-002	-7.008324e-002
2.548837857142805e-002	-6.992623e-002	-7.008318e-002
2.548942142857090e-002	-6.992630e-002	-7.008311e-002
2.549046428571375e-002	-6.992636e-002	-7.008304e-002
2.549150714285660e-002	-6.992643e-002	-7.008297e-002
2.549254999999945e-002	-6.992650e-002	-7.008290e-002
2.549264999999945e-002	-6.992650e-002	-7.008290e-002
2.549420714285659e-002	-6.992650e-002	-7.008290e-002
2.549576428571372e-002	-6.992650e-002	-7.008290e-002
2.549732142857085e-002	-6.992650e-002	-7.008290e-002
2.549887857142798e-002	-6.992650e-002	-7.008290e-002
2.550043571428512e-002	-6.992650e-002	-7.008290e-002
2.550199285714225e-002	-6.992650e-002	-7.008290e-002
2.550354999999939e-002	-6.992650e-002	-7.008290e-002
2.550606428571366e-002	-6.992650e-002	-7.008290e-002
2.550857857142793e-002	-6.992650e-002	-7.008290e-002
2.551109285714220e-002	-6.992650e-002	-7.008290e-002
2.551360714285647e-002	-6.992650e-002	-7.008290e-002
2.551612142857074e-002	-6.992650e-002	-7.008290e-002
2.551863571428501e-002	-6.992650e-002	-7.008290e-002
2.552114999999928e-002	-6.992650e-002	-7.008290e-002
2.552904999999923e-002	-6.992641e-002	-7.008281e-002
2.553694999999919e-002	-6.992633e-002	-7.008274e-002
2.554484999999914e-002	-6.992628e-002	-7.008268e-002
2.555274999999909e-002	-6.992625e-002	-7.008265e-002
2.556064999999905e-002	-6.992623e-002	-7.008264e-002
2.556854999999900e-002	-6.992624e-002	-7.008264e-002
2.557644999999895e-002	-6.992626e-002	-7.008266e-002
2.559504999999884e-002	-6.992602e-002	-7.008243e-002
2.569744999999823e-002	-6.992579e-002	-7.008219e-002
2.579984999999763e-002	-6.992531e-002	-7.008171e-002
2.590224999999702e-002	-6.992483e-002	-7.008123e-002
2.600464999999641e-002	-6.992459e-002	-7.008100e-002
2.610704999999580e-002	-6.992412e-002	-7.008052e-002
2.620944999999519e-002	-6.992388e-002	-7.008028e-002
2.631184999999459e-002	-6.992340e-002	-7.007980e-002
2.641424999999398e-002	-6.992316e-002	-7.007957e-002
2.651664999999337e-002	-6.992292e-002	-7.007933e-002
2.661904999999276e-002	-6.992269e-002	-7.007909e-002
2.672144999999215e-002	-6.992221e-002	-7.007861e-002
2.682384999999155e-002	-6.992197e-002	-7.007837e-002
2.692624999999094e-002	-6.992173e-002	-7.007813e-002
2.702864999999033e-002	-6.992149e-002	-7.007790e-002
2.713104999998972e-002	-6.992126e-002	-7.007766e-002
2.723344999998911e-002	-6.992102e-002	-7.007742e-002
2.733584999998850e-002	-6.992078e-002	-7.007718e-002
2.743824999998790e-002	-6.992054e-002	-7.007694e-002
2.754064999998729e-002	-6.992054e-002	-7.007694e-002
2.764304999998668e-002	-6.992030e-002	-7.007670e-002
2.774544999998607e-002	-6.992006e-002	-7.007647e-002
2.784784999998546e-002	-6.991982e-002	-7.007623e-002
2.795024999998486e-002	-6.991982e-002	-7.007623e-002
2.805264999998425e-002	-6.991959e-002	-7.007599e-002
2.815504999998364e-002	-6.991935e-002	-7.007575e-002
2.825744999998303e-002	-6.991935e-002	-7.007575e-002
2.835984999998242e-002	-6.991911e-002	-7.007551e-002
2.846224999998182e-002	-6.991911e-002	-7.007551e-002
2.856464999998121e-002	-6.991887e-002	-7.007527e-002
2.866704999998060e-002	-6.991887e-002	-7.007527e-002
2.876944999997999e-002	-6.991863e-002	-7.007504e-002
2.887184999997938e-002	-6.991863e-002	-7.007504e-002
2.897424999997877e-002	-6.991839e-002	-7.007480e-002
2.907664999997817e-002	-6.991839e-002	-7.007480e-002
2.917904999997756e-002	-6.991816e-002	-7.007456e-002
2.928144999997695e-002	-6.991816e-002	-7.007456e-002
2.938384999997634e-002	-6.991792e-002	-7.007432e-002
2.948624999997573e-002	-6.991792e-002	-7.007432e-002
2.958864999997513e-002	-6.991792e-002	-7.007432e-002
2.969104999997452e-002	-6.991768e-002	-7.007408e-002
2.979344999997391e-002	-6.991768e-002	-7.007408e-002
2.989584999997330e-002	-6.991768e-002	-7.007408e-002
2.999824999997269e-002	-6.991744e-002	-7.007384e-002
3.010064999997208e-002	-6.991744e-002	-7.007384e-002
3.020304999997148e-002	-6.991744e-002	-7.007384e-002
3.030544999997087e-002	-6.991744e-002	-7.007384e-002
3.040784999997026e-002	-6.991720e-002	-7.007360e-002
3.051024999996965e-002	-6.991720e-002	-7.007360e-002
3.061264999996904e-002	-6.991720e-002	-7.007360e-002
3.071504999996844e-002	-6.991720e-002	-7.007360e-002
3.081744999996783e-002	-6.991696e-002	-7.007337e-002
3.091984999996722e-002	-6.991696e-002	-7.007337e-002
3.102224999996661e-002	-6.991696e-002	-7.007337e-002
3.112464999996600e-002	-6.991696e-002	-7.007337e-002
3.122704999996540e-002	-6.991696e-002	-7.007337e-002
3.132944999996754e-002	-6.991696e-002	-7.007337e-002
3.143184999997049e-002	-6.991673e-002	-7.007313e-002
3.153424999997343e-002	-6.991673e-002	-7.007313e-002
3.163664999997638e-002	-6.991673e-002	-7.007313e-002
3.173904999997932e-002	-6.991673e-002	-7.007313e-002
3.184144999998226e-002	-6.991673e-002	-7.007313e-002
3.194384999998521e-002	-6.991673e-002	-7.007313e-002
3.204624999998815e-002	-6.991673e-002	-7.007313e-002
3.214864999999110e-002	-6.991649e-002	-7.007289e-002
3.225104999999404e-002	-6.991649e-002	-7.007289e-002
3.235344999999699e-002	-6.991649e-002	-7.007289e-002
3.245584999999993e-002	-6.991649e-002	-7.007289e-002
3.255825000000288e-002	-6.991649e-002	-7.007289e-002
3.266065000000582e-002	-6.991649e-002	-7.007289e-002
3.276305000000877e-002	-6.991649e-002	-7.007289e-002
3.286545000001171e-002	-6.991649e-002	-7.007289e-002
3.296785000001466e-002	-6.991649e-002	-7.007289e-002
3.307025000001760e-002	-6.991649e-002	-7.007289e-002
3.317265000002054e-002	-6.991625e-002	-7.007265e-002
3.327505000002349e-002	-6.991625e-002	-7.007265e-002
3.337745000002643e-002	-6.991625e-002	-7.007265e-002
3.347985000002938e-002	-6.991625e-002	-7.007265e-002
3.358225000003232e-002	-6.991625e-002	-7.007265e-002
3.368465000003527e-002	-6.991625e-002	-7.007265e-002
3.378705000003821e-002	-6.991625e-002	-7.007265e-002
3.388945000004116e-002	-6.991625e-002	-7.007265e-002
3.399185000004410e-002	-6.991625e-002	-7.007265e-002
3.409425000004705e-002	-6.991625e-002	-7.007265e-002
3.419665000004999e-002	-6.991625e-002	-7.007265e-002
3.429905000005293e-002	-6.991625e-002	-7.007265e-002
3.440145000005588e-002	-6.991625e-002	-7.007265e-002
3.450385000005882e-002	-6.991625e-002	-7.007265e-002
3.460625000006177e-002	-6.991625e-002	-7.007265e-002
3.470865000006471e-002	-6.991625e-002	-7.007265e-002
3.481105000006766e-002	-6.991625e-002	-7.007265e-002
3.491345000007060e-002	-6.991625e-002	-7.007265e-002
3.501585000007355e-002	-6.991625e-002	-7.007265e-002
3.511825000007649e-002	-6.991601e-002	-7.007241e-002
3.522065000007944e-002	-6.991601e-002	-7.007241e-002
3.532305000008238e-002	-6.991601e-002	-7.007241e-002
3.542545000008533e-002	-6.991601e-002	-7.007241e-002
3.552785000008827e-002	-6.991601e-002	-7.007241e-002
3.563025000009121e-002	-6.991601e-002	-7.007241e-002
3.573265000009416e-002	-6.991601e-002	-7.007241e-002
3.583505000009710e-002	-6.991601e-002	-7.007241e-002
3.593745000010005e-002	-6.991601e-002	-7.007241e-002
3.603985000010299e-002	-6.991601e-002	-7.007241e-002
3.614225000010594e-002	-6.991601e-002	-7.007241e-002
3.624465000010888e-002	-6.991601e-002	-7.007241e-002
3.634705000011183e-002	-6.991601e-002	-7.007241e-002
3.644945000011477e-002	-6.991601e-002	-7.007241e-002
3.655185000011772e-002	-6.991601e-002	-7.007241e-002
3.665425000012066e-002	-6.991601e-002	-7.007241e-002
3.675665000012360e-002	-6.991601e-002	-7.007241e-002
3.685905000012655e-002	-6.991601e-002	-7.007241e-002
3.696145000012949e-002	-6.991601e-002	-7.007241e-002
3.706385000013244e-002	-6.991601e-002	-7.007241e-002
3.716625000013538e-002	-6.991601e-002	-7.007241e-002
3.726865000013833e-002	-6.991601e-002	-7.007241e-002
3.737105000014127e-002	-6.991601e-002	-7.007241e-002
3.747345000014422e-002	-6.991601e-002	-7.007241e-002
3.757585000014716e-002	-6.991601e-002	-7.007241e-002
3.767825000015011e-002	-6.991601e-002	-7.007241e-002
3.778065000015305e-002	-6.991601e-002	-7.007241e-002
3.788305000015600e-002	-6.991601e-002	-7.007241e-002
3.798545000015894e-002	-6.991601e-002	-7.007241e-002
3.808785000016188e-002	-6.991601e-002	-7.007241e-002
3.819025000016483e-002	-6.991601e-002	-7.007241e-002
3.829265000016777e-002	-6.991601e-002	-7.007241e-002
3.839505000017072e-002	-6.991601e-002	-7.007241e-002
3.849745000017366e-002	-6.991601e-002	-7.007241e-002
3.859985000017661e-002	-6.991601e-002	-7.007241e-002
3.870225000017955e-002	-6.991601e-002	-7.007241e-002
3.880465000018250e-002	-6.991601e-002	-7.007241e-002
3.890705000018544e-002	-6.991601e-002	-7.007241e-002
3.900945000018839e-002	-6.991601e-002	-7.007241e-002
3.911185000019133e-002	-6.991601e-002	-7.007241e-002
3.921425000019427e-002	-6.991601e-002	-7.007241e-002
3.931665000019722e-002	-6.991601e-002	-7.007241e-002
3.941905000020016e-002	-6.991601e-002	-7.007241e-002
3.952145000020311e-002	-6.991601e-002	-7.007241e-002
3.962385000020605e-002	-6.991601e-002	-7.007241e-002
3.972625000020900e-002	-6.991601e-002	-7.007241e-002
3.982865000021194e-002	-6.991601e-002	-7.007241e-002
3.993105000021489e-002	-6.991601e-002	-7.007241e-002
4.003345000021783e-002	-6.991601e-002	-7.007241e-002
4.013585000022078e-002	-6.991601e-002	-7.007241e-002
4.023825000022372e-002	-6.991601e-002	-7.007241e-002
4.034065000022667e-002	-6.991601e-002	-7.007241e-002
4.044305000022961e-002	-6.991601e-002	-7.007241e-002
4.054545000023255e-002	-6.991601e-002	-7.007241e-002
4.064785000023550e-002	-6.991601e-002	-7.007241e-002
4.075025000023844e-002	-6.991601e-002	-7.007241e-002
4.085265000024139e-002	-6.991601e-002	-7.007241e-002
4.095505000024433e-002	-6.991601e-002	-7.007241e-002
4.105745000024728e-002	-6.991601e-002	-7.007241e-002
4.115985000025022e-002	-6.991601e-002	-7.007241e-002
4.126225000025317e-002	-6.991601e-002	-7.007241e-002
4.136465000025611e-002	-6.991601e-002	-7.007241e-002
4.146705000025906e-002	-6.991601e-002	-7.007241e-002
4.156945000026200e-002	-6.991601e-002	-7.007241e-002
4.167185000026494e-002	-6.991601e-002	-7.007241e-002
4.177425000026789e-002	-6.991601e-002	-7.007241e-002
4.187665000027083e-002	-6.991601e-002	-7.007241e-002
4.197905000027378e-002	-6.991601e-002	-7.007241e-002
4.208145000027672e-002	-6.991601e-002	-7.007241e-002
4.218385000027967e-002	-6.991601e-002	-7.007241e-002
4.228625000028261e-002	-6.991601e-002	-7.007241e-002
4.238865000028556e-002	-6.991601e-002	-7.007241e-002
4.249105000028850e-002	-6.991601e-002	-7.007241e-002
4.259345000029145e-002	-6.991601e-002	-7.007241e-002
4.269585000029439e-002	-6.991601e-002	-7.007241e-002
4.279825000029734e-002	-6.991601e-002	-7.007241e-002
4.290065000030028e-002	-6.991601e-002	-7.007241e-002
4.300305000030322e-002	-6.991601e-002	-7.007241e-002
4.310545000030617e-002	-6.991601e-002	-7.007241e-002
4.320785000030911e-002	-6.991601e-002	-7.007241e-002
4.331025000031206e-002	-6.991601e-002	-7.007241e-002
4.341265000031500e-002	-6.991601e-002	-7.007241e-002
4.351505000031795e-002	-6.991601e-002	-7.007241e-002
4.361745000032089e-002	-6.991601e-002	-7.007241e-002
4.371985000032384e-002	-6.991601e-002	-7.007241e-002
4.382225000032678e-002	-6.991601e-002	-7.007241e-002
4.392465000032973e-002	-6.991601e-002	-7.007241e-002
4.402705000033267e-002	-6.991601e-002	-7.007241e-002
4.412945000033561e-002	-6.991601e-002	-7.007241e-002
4.423185000033856e-002	-6.991601e-002	-7.007241e-002
4.433425000034150e-002	-6.991601e-002	-7.007241e-002
4.443665000034445e-002	-6.991601e-002	-7.007241e-002
4.453905000034739e-002	-6.991601e-002	-7.007241e-002
4.464145000035034e-002	-6.991601e-002	-7.007241e-002
4.474385000035328e-002	-6.991601e-002	-7.007241e-002
4.484625000035623e-002	-6.991601e-002	-7.007241e-002
4.494865000035917e-002	-6.991601e-002	-7.007241e-002
4.500000000000000e-002	-6.991601e-002	-7.007241e-002
4.500001000000000e-002	-6.992745e-002	-7.006097e-002
4.500003000000000e-002	-6.995010e-002	-7.003832e-002
4.500007000000000e-002	-6.999516e-002	-6.999302e-002
4.500010000000000e-002	-7.002902e-002	-6.995940e-002
4.500015600000000e-002	-7.009172e-002	-6.989670e-002
4.500032000000000e-002	-7.027268e-002	-6.971550e-002
4.500052000000001e-002	-7.048917e-002	-6.949925e-002
4.500082000000002e-002	-7.080436e-002	-6.918383e-002
4.500129142857146e-002	-7.127514e-002	-6.871305e-002
4.500176285714290e-002	-7.172379e-002	-6.826440e-002
4.500223428571434e-002	-7.215031e-002	-6.783788e-002
4.500270571428579e-002	-7.255470e-002	-6.743348e-002
4.500317714285723e-002	-7.293696e-002	-6.705122e-002
4.500364857142867e-002	-7.329710e-002	-6.669109e-002
4.500412000000011e-002	-7.363510e-002	-6.635308e-002
4.500493428571442e-002	-7.417203e-002	-6.581601e-002
4.500574857142873e-002	-7.466960e-002	-6.531836e-002
4.500656285714304e-002	-7.512783e-002	-6.486011e-002
4.500737714285735e-002	-7.554669e-002	-6.444128e-002
4.500819142857166e-002	-7.592621e-002	-6.406186e-002
4.500900571428597e-002	-7.626637e-002	-6.372185e-002
4.500982000000028e-002	-7.656717e-002	-6.342125e-002
4.501109142857174e-002	-7.697948e-002	-6.300895e-002
4.501236285714320e-002	-7.735011e-002	-6.263831e-002
4.501363428571467e-002	-7.767907e-002	-6.230935e-002
4.501490571428614e-002	-7.796637e-002	-6.202205e-002
4.501617714285761e-002	-7.821199e-002	-6.177643e-002
4.501744857142907e-002	-7.841595e-002	-6.157247e-002
4.501872000000053e-002	-7.857823e-002	-6.141019e-002
4.502084857142916e-002	-7.880051e-002	-6.118768e-002
4.502297714285780e-002	-7.899226e-002	-6.099577e-002
4.502510571428643e-002	-7.915350e-002	-6.083445e-002
4.502723428571506e-002	-7.928423e-002	-6.070373e-002
4.502936285714369e-002	-7.938443e-002	-6.060360e-002
4.503149142857233e-002	-7.945412e-002	-6.053407e-002
4.503362000000096e-002	-7.949328e-002	-6.049514e-002
4.503600571428675e-002	-7.953666e-002	-6.045166e-002
4.503839142857253e-002	-7.957384e-002	-6.041441e-002
4.504077714285831e-002	-7.960481e-002	-6.038338e-002
4.504316285714409e-002	-7.962959e-002	-6.035859e-002
4.504554857142987e-002	-7.964817e-002	-6.034002e-002
4.504793428571566e-002	-7.966055e-002	-6.032768e-002
4.505032000000144e-002	-7.966673e-002	-6.032157e-002
4.505042000000144e-002	-7.966709e-002	-6.032121e-002
4.510000000000000e-002	-7.971394e-002	-6.027448e-002
4.515255000000151e-002	-7.973468e-002	-6.025392e-002
4.520000000000000e-002	-7.975330e-002	-6.023547e-002
4.520001000000000e-002	-7.974198e-002	-6.024679e-002
4.520003000000000e-002	-7.971934e-002	-6.026942e-002
4.520080428571431e-002	-7.889489e-002	-6.109388e-002
4.520157857142862e-002	-7.812858e-002	-6.186019e-002
4.520235285714293e-002	-7.742042e-002	-6.256835e-002
4.520312714285723e-002	-7.677041e-002	-6.321837e-002
4.520390142857154e-002	-7.617855e-002	-6.381024e-002
4.520467571428585e-002	-7.564483e-002	-6.434396e-002
4.520545000000015e-002	-7.516926e-002	-6.481954e-002
4.520623571428589e-002	-7.472450e-002	-6.526430e-002
4.520702142857163e-002	-7.431148e-002	-6.567732e-002
4.520780714285737e-002	-7.393020e-002	-6.605861e-002
4.520859285714310e-002	-7.358066e-002	-6.640816e-002
4.520937857142884e-002	-7.326285e-002	-6.672596e-002
4.521016428571457e-002	-7.297679e-002	-6.701204e-002
4.521095000000031e-002	-7.272246e-002	-6.726637e-002
4.521173571428605e-002	-7.248799e-002	-6.750084e-002
4.521252142857179e-002	-7.227026e-002	-6.771857e-002
4.521330714285753e-002	-7.206926e-002	-6.791957e-002
4.521409285714326e-002	-7.188499e-002	-6.810385e-002
4.521487857142899e-002	-7.171746e-002	-6.827139e-002
4.521566428571473e-002	-7.156665e-002	-6.842220e-002
4.521645000000047e-002	-7.143258e-002	-6.855628e-002
4.521723571428621e-002	-7.130898e-002	-6.867988e-002
4.521802142857195e-002	-7.119420e-002	-6.879467e-002
4.521880714285768e-002	-7.108824e-002	-6.890063e-002
4.521959285714342e-002	-7.099109e-002	-6.899778e-002
4.522037857142915e-002	-7.090277e-002	-6.908610e-002
4.522116428571489e-002	-7.082327e-002	-6.916560e-002
4.522195000000063e-002	-7.075259e-002	-6.923628e-002
4.522273571428637e-002	-7.068743e-002	-6.930144e-002
4.522352142857210e-002	-7.062692e-002	-6.936196e-002
4.522430714285784e-002	-7.057106e-002	-6.941782e-002
4.522509285714357e-002	-7.051985e-002	-6.946903e-002
4.522587857142931e-002	-7.047330e-002	-6.951560e-002
4.522666428571505e-002	-7.043139e-002	-6.955751e-002
4.522745000000079e-002	-7.039413e-002	-6.959477e-002
4.522823571428652e-002	-7.035978e-002	-6.962912e-002
4.522902142857226e-002	-7.032788e-002	-6.966103e-002
4.522980714285800e-002	-7.029844e-002	-6.969048e-002
4.523059285714373e-002	-7.027144e-002	-6.971748e-002
4.523137857142947e-002	-7.024690e-002	-6.974202e-002
4.523216428571521e-002	-7.022480e-002	-6.976412e-002
4.523295000000095e-002	-7.020516e-002	-6.978377e-002
4.523373571428668e-002	-7.018706e-002	-6.980188e-002
4.523452142857242e-002	-7.017024e-002	-6.981869e-002
4.523530714285816e-002	-7.015472e-002	-6.983422e-002
4.523609285714389e-002	-7.014049e-002	-6.984846e-002
4.523687857142963e-002	-7.012755e-002	-6.986140e-002
4.523766428571537e-002	-7.011591e-002	-6.987305e-002
4.523845000000110e-002	-7.010555e-002	-6.988340e-002
4.523923571428684e-002	-7.009601e-002	-6.989295e-002
4.524002142857258e-002	-7.008715e-002	-6.990182e-002
4.524080714285832e-002	-7.007897e-002	-6.991001e-002
4.524159285714405e-002	-7.007146e-002	-6.991751e-002
4.524237857142979e-002	-7.006464e-002	-6.992433e-002
4.524316428571552e-002	-7.005850e-002	-6.993047e-002
4.524395000000126e-002	-7.005304e-002	-6.993593e-002
4.524473571428700e-002	-7.004801e-002	-6.994097e-002
4.524552142857274e-002	-7.004334e-002	-6.994564e-002
4.524630714285848e-002	-7.003903e-002	-6.994996e-002
4.524709285714421e-002	-7.003508e-002	-6.995392e-002
4.524787857142994e-002	-7.003148e-002	-6.995751e-002
4.524866428571568e-002	-7.002825e-002	-6.996075e-002
4.524945000000142e-002	-7.002537e-002	-6.996363e-002
4.525017857143001e-002	-7.002290e-002	-6.996611e-002
4.525090714285861e-002	-7.002059e-002	-6.996842e-002
4.525163571428720e-002	-7.001846e-002	-6.997056e-002
4.525236428571579e-002	-7.001648e-002	-6.997254e-002
4.525309285714438e-002	-7.001468e-002	-6.997435e-002
4.525382142857298e-002	-7.001304e-002	-6.997599e-002
4.525455000000157e-002	-7.001157e-002	-6.997747e-002
4.525465000000157e-002	-7.001137e-002	-6.997767e-002
4.525545000000159e-002	-7.000990e-002	-6.997914e-002
4.525625000000162e-002	-7.000853e-002	-6.998051e-002
4.525705000000164e-002	-7.000728e-002	-6.998177e-002
4.525785000000166e-002	-7.000613e-002	-6.998292e-002
4.525865000000168e-002	-7.000508e-002	-6.998397e-002
4.525945000000171e-002	-7.000414e-002	-6.998492e-002
4.526025000000173e-002	-7.000331e-002	-6.998575e-002
4.526106428571604e-002	-7.000254e-002	-6.998653e-002
4.526187857143035e-002	-7.000181e-002	-6.998726e-002
4.526269285714465e-002	-7.000115e-002	-6.998793e-002
4.526350714285897e-002	-7.000054e-002	-6.998854e-002
4.526432142857328e-002	-6.999999e-002	-6.998909e-002
4.526513571428759e-002	-6.999950e-002	-6.998958e-002
4.526595000000189e-002	-6.999906e-002	-6.999002e-002
4.526677857143049e-002	-6.999866e-002	-6.999043e-002
4.526760714285909e-002	-6.999828e-002	-6.999081e-002
4.526843571428768e-002	-6.999793e-002	-6.999116e-002
4.526926428571627e-002	-6.999762e-002	-6.999148e-002
4.527009285714487e-002	-6.999733e-002	-6.999176e-002
4.527092142857347e-002	-6.999708e-002	-6.999202e-002
4.527175000000206e-002	-6.999686e-002	-6.999225e-002
4.527263571428780e-002	-6.999664e-002	-6.999247e-002
4.527352142857354e-002	-6.999644e-002	-6.999268e-002
4.527440714285928e-002	-6.999625e-002	-6.999287e-002
4.527529285714502e-002	-6.999608e-002	-6.999304e-002
4.527617857143076e-002	-6.999594e-002	-6.999319e-002
4.527706428571650e-002	-6.999580e-002	-6.999333e-002
4.527795000000224e-002	-6.999569e-002	-6.999345e-002
4.527893571428798e-002	-6.999557e-002	-6.999357e-002
4.527992142857373e-002	-6.999547e-002	-6.999368e-002
4.528090714285947e-002	-6.999537e-002	-6.999378e-002
4.528189285714521e-002	-6.999528e-002	-6.999387e-002
4.528287857143095e-002	-6.999521e-002	-6.999395e-002
4.528386428571669e-002	-6.999514e-002	-6.999402e-002
4.528485000000244e-002	-6.999508e-002	-6.999408e-002
4.528602142857390e-002	-6.999503e-002	-6.999415e-002
4.528719285714536e-002	-6.999498e-002	-6.999421e-002
4.528836428571682e-002	-6.999493e-002	-6.999426e-002
4.528953571428829e-002	-6.999489e-002	-6.999431e-002
4.529070714285975e-002	-6.999485e-002	-6.999435e-002
4.529187857143121e-002	-6.999482e-002	-6.999439e-002
4.529305000000267e-002	-6.999480e-002	-6.999441e-002
4.529463571428843e-002	-6.999477e-002	-6.999445e-002
4.529622142857420e-002	-6.999475e-002	-6.999448e-002
4.529780714285996e-002	-6.999473e-002	-6.999451e-002
4.529939285714571e-002	-6.999471e-002	-6.999453e-002
4.530097857143147e-002	-6.999470e-002	-6.999455e-002
4.530256428571723e-002	-6.999469e-002	-6.999456e-002
4.530415000000299e-002	-6.999468e-002	-6.999458e-002
4.530673571428878e-002	-6.999468e-002	-6.999459e-002
4.530932142857457e-002	-6.999467e-002	-6.999461e-002
4.531190714286036e-002	-6.999467e-002	-6.999463e-002
4.531449285714614e-002	-6.999467e-002	-6.999464e-002
4.531707857143193e-002	-6.999467e-002	-6.999465e-002
4.531966428571772e-002	-6.999467e-002	-6.999466e-002
4.532225000000351e-002	-6.999468e-002	-6.999467e-002
4.532720714286080e-002	-6.999469e-002	-6.999468e-002
4.533216428571808e-002	-6.999470e-002	-6.999469e-002
4.533712142857537e-002	-6.999471e-002	-6.999470e-002
4.534207857143265e-002	-6.999472e-002	-6.999472e-002
4.534703571428994e-002	-6.999473e-002	-6.999473e-002
4.535199285714722e-002	-6.999474e-002	-6.999474e-002
4.535695000000451e-002	-6.999476e-002	-6.999476e-002
4.535705000000451e-002	-6.999476e-002	-6.999476e-002
4.545945000000746e-002	-6.999498e-002	-6.999498e-002
4.556185000001040e-002	-6.999519e-002	-6.999519e-002
4.566425000001335e-002	-6.999540e-002	-6.999540e-002
4.576665000001629e-002	-6.999560e-002	-6.999560e-002
4.586905000001924e-002	-6.999579e-002	-6.999579e-002
4.597145000002218e-002	-6.999598e-002	-6.999598e-002
4.607385000002513e-002	-6.999615e-002	-6.999615e-002
4.617625000002807e-002	-6.999632e-002	-6.999632e-002
4.627865000003101e-002	-6.999648e-002	-6.999648e-002
4.638105000003396e-002	-6.999663e-002	-6.999663e-002
4.648345000003690e-002	-6.999678e-002	-6.999678e-002
4.658585000003985e-002	-6.999692e-002	-6.999692e-002
4.668825000004279e-002	-6.999706e-002	-6.999706e-002
4.679065000004574e-002	-6.999718e-002	-6.999718e-002
4.689305000004868e-002	-6.999731e-002	-6.999731e-002
4.699545000005163e-002	-6.999743e-002	-6.999743e-002
4.709785000005457e-002	-6.999755e-002	-6.999755e-002
4.720025000005752e-002	-6.999765e-002	-6.999765e-002
4.730265000006046e-002	-6.999776e-002	-6.999776e-002
4.740505000006341e-002	-6.999786e-002	-6.999786e-002
4.750745000006635e-002	-6.999795e-002	-6.999795e-002
4.760985000006929e-002	-6.999805e-002	-6.999805e-002
4.771225000007224e-002	-6.999814e-002	-6.999814e-002
4.781465000007518e-002	-6.999822e-002	-6.999822e-002
4.791705000007813e-002	-6.999830e-002	-6.999830e-002
4.801945000008107e-002	-6.999838e-002	-6.999838e-002
4.812185000008402e-002	-6.999845e-002	-6.999845e-002
4.822425000008696e-002	-6.999853e-002	-6.999853e-002
4.832665000008991e-002	-6.999860e-002	-6.999860e-002
4.842905000009285e-002	-6.999866e-002	-6.999866e-002
4.853145000009580e-002	-6.999872e-002	-6.999872e-002
4.863385000009874e-002	-6.999878e-002	-6.999878e-002
4.873625000010168e-002	-6.999885e-002	-6.999885e-002
4.883865000010463e-002	-6.999890e-002	-6.999890e-002
4.894105000010757e-002	-6.999895e-002	-6.999895e-002
4.904345000011052e-002	-6.999900e-002	-6.999900e-002
4.914585000011346e-002	-6.999905e-002	-6.999905e-002
4.924825000011641e-002	-6.999909e-002	-6.999909e-002
4.935065000011935e-002	-6.999914e-002	-6.999914e-002
4.945305000012230e-002	-6.999918e-002	-6.999918e-002
4.955545000012524e-002	-6.999923e-002	-6.999923e-002
4.965785000012819e-002	-6.999927e-002	-6.999927e-002
4.976025000013113e-002	-6.999931e-002	-6.999931e-002
4.986265000013408e-002	-6.999934e-002	-6.999934e-002
4.996505000013702e-002	-6.999937e-002	-6.999937e-002
4.999995000013802e-002	-6.999938e-002	-6.999938e-002
5.000000000000000e-002	-6.999938e-002	-6.999938e-002
