time	V(N008,N005)	V(N009,N004)
0.000000000000000e+000	-7.000000e-002	-7.000000e-002
1.006310719994779e-004	-7.000001e-002	-7.000001e-002
2.030310719994804e-004	-7.000002e-002	-7.000002e-002
3.054310719994828e-004	-7.000002e-002	-7.000002e-002
4.078310719994853e-004	-7.000003e-002	-7.000003e-002
5.102310719994759e-004	-7.000004e-002	-7.000004e-002
6.126310719994229e-004	-7.000005e-002	-7.000005e-002
7.150310719993699e-004	-7.000005e-002	-7.000005e-002
8.174310719993169e-004	-7.000006e-002	-7.000006e-002
9.198310719992638e-004	-7.000007e-002	-7.000007e-002
1.022231071999260e-003	-7.000007e-002	-7.000007e-002
1.124631071999318e-003	-7.000008e-002	-7.000008e-002
1.227031071999376e-003	-7.000009e-002	-7.000009e-002
1.329431071999434e-003	-7.000010e-002	-7.000010e-002
1.431831071999492e-003	-7.000010e-002	-7.000010e-002
1.534231071999550e-003	-7.000011e-002	-7.000011e-002
1.636631071999608e-003	-7.000012e-002	-7.000012e-002
1.739031071999666e-003	-7.000013e-002	-7.000013e-002
1.841431071999724e-003	-7.000013e-002	-7.000013e-002
1.943831071999782e-003	-7.000013e-002	-7.000013e-002
2.046231071999638e-003	-7.000013e-002	-7.000013e-002
2.148631071999474e-003	-7.000013e-002	-7.000013e-002
2.251031071999310e-003	-7.000013e-002	-7.000013e-002
2.353431071999146e-003	-7.000013e-002	-7.000013e-002
2.455831071998982e-003	-7.000013e-002	-7.000013e-002
2.558231071998818e-003	-7.000013e-002	-7.000013e-002
2.660631071998654e-003	-7.000013e-002	-7.000013e-002
2.763031071998490e-003	-7.000013e-002	-7.000013e-002
2.865431071998326e-003	-7.000013e-002	-7.000013e-002
2.967831071998162e-003	-7.000013e-002	-7.000013e-002
3.070231071997998e-003	-7.000013e-002	-7.000013e-002
3.172631071997834e-003	-7.000013e-002	-7.000013e-002
3.275031071997670e-003	-7.000013e-002	-7.000013e-002
3.377431071997506e-003	-7.000013e-002	-7.000013e-002
3.479831071997342e-003	-7.000013e-002	-7.000013e-002
3.582231071997178e-003	-7.000013e-002	-7.000013e-002
3.684631071997014e-003	-7.000013e-002	-7.000013e-002
3.787031071996850e-003	-7.000013e-002	-7.000013e-002
3.889431071996686e-003	-7.000013e-002	-7.000013e-002
3.991831071996892e-003	-7.000013e-002	-7.000013e-002
4.094231071997172e-003	-7.000013e-002	-7.000013e-002
4.196631071997452e-003	-7.000013e-002	-7.000013e-002
4.299031071997733e-003	-7.000013e-002	-7.000013e-002
4.401431071998013e-003	-7.000013e-002	-7.000013e-002
4.503831071998293e-003	-7.000013e-002	-7.000013e-002
4.606231071998573e-003	-7.000013e-002	-7.000013e-002
4.708631071998853e-003	-7.000013e-002	-7.000013e-002
4.811031071999133e-003	-7.000013e-002	-7.000013e-002
4.913431071999413e-003	-7.000013e-002	-7.000013e-002
5.000000000000000e-003	-7.000013e-002	-7.000013e-002
5.000000157877729e-003	-7.000029e-002	-6.999997e-002
5.000000473633188e-003	-7.000064e-002	-6.999962e-002
5.000014691685590e-003	-7.001676e-002	-6.998349e-002
5.000028909737991e-003	-7.003287e-002	-6.996738e-002
5.000043127790393e-003	-7.004895e-002	-6.995129e-002
5.000057345842795e-003	-7.006502e-002	-6.993523e-002
5.000071563895197e-003	-7.008106e-002	-6.991919e-002
5.000085781947598e-003	-7.009708e-002	-6.990318e-002
5.000100000000000e-003	-7.011308e-002	-6.988719e-002
5.000406059325215e-003	-7.044969e-002	-6.955057e-002
5.000712118650429e-003	-7.077552e-002	-6.922475e-002
5.001018177975643e-003	-7.109055e-002	-6.890972e-002
5.001324237300857e-003	-7.139478e-002	-6.860548e-002
5.001630296626071e-003	-7.168823e-002	-6.831203e-002
5.001936355951285e-003	-7.197088e-002	-6.802938e-002
5.002242415276499e-003	-7.224275e-002	-6.775752e-002
5.002542415276500e-003	-7.250084e-002	-6.749941e-002
5.002985272419359e-003	-7.286362e-002	-6.713664e-002
5.003428129562217e-003	-7.321024e-002	-6.679001e-002
5.003870986705075e-003	-7.354071e-002	-6.645955e-002
5.004313843847934e-003	-7.385502e-002	-6.614524e-002
5.004756700990792e-003	-7.415317e-002	-6.584709e-002
5.005199558133651e-003	-7.443517e-002	-6.556509e-002
5.005642415276509e-003	-7.470100e-002	-6.529925e-002
5.006370986705082e-003	-7.510676e-002	-6.489349e-002
5.007099558133656e-003	-7.548524e-002	-6.451502e-002
5.007828129562229e-003	-7.583644e-002	-6.416382e-002
5.008556700990803e-003	-7.616036e-002	-6.383989e-002
5.009285272419376e-003	-7.645700e-002	-6.354325e-002
5.010013843847950e-003	-7.672637e-002	-6.327388e-002
5.010742415276523e-003	-7.696846e-002	-6.303179e-002
5.011256700990810e-003	-7.712982e-002	-6.287044e-002
5.011770986705097e-003	-7.728301e-002	-6.271725e-002
5.012285272419384e-003	-7.742805e-002	-6.257222e-002
5.012799558133671e-003	-7.756493e-002	-6.243534e-002
5.013313843847959e-003	-7.769365e-002	-6.230661e-002
5.013828129562245e-003	-7.781422e-002	-6.218604e-002
5.014342415276533e-003	-7.792662e-002	-6.207363e-002
5.014442415276533e-003	-7.794794e-002	-6.205234e-002
5.016128129562252e-003	-7.825284e-002	-6.174743e-002
5.017813843847971e-003	-7.852093e-002	-6.147933e-002
5.019499558133690e-003	-7.875222e-002	-6.124804e-002
5.021185272419408e-003	-7.894669e-002	-6.105356e-002
5.022870986705127e-003	-7.910435e-002	-6.089589e-002
5.024556700990846e-003	-7.922521e-002	-6.077502e-002
5.026242415276565e-003	-7.930925e-002	-6.069097e-002
5.029542415276574e-003	-7.943462e-002	-6.056561e-002
5.032842415276583e-003	-7.953905e-002	-6.046120e-002
5.036142415276592e-003	-7.962253e-002	-6.037772e-002
5.039442415276601e-003	-7.968508e-002	-6.031518e-002
5.042742415276610e-003	-7.972669e-002	-6.027358e-002
5.046042415276619e-003	-7.974735e-002	-6.025292e-002
5.049342415276628e-003	-7.974708e-002	-6.025320e-002
5.100250000000001e-003	-7.979822e-002	-6.020224e-002
5.116550000000045e-003	-7.980466e-002	-6.019580e-002
5.120000000000000e-003	-7.980597e-002	-6.019437e-002
5.120010000000000e-003	-7.979465e-002	-6.020570e-002
5.120030000000000e-003	-7.977200e-002	-6.022835e-002
5.120804285714288e-003	-7.894755e-002	-6.105280e-002
5.121578571428576e-003	-7.818124e-002	-6.181910e-002
5.122352857142864e-003	-7.747308e-002	-6.252726e-002
5.123127142857151e-003	-7.682307e-002	-6.317727e-002
5.123901428571439e-003	-7.623120e-002	-6.376914e-002
5.124675714285727e-003	-7.569748e-002	-6.430287e-002
5.125450000000015e-003	-7.522190e-002	-6.477845e-002
5.126235714285731e-003	-7.477714e-002	-6.522329e-002
5.127021428571448e-003	-7.436413e-002	-6.563637e-002
5.127807142857164e-003	-7.398287e-002	-6.601769e-002
5.128592857142881e-003	-7.363335e-002	-6.636725e-002
5.129378571428597e-003	-7.331557e-002	-6.668504e-002
5.130164285714314e-003	-7.302954e-002	-6.697107e-002
5.130950000000030e-003	-7.277524e-002	-6.722534e-002
5.131735714285746e-003	-7.254078e-002	-6.745980e-002
5.132521428571463e-003	-7.232304e-002	-6.767754e-002
5.133307142857179e-003	-7.212203e-002	-6.787855e-002
5.134092857142896e-003	-7.193775e-002	-6.806283e-002
5.134878571428612e-003	-7.177020e-002	-6.823038e-002
5.135664285714329e-003	-7.161938e-002	-6.838120e-002
5.136450000000045e-003	-7.148528e-002	-6.851530e-002
5.137235714285761e-003	-7.136169e-002	-6.863889e-002
5.138021428571478e-003	-7.124692e-002	-6.875366e-002
5.138807142857194e-003	-7.114097e-002	-6.885962e-002
5.139592857142911e-003	-7.104383e-002	-6.895675e-002
5.140378571428627e-003	-7.095551e-002	-6.904508e-002
5.141164285714344e-003	-7.087600e-002	-6.912458e-002
5.141950000000060e-003	-7.080531e-002	-6.919527e-002
5.142735714285776e-003	-7.074012e-002	-6.926046e-002
5.143521428571493e-003	-7.067959e-002	-6.932099e-002
5.144307142857209e-003	-7.062372e-002	-6.937687e-002
5.145092857142926e-003	-7.057251e-002	-6.942807e-002
5.145878571428642e-003	-7.052596e-002	-6.947462e-002
5.146664285714359e-003	-7.048407e-002	-6.951651e-002
5.147450000000075e-003	-7.044685e-002	-6.955373e-002
5.148235714285791e-003	-7.041248e-002	-6.958810e-002
5.149021428571508e-003	-7.038057e-002	-6.962001e-002
5.149807142857225e-003	-7.035111e-002	-6.964947e-002
5.150592857142941e-003	-7.032410e-002	-6.967648e-002
5.151378571428657e-003	-7.029954e-002	-6.970104e-002
5.152164285714374e-003	-7.027744e-002	-6.972315e-002
5.152950000000090e-003	-7.025778e-002	-6.974280e-002
5.153735714285806e-003	-7.023968e-002	-6.976090e-002
5.154521428571523e-003	-7.022287e-002	-6.977771e-002
5.155307142857240e-003	-7.020736e-002	-6.979322e-002
5.156092857142956e-003	-7.019314e-002	-6.980744e-002
5.156878571428672e-003	-7.018021e-002	-6.982037e-002
5.157664285714389e-003	-7.016858e-002	-6.983200e-002
5.158450000000105e-003	-7.015824e-002	-6.984234e-002
5.159235714285821e-003	-7.014872e-002	-6.985186e-002
5.160021428571538e-003	-7.013987e-002	-6.986072e-002
5.160807142857255e-003	-7.013168e-002	-6.986890e-002
5.161592857142971e-003	-7.012417e-002	-6.987641e-002
5.162378571428687e-003	-7.011733e-002	-6.988325e-002
5.163164285714404e-003	-7.011117e-002	-6.988941e-002
5.163950000000120e-003	-7.010567e-002	-6.989491e-002
5.164735714285836e-003	-7.010067e-002	-6.989991e-002
5.165521428571553e-003	-7.009602e-002	-6.990456e-002
5.166307142857270e-003	-7.009172e-002	-6.990886e-002
5.167092857142986e-003	-7.008777e-002	-6.991282e-002
5.167878571428702e-003	-7.008417e-002	-6.991642e-002
5.168664285714419e-003	-7.008092e-002	-6.991967e-002
5.169450000000135e-003	-7.007802e-002	-6.992257e-002
5.170235714285851e-003	-7.007535e-002	-6.992523e-002
5.171021428571569e-003	-7.007289e-002	-6.992769e-002
5.171807142857285e-003	-7.007061e-002	-6.992997e-002
5.172592857143001e-003	-7.006854e-002	-6.993204e-002
5.173378571428717e-003	-7.006665e-002	-6.993393e-002
5.174164285714434e-003	-7.006497e-002	-6.993562e-002
5.174950000000150e-003	-7.006347e-002	-6.993711e-002
5.175750000000153e-003	-7.006206e-002	-6.993853e-002
5.176550000000155e-003	-7.006074e-002	-6.993984e-002
5.177350000000157e-003	-7.005952e-002	-6.994107e-002
5.178150000000159e-003	-7.005839e-002	-6.994219e-002
5.178950000000161e-003	-7.005737e-002	-6.994322e-002
5.179750000000163e-003	-7.005644e-002	-6.994415e-002
5.180550000000166e-003	-7.005560e-002	-6.994498e-002
5.181364285714454e-003	-7.005485e-002	-6.994573e-002
5.182178571428741e-003	-7.005415e-002	-6.994643e-002
5.182992857143029e-003	-7.005352e-002	-6.994707e-002
5.183807142857318e-003	-7.005294e-002	-6.994764e-002
5.184621428571606e-003	-7.005242e-002	-6.994816e-002
5.185435714285893e-003	-7.005195e-002	-6.994863e-002
5.186250000000181e-003	-7.005155e-002	-6.994903e-002
5.187092857143041e-003	-7.005113e-002	-6.994945e-002
5.187935714285900e-003	-7.005074e-002	-6.994984e-002
5.188778571428759e-003	-7.005040e-002	-6.995018e-002
5.189621428571619e-003	-7.005009e-002	-6.995049e-002
5.190464285714479e-003	-7.004982e-002	-6.995076e-002
5.191307142857338e-003	-7.004959e-002	-6.995099e-002
5.192150000000197e-003	-7.004941e-002	-6.995118e-002
5.193035714285914e-003	-7.004918e-002	-6.995141e-002
5.193921428571631e-003	-7.004897e-002	-6.995161e-002
5.194807142857348e-003	-7.004878e-002	-6.995180e-002
5.195692857143064e-003	-7.004861e-002	-6.995197e-002
5.196578571428781e-003	-7.004846e-002	-6.995213e-002
5.197464285714498e-003	-7.004832e-002	-6.995226e-002
5.198350000000214e-003	-7.004821e-002	-6.995237e-002
5.199335714285931e-003	-7.004810e-002	-6.995248e-002
5.200321428571649e-003	-7.004799e-002	-6.995259e-002
5.201307142857365e-003	-7.004790e-002	-6.995268e-002
5.202292857143082e-003	-7.004781e-002	-6.995277e-002
5.203278571428799e-003	-7.004774e-002	-6.995284e-002
5.204264285714516e-003	-7.004767e-002	-6.995291e-002
5.205250000000233e-003	-7.004762e-002	-6.995296e-002
5.206435714285950e-003	-7.004763e-002	-6.995305e-002
5.207621428571669e-003	-7.004763e-002	-6.995312e-002
5.208807142857386e-003	-7.004762e-002	-6.995318e-002
5.209992857143103e-003	-7.004761e-002	-6.995323e-002
5.211178571428820e-003	-7.004758e-002	-6.995327e-002
5.212364285714539e-003	-7.004754e-002	-6.995330e-002
5.213550000000256e-003	-7.004750e-002	-6.995332e-002
5.214264285714544e-003	-7.004745e-002	-6.995337e-002
5.214978571428831e-003	-7.004742e-002	-6.995341e-002
5.215692857143119e-003	-7.004739e-002	-6.995343e-002
5.216407142857407e-003	-7.004737e-002	-6.995345e-002
5.217121428571695e-003	-7.004736e-002	-6.995346e-002
5.217835714285982e-003	-7.004737e-002	-6.995345e-002
5.218550000000270e-003	-7.004738e-002	-6.995344e-002
5.218650000000270e-003	-7.004738e-002	-6.995344e-002
5.220650000000275e-003	-7.004733e-002	-6.995349e-002
5.222650000000281e-003	-7.004730e-002	-6.995352e-002
5.224650000000286e-003	-7.004727e-002	-6.995355e-002
5.226650000000292e-003	-7.004725e-002	-6.995357e-002
5.228650000000297e-003	-7.004724e-002	-6.995358e-002
5.230650000000303e-003	-7.004725e-002	-6.995357e-002
5.232650000000308e-003	-7.004726e-002	-6.995356e-002
5.236821428571748e-003	-7.004726e-002	-6.995356e-002
5.240992857143188e-003	-7.004726e-002	-6.995356e-002
5.245164285714628e-003	-7.004726e-002	-6.995356e-002
5.249335714286068e-003	-7.004726e-002	-6.995356e-002
5.253507142857508e-003	-7.004726e-002	-6.995356e-002
5.257678571428948e-003	-7.004726e-002	-6.995356e-002
5.261850000000388e-003	-7.004726e-002	-6.995356e-002
5.321050000000550e-003	-7.004738e-002	-6.995368e-002
5.423450000000830e-003	-7.004750e-002	-6.995380e-002
5.525850000001110e-003	-7.004762e-002	-6.995392e-002
5.628250000001390e-003	-7.004774e-002	-6.995404e-002
5.730650000001670e-003	-7.004786e-002	-6.995416e-002
5.833050000001950e-003	-7.004797e-002	-6.995428e-002
5.935450000002230e-003	-7.004809e-002	-6.995440e-002
6.037850000002510e-003	-7.004821e-002	-6.995451e-002
6.140250000002790e-003	-7.004833e-002	-6.995463e-002
6.242650000003070e-003	-7.004845e-002	-6.995475e-002
6.345050000003350e-003	-7.004845e-002	-6.995475e-002
6.447450000003630e-003	-7.004857e-002	-6.995487e-002
6.549850000003910e-003	-7.004869e-002	-6.995499e-002
6.652250000004190e-003	-7.004881e-002	-6.995511e-002
6.754650000004470e-003	-7.004881e-002	-6.995511e-002
6.857050000004751e-003	-7.004893e-002	-6.995523e-002
6.959450000005031e-003	-7.004893e-002	-6.995523e-002
7.061850000005311e-003	-7.004905e-002	-6.995535e-002
7.164250000005591e-003	-7.004917e-002	-6.995547e-002
7.266650000005871e-003	-7.004917e-002	-6.995547e-002
7.369050000006151e-003	-7.004929e-002	-6.995559e-002
7.471450000006431e-003	-7.004929e-002	-6.995559e-002
7.573850000006711e-003	-7.004941e-002	-6.995571e-002
7.676250000006991e-003	-7.004941e-002	-6.995571e-002
7.778650000007271e-003	-7.004941e-002	-6.995571e-002
7.881050000006957e-003	-7.004952e-002	-6.995583e-002
7.983450000006349e-003	-7.004952e-002	-6.995583e-002
8.085850000005741e-003	-7.004964e-002	-6.995595e-002
8.188250000005132e-003	-7.004964e-002	-6.995595e-002
8.290650000004524e-003	-7.004964e-002	-6.995595e-002
8.393050000003916e-003	-7.004976e-002	-6.995606e-002
8.495450000003308e-003	-7.004976e-002	-6.995606e-002
8.597850000002700e-003	-7.004976e-002	-6.995606e-002
8.700250000002092e-003	-7.004988e-002	-6.995618e-002
8.802650000001484e-003	-7.004988e-002	-6.995618e-002
8.905050000000876e-003	-7.004988e-002	-6.995618e-002
9.007450000000267e-003	-7.004988e-002	-6.995618e-002
9.109849999999659e-003	-7.005000e-002	-6.995630e-002
9.212249999999051e-003	-7.005000e-002	-6.995630e-002
9.314649999998443e-003	-7.005000e-002	-6.995630e-002
9.417049999997835e-003	-7.005000e-002	-6.995630e-002
9.519449999997227e-003	-7.005012e-002	-6.995642e-002
9.621849999996619e-003	-7.005012e-002	-6.995642e-002
9.724249999996010e-003	-7.005012e-002	-6.995642e-002
9.826649999995402e-003	-7.005012e-002	-6.995642e-002
9.929049999994794e-003	-7.005012e-002	-6.995642e-002
1.003144999999419e-002	-7.005024e-002	-6.995654e-002
1.013384999999358e-002	-7.005024e-002	-6.995654e-002
1.023624999999297e-002	-7.005024e-002	-6.995654e-002
1.033864999999236e-002	-7.005024e-002	-6.995654e-002
1.044104999999175e-002	-7.005024e-002	-6.995654e-002
1.054344999999115e-002	-7.005024e-002	-6.995654e-002
1.064584999999054e-002	-7.005024e-002	-6.995654e-002
1.074824999998993e-002	-7.005036e-002	-6.995666e-002
1.085064999998932e-002	-7.005036e-002	-6.995666e-002
1.095304999998871e-002	-7.005036e-002	-6.995666e-002
1.105544999998811e-002	-7.005036e-002	-6.995666e-002
1.115784999998750e-002	-7.005036e-002	-6.995666e-002
1.126024999998689e-002	-7.005036e-002	-6.995666e-002
1.136264999998628e-002	-7.005036e-002	-6.995666e-002
1.146504999998567e-002	-7.005036e-002	-6.995666e-002
1.156744999998506e-002	-7.005036e-002	-6.995666e-002
1.166984999998446e-002	-7.005036e-002	-6.995666e-002
1.177224999998385e-002	-7.005036e-002	-6.995666e-002
1.187464999998324e-002	-7.005048e-002	-6.995678e-002
1.197704999998263e-002	-7.005048e-002	-6.995678e-002
1.207944999998202e-002	-7.005048e-002	-6.995678e-002
1.218184999998142e-002	-7.005048e-002	-6.995678e-002
1.228424999998081e-002	-7.005048e-002	-6.995678e-002
1.238664999998020e-002	-7.005048e-002	-6.995678e-002
1.248904999997959e-002	-7.005048e-002	-6.995678e-002
1.259144999997898e-002	-7.005048e-002	-6.995678e-002
1.269384999997838e-002	-7.005048e-002	-6.995678e-002
1.279624999997777e-002	-7.005048e-002	-6.995678e-002
1.289864999997716e-002	-7.005048e-002	-6.995678e-002
1.300104999997655e-002	-7.005048e-002	-6.995678e-002
1.310344999997594e-002	-7.005048e-002	-6.995678e-002
1.320584999997533e-002	-7.005048e-002	-6.995678e-002
1.330824999997473e-002	-7.005048e-002	-6.995678e-002
1.341064999997412e-002	-7.005048e-002	-6.995678e-002
1.351304999997351e-002	-7.005060e-002	-6.995690e-002
1.361544999997290e-002	-7.005060e-002	-6.995690e-002
1.371784999997229e-002	-7.005060e-002	-6.995690e-002
1.382024999997169e-002	-7.005060e-002	-6.995690e-002
1.392264999997108e-002	-7.005060e-002	-6.995690e-002
1.402504999997047e-002	-7.005060e-002	-6.995690e-002
1.412744999996986e-002	-7.005060e-002	-6.995690e-002
1.422984999996925e-002	-7.005060e-002	-6.995690e-002
1.433224999996864e-002	-7.005060e-002	-6.995690e-002
1.443464999996804e-002	-7.005060e-002	-6.995690e-002
1.453704999996743e-002	-7.005060e-002	-6.995690e-002
1.463944999996682e-002	-7.005060e-002	-6.995690e-002
1.474184999996621e-002	-7.005060e-002	-6.995690e-002
1.484424999996560e-002	-7.005060e-002	-6.995690e-002
1.494664999996500e-002	-7.005060e-002	-6.995690e-002
1.504904999996439e-002	-7.005060e-002	-6.995690e-002
1.515144999996378e-002	-7.005060e-002	-6.995690e-002
1.525384999996317e-002	-7.005060e-002	-6.995690e-002
1.535624999996256e-002	-7.005060e-002	-6.995690e-002
1.545864999996196e-002	-7.005060e-002	-6.995690e-002
1.556104999996135e-002	-7.005060e-002	-6.995690e-002
1.566344999996074e-002	-7.005060e-002	-6.995690e-002
1.576584999996013e-002	-7.005060e-002	-6.995690e-002
1.586824999995952e-002	-7.005060e-002	-6.995690e-002
1.597064999995891e-002	-7.005060e-002	-6.995690e-002
1.607304999995831e-002	-7.005060e-002	-6.995690e-002
1.617544999995770e-002	-7.005060e-002	-6.995690e-002
1.627784999995709e-002	-7.005060e-002	-6.995690e-002
1.638024999995648e-002	-7.005060e-002	-6.995690e-002
1.648264999995587e-002	-7.005060e-002	-6.995690e-002
1.658504999995527e-002	-7.005060e-002	-6.995690e-002
1.668744999995466e-002	-7.005060e-002	-6.995690e-002
1.678984999995405e-002	-7.005060e-002	-6.995690e-002
1.689224999995344e-002	-7.005060e-002	-6.995690e-002
1.699464999995283e-002	-7.005060e-002	-6.995690e-002
1.709704999995223e-002	-7.005060e-002	-6.995690e-002
1.719944999995162e-002	-7.005060e-002	-6.995690e-002
1.730184999995101e-002	-7.005060e-002	-6.995690e-002
1.740424999995040e-002	-7.005060e-002	-6.995690e-002
1.750664999994979e-002	-7.005060e-002	-6.995690e-002
1.760904999994918e-002	-7.005060e-002	-6.995690e-002
1.771144999994858e-002	-7.005060e-002	-6.995690e-002
1.781384999994797e-002	-7.005060e-002	-6.995690e-002
1.791624999994736e-002	-7.005060e-002	-6.995690e-002
1.801864999994675e-002	-7.005060e-002	-6.995690e-002
1.812104999994614e-002	-7.005060e-002	-6.995690e-002
1.822344999994554e-002	-7.005060e-002	-6.995690e-002
1.832584999994493e-002	-7.005060e-002	-6.995690e-002
1.842824999994432e-002	-7.005060e-002	-6.995690e-002
1.853064999994371e-002	-7.005060e-002	-6.995690e-002
1.863304999994310e-002	-7.005060e-002	-6.995690e-002
1.873544999994250e-002	-7.005060e-002	-6.995690e-002
1.883784999994189e-002	-7.005060e-002	-6.995690e-002
1.894024999994128e-002	-7.005060e-002	-6.995690e-002
1.904264999994067e-002	-7.005060e-002	-6.995690e-002
1.914504999994006e-002	-7.005060e-002	-6.995690e-002
1.924744999993945e-002	-7.005060e-002	-6.995690e-002
1.934984999993885e-002	-7.005060e-002	-6.995690e-002
1.945224999993824e-002	-7.005060e-002	-6.995690e-002
1.955464999993763e-002	-7.005060e-002	-6.995690e-002
1.965704999993702e-002	-7.005060e-002	-6.995690e-002
1.975944999993641e-002	-7.005060e-002	-6.995690e-002
1.986184999993581e-002	-7.005060e-002	-6.995690e-002
1.996424999993520e-002	-7.005060e-002	-6.995690e-002
2.006664999993459e-002	-7.005060e-002	-6.995690e-002
2.016904999993398e-002	-7.005060e-002	-6.995690e-002
2.027144999993337e-002	-7.005060e-002	-6.995690e-002
2.037384999993276e-002	-7.005060e-002	-6.995690e-002
2.047624999993216e-002	-7.005060e-002	-6.995690e-002
2.057864999993155e-002	-7.005060e-002	-6.995690e-002
2.068104999993094e-002	-7.005060e-002	-6.995690e-002
2.078344999993033e-002	-7.005060e-002	-6.995690e-002
2.088584999992972e-002	-7.005060e-002	-6.995690e-002
2.098824999992912e-002	-7.005060e-002	-6.995690e-002
2.109064999992851e-002	-7.005060e-002	-6.995690e-002
2.119304999992790e-002	-7.005060e-002	-6.995690e-002
2.129544999992729e-002	-7.005060e-002	-6.995690e-002
2.139784999992668e-002	-7.005060e-002	-6.995690e-002
2.150024999992608e-002	-7.005060e-002	-6.995690e-002
2.160264999992547e-002	-7.005060e-002	-6.995690e-002
2.170504999992486e-002	-7.005060e-002	-6.995690e-002
2.180744999992425e-002	-7.005060e-002	-6.995690e-002
2.190984999992364e-002	-7.005060e-002	-6.995690e-002
2.201224999992303e-002	-7.005060e-002	-6.995690e-002
2.211464999992243e-002	-7.005060e-002	-6.995690e-002
2.221704999992182e-002	-7.005060e-002	-6.995690e-002
2.231944999992121e-002	-7.005060e-002	-6.995690e-002
2.242184999992060e-002	-7.005060e-002	-6.995690e-002
2.252424999991999e-002	-7.005060e-002	-6.995690e-002
2.262664999991939e-002	-7.005060e-002	-6.995690e-002
2.272904999991878e-002	-7.005060e-002	-6.995690e-002
2.283144999991817e-002	-7.005060e-002	-6.995690e-002
2.293384999991756e-002	-7.005060e-002	-6.995690e-002
2.303624999991695e-002	-7.005060e-002	-6.995690e-002
2.313864999991635e-002	-7.005060e-002	-6.995690e-002
2.324104999991574e-002	-7.005060e-002	-6.995690e-002
2.334344999991513e-002	-7.005060e-002	-6.995690e-002
2.344584999991452e-002	-7.005060e-002	-6.995690e-002
2.354824999991391e-002	-7.005060e-002	-6.995690e-002
2.365064999991330e-002	-7.005060e-002	-6.995690e-002
2.375304999991270e-002	-7.005060e-002	-6.995690e-002
2.385544999991209e-002	-7.005060e-002	-6.995690e-002
2.395784999991148e-002	-7.005060e-002	-6.995690e-002
2.406024999991087e-002	-7.005060e-002	-6.995690e-002
2.416264999991026e-002	-7.005060e-002	-6.995690e-002
2.426504999990966e-002	-7.005060e-002	-6.995690e-002
2.436744999990905e-002	-7.005060e-002	-6.995690e-002
2.446984999990844e-002	-7.005060e-002	-6.995690e-002
2.457224999990783e-002	-7.005060e-002	-6.995690e-002
2.467464999990722e-002	-7.005060e-002	-6.995690e-002
2.477704999990662e-002	-7.005060e-002	-6.995690e-002
2.487944999990601e-002	-7.005060e-002	-6.995690e-002
2.498184999990540e-002	-7.005060e-002	-6.995690e-002
2.500000000000000e-002	-7.005060e-002	-6.995690e-002
2.500001000000000e-002	-7.003939e-002	-6.996822e-002
2.500003000000000e-002	-7.001674e-002	-6.999099e-002
2.500007000000000e-002	-6.997156e-002	-7.003593e-002
2.500020000000000e-002	-6.982601e-002	-7.018161e-002
2.500056428571429e-002	-6.943175e-002	-7.057581e-002
2.500092857142857e-002	-6.905227e-002	-7.095525e-002
2.500129285714285e-002	-6.868758e-002	-7.131992e-002
2.500165714285714e-002	-6.833766e-002	-7.166984e-002
2.500202142857142e-002	-6.800253e-002	-7.200499e-002
2.500238571428570e-002	-6.768218e-002	-7.232538e-002
2.500274999999999e-002	-6.737661e-002	-7.263100e-002
2.500344999999998e-002	-6.682937e-002	-7.317825e-002
2.500414999999998e-002	-6.631777e-002	-7.368985e-002
2.500484999999997e-002	-6.584181e-002	-7.416580e-002
2.500554999999997e-002	-6.540151e-002	-7.460611e-002
2.500624999999997e-002	-6.499684e-002	-7.501077e-002
2.500694999999996e-002	-6.462783e-002	-7.537979e-002
2.500764999999996e-002	-6.429446e-002	-7.571316e-002
2.500874999999995e-002	-6.382700e-002	-7.618056e-002
2.500984999999995e-002	-6.340231e-002	-7.660521e-002
2.501094999999994e-002	-6.302039e-002	-7.698711e-002
2.501204999999993e-002	-6.268124e-002	-7.732626e-002
2.501314999999993e-002	-6.238486e-002	-7.762266e-002
2.501424999999992e-002	-6.213125e-002	-7.787631e-002
2.501534999999991e-002	-6.192040e-002	-7.808721e-002
2.501712142857133e-002	-6.163488e-002	-7.837275e-002
2.501889285714275e-002	-6.138483e-002	-7.862280e-002
2.502066428571417e-002	-6.117026e-002	-7.883736e-002
2.502243571428559e-002	-6.099118e-002	-7.901643e-002
2.502420714285700e-002	-6.084757e-002	-7.916001e-002
2.502597857142842e-002	-6.073944e-002	-7.926810e-002
2.502774999999984e-002	-6.066680e-002	-7.934070e-002
2.503136428571410e-002	-6.055570e-002	-7.945182e-002
2.503497857142837e-002	-6.046375e-002	-7.954378e-002
2.503859285714263e-002	-6.039096e-002	-7.961659e-002
2.504220714285690e-002	-6.033731e-002	-7.967024e-002
2.504582142857116e-002	-6.030282e-002	-7.970474e-002
2.504943571428542e-002	-6.028748e-002	-7.972008e-002
2.505304999999969e-002	-6.029129e-002	-7.971627e-002
2.508364999999951e-002	-6.025958e-002	-7.974786e-002
2.518604999999890e-002	-6.021887e-002	-7.978827e-002
2.520025000000000e-002	-6.021333e-002	-7.979381e-002
2.524000000000000e-002	-6.019759e-002	-7.980919e-002
2.524001000000000e-002	-6.020892e-002	-7.979786e-002
2.524003000000000e-002	-6.023157e-002	-7.977521e-002
2.524080428571428e-002	-6.105602e-002	-7.895077e-002
2.524157857142856e-002	-6.182232e-002	-7.818446e-002
2.524235285714284e-002	-6.253048e-002	-7.747630e-002
2.524312714285713e-002	-6.318049e-002	-7.682629e-002
2.524390142857141e-002	-6.377236e-002	-7.623442e-002
2.524467571428569e-002	-6.430609e-002	-7.570069e-002
2.524544999999997e-002	-6.478167e-002	-7.522511e-002
2.524623571428568e-002	-6.522641e-002	-7.478037e-002
2.524702142857139e-002	-6.563941e-002	-7.436737e-002
2.524780714285710e-002	-6.602069e-002	-7.398609e-002
2.524859285714281e-002	-6.637022e-002	-7.363656e-002
2.524937857142852e-002	-6.668803e-002	-7.331875e-002
2.525016428571423e-002	-6.697410e-002	-7.303268e-002
2.525094999999994e-002	-6.722844e-002	-7.277834e-002
2.525173571428565e-002	-6.746290e-002	-7.254388e-002
2.525252142857136e-002	-6.768064e-002	-7.232614e-002
2.525330714285707e-002	-6.788165e-002	-7.212513e-002
2.525409285714277e-002	-6.806593e-002	-7.194085e-002
2.525487857142848e-002	-6.823348e-002	-7.177330e-002
2.525566428571419e-002	-6.838430e-002	-7.162248e-002
2.525644999999990e-002	-6.851840e-002	-7.148838e-002
2.525723571428561e-002	-6.864199e-002	-7.136479e-002
2.525802142857132e-002	-6.875676e-002	-7.125002e-002
2.525880714285703e-002	-6.886272e-002	-7.114407e-002
2.525959285714274e-002	-6.895985e-002	-7.104693e-002
2.526037857142845e-002	-6.904818e-002	-7.095860e-002
2.526116428571416e-002	-6.912768e-002	-7.087910e-002
2.526194999999987e-002	-6.919837e-002	-7.080841e-002
2.526273571428558e-002	-6.926356e-002	-7.074322e-002
2.526352142857129e-002	-6.932409e-002	-7.068269e-002
2.526430714285700e-002	-6.937996e-002	-7.062682e-002
2.526509285714271e-002	-6.943117e-002	-7.057561e-002
2.526587857142842e-002	-6.947772e-002	-7.052906e-002
2.526666428571413e-002	-6.951961e-002	-7.048717e-002
2.526744999999984e-002	-6.955683e-002	-7.044995e-002
2.526823571428555e-002	-6.959120e-002	-7.041558e-002
2.526902142857126e-002	-6.962311e-002	-7.038367e-002
2.526980714285697e-002	-6.965257e-002	-7.035421e-002
2.527059285714267e-002	-6.967958e-002	-7.032720e-002
2.527137857142838e-002	-6.970414e-002	-7.030264e-002
2.527216428571409e-002	-6.972625e-002	-7.028053e-002
2.527294999999981e-002	-6.974590e-002	-7.026088e-002
2.527373571428552e-002	-6.976395e-002	-7.024273e-002
2.527452142857123e-002	-6.978073e-002	-7.022589e-002
2.527530714285694e-002	-6.979621e-002	-7.021035e-002
2.527609285714264e-002	-6.981042e-002	-7.019611e-002
2.527687857142835e-002	-6.982334e-002	-7.018318e-002
2.527766428571406e-002	-6.983497e-002	-7.017155e-002
2.527844999999977e-002	-6.984532e-002	-7.016122e-002
2.527923571428548e-002	-6.985484e-002	-7.015170e-002
2.528002142857119e-002	-6.986370e-002	-7.014285e-002
2.528080714285690e-002	-6.987188e-002	-7.013466e-002
2.528159285714261e-002	-6.987939e-002	-7.012715e-002
2.528237857142832e-002	-6.988623e-002	-7.012032e-002
2.528316428571403e-002	-6.989239e-002	-7.011415e-002
2.528394999999974e-002	-6.989789e-002	-7.010865e-002
2.528449285714259e-002	-6.990143e-002	-7.010512e-002
2.528503571428545e-002	-6.990478e-002	-7.010177e-002
2.528557857142830e-002	-6.990794e-002	-7.009860e-002
2.528612142857116e-002	-6.991092e-002	-7.009562e-002
2.528666428571401e-002	-6.991372e-002	-7.009283e-002
2.528720714285686e-002	-6.991633e-002	-7.009022e-002
2.528774999999972e-002	-6.991875e-002	-7.008779e-002
2.528784999999972e-002	-6.991923e-002	-7.008731e-002
2.528863571428543e-002	-6.992240e-002	-7.008414e-002
2.528942142857114e-002	-6.992535e-002	-7.008119e-002
2.529020714285685e-002	-6.992808e-002	-7.007846e-002
2.529099285714255e-002	-6.993059e-002	-7.007596e-002
2.529177857142826e-002	-6.993286e-002	-7.007368e-002
2.529256428571397e-002	-6.993492e-002	-7.007162e-002
2.529334999999968e-002	-6.993675e-002	-7.006979e-002
2.529414999999968e-002	-6.993848e-002	-7.006807e-002
2.529494999999967e-002	-6.994008e-002	-7.006647e-002
2.529574999999967e-002	-6.994155e-002	-7.006499e-002
2.529654999999966e-002	-6.994289e-002	-7.006365e-002
2.529734999999966e-002	-6.994411e-002	-7.006243e-002
2.529814999999966e-002	-6.994520e-002	-7.006134e-002
2.529894999999965e-002	-6.994617e-002	-7.006037e-002
2.529974999999965e-002	-6.994707e-002	-7.005947e-002
2.530054999999964e-002	-6.994791e-002	-7.005864e-002
2.530134999999964e-002	-6.994867e-002	-7.005787e-002
2.530214999999963e-002	-6.994937e-002	-7.005717e-002
2.530294999999963e-002	-6.995000e-002	-7.005654e-002
2.530374999999962e-002	-6.995056e-002	-7.005598e-002
2.530454999999962e-002	-6.995106e-002	-7.005548e-002
2.530537857142818e-002	-6.995155e-002	-7.005499e-002
2.530620714285675e-002	-6.995200e-002	-7.005454e-002
2.530703571428532e-002	-6.995241e-002	-7.005413e-002
2.530786428571388e-002	-6.995279e-002	-7.005375e-002
2.530869285714245e-002	-6.995313e-002	-7.005342e-002
2.530952142857102e-002	-6.995342e-002	-7.005312e-002
2.531034999999958e-002	-6.995368e-002	-7.005286e-002
2.531122142857101e-002	-6.995394e-002	-7.005260e-002
2.531209285714243e-002	-6.995419e-002	-7.005236e-002
2.531296428571385e-002	-6.995441e-002	-7.005213e-002
2.531383571428528e-002	-6.995461e-002	-7.005193e-002
2.531470714285670e-002	-6.995480e-002	-7.005174e-002
2.531557857142812e-002	-6.995496e-002	-7.005158e-002
2.531644999999955e-002	-6.995511e-002	-7.005143e-002
2.531740714285669e-002	-6.995517e-002	-7.005128e-002
2.531836428571382e-002	-6.995523e-002	-7.005114e-002
2.531932142857096e-002	-6.995531e-002	-7.005102e-002
2.532027857142809e-002	-6.995539e-002	-7.005090e-002
2.532123571428523e-002	-6.995549e-002	-7.005079e-002
2.532219285714237e-002	-6.995559e-002	-7.005069e-002
2.532314999999951e-002	-6.995571e-002	-7.005060e-002
2.532426428571379e-002	-6.995579e-002	-7.005052e-002
2.532537857142806e-002	-6.995586e-002	-7.005045e-002
2.532649285714234e-002	-6.995592e-002	-7.005039e-002
2.532760714285662e-002	-6.995597e-002	-7.005033e-002
2.532872142857090e-002	-6.995601e-002	-7.005029e-002
2.532983571428518e-002	-6.995604e-002	-7.005026e-002
2.533094999999946e-002	-6.995606e-002	-7.005024e-002
2.533240714285660e-002	-6.995611e-002	-7.005019e-002
2.533386428571373e-002	-6.995615e-002	-7.005016e-002
2.533532142857086e-002	-6.995617e-002	-7.005013e-002
2.533677857142800e-002	-6.995619e-002	-7.005011e-002
2.533823571428513e-002	-6.995620e-002	-7.005011e-002
2.533969285714226e-002	-6.995620e-002	-7.005011e-002
2.534114999999940e-002	-6.995618e-002	-7.005012e-002
2.534339285714224e-002	-6.995623e-002	-7.005007e-002
2.534563571428509e-002	-6.995627e-002	-7.005004e-002
2.534787857142793e-002	-6.995629e-002	-7.005001e-002
2.535012142857078e-002	-6.995631e-002	-7.004999e-002
2.535236428571362e-002	-6.995632e-002	-7.004999e-002
2.535460714285646e-002	-6.995631e-002	-7.004999e-002
2.535684999999931e-002	-6.995630e-002	-7.005000e-002
2.536160714285642e-002	-6.995626e-002	-7.004995e-002
2.536636428571354e-002	-6.995622e-002	-7.004992e-002
2.537112142857065e-002	-6.995619e-002	-7.004989e-002
2.537587857142776e-002	-6.995618e-002	-7.004987e-002
2.538063571428488e-002	-6.995617e-002	-7.004987e-002
2.538539285714199e-002	-6.995617e-002	-7.004987e-002
2.539014999999911e-002	-6.995618e-002	-7.004988e-002
2.539024999999911e-002	-6.995618e-002	-7.004988e-002
2.549264999999850e-002	-6.995595e-002	-7.004964e-002
2.559504999999789e-002	-6.995559e-002	-7.004929e-002
2.569744999999728e-002	-6.995535e-002	-7.004905e-002
2.579984999999668e-002	-6.995511e-002	-7.004881e-002
2.590224999999607e-002	-6.995487e-002	-7.004857e-002
2.600464999999546e-002	-6.995475e-002	-7.004845e-002
2.610704999999485e-002	-6.995451e-002	-7.004821e-002
2.620944999999424e-002	-6.995428e-002	-7.004797e-002
2.631184999999364e-002	-6.995416e-002	-7.004786e-002
2.641424999999303e-002	-6.995392e-002	-7.004762e-002
2.651664999999242e-002	-6.995380e-002	-7.004750e-002
2.661904999999181e-002	-6.995356e-002	-7.004726e-002
2.672144999999120e-002	-6.995344e-002	-7.004714e-002
2.682384999999059e-002	-6.995320e-002	-7.004690e-002
2.692624999998999e-002	-6.995308e-002	-7.004678e-002
2.702864999998938e-002	-6.995296e-002	-7.004666e-002
2.713104999998877e-002	-6.995285e-002	-7.004654e-002
2.723344999998816e-002	-6.995273e-002	-7.004642e-002
2.733584999998755e-002	-6.995261e-002	-7.004631e-002
2.743824999998695e-002	-6.995249e-002	-7.004619e-002
2.754064999998634e-002	-6.995237e-002	-7.004607e-002
2.764304999998573e-002	-6.995225e-002	-7.004595e-002
2.774544999998512e-002	-6.995213e-002	-7.004583e-002
2.784784999998451e-002	-6.995201e-002	-7.004571e-002
2.795024999998391e-002	-6.995189e-002	-7.004559e-002
2.805264999998330e-002	-6.995177e-002	-7.004547e-002
2.815504999998269e-002	-6.995177e-002	-7.004547e-002
2.825744999998208e-002	-6.995165e-002	-7.004535e-002
2.835984999998147e-002	-6.995153e-002	-7.004523e-002
2.846224999998086e-002	-6.995153e-002	-7.004523e-002
2.856464999998026e-002	-6.995142e-002	-7.004511e-002
2.866704999997965e-002	-6.995130e-002	-7.004499e-002
2.876944999997904e-002	-6.995130e-002	-7.004499e-002
2.887184999997843e-002	-6.995118e-002	-7.004488e-002
2.897424999997782e-002	-6.995118e-002	-7.004488e-002
2.907664999997722e-002	-6.995106e-002	-7.004476e-002
2.917904999997661e-002	-6.995106e-002	-7.004476e-002
2.928144999997600e-002	-6.995094e-002	-7.004464e-002
2.938384999997539e-002	-6.995094e-002	-7.004464e-002
2.948624999997478e-002	-6.995082e-002	-7.004452e-002
2.958864999997417e-002	-6.995082e-002	-7.004452e-002
2.969104999997357e-002	-6.995082e-002	-7.004452e-002
2.979344999997296e-002	-6.995070e-002	-7.004440e-002
2.989584999997235e-002	-6.995070e-002	-7.004440e-002
2.999824999997174e-002	-6.995070e-002	-7.004440e-002
3.010064999997113e-002	-6.995058e-002	-7.004428e-002
3.020304999997053e-002	-6.995058e-002	-7.004428e-002
3.030544999996992e-002	-6.995058e-002	-7.004428e-002
3.040784999996931e-002	-6.995046e-002	-7.004416e-002
3.051024999996870e-002	-6.995046e-002	-7.004416e-002
3.061264999996809e-002	-6.995046e-002	-7.004416e-002
3.071504999996749e-002	-6.995046e-002	-7.004416e-002
3.081744999996688e-002	-6.995034e-002	-7.004404e-002
3.091984999996627e-002	-6.995034e-002	-7.004404e-002
3.102224999996566e-002	-6.995034e-002	-7.004404e-002
3.112464999996505e-002	-6.995034e-002	-7.004404e-002
3.122704999996444e-002	-6.995022e-002	-7.004392e-002
3.132944999996659e-002	-6.995022e-002	-7.004392e-002
3.143184999996954e-002	-6.995022e-002	-7.004392e-002
3.153424999997248e-002	-6.995022e-002	-7.004392e-002
3.163664999997543e-002	-6.995022e-002	-7.004392e-002
3.173904999997837e-002	-6.995010e-002	-7.004380e-002
3.184144999998131e-002	-6.995010e-002	-7.004380e-002
3.194384999998426e-002	-6.995010e-002	-7.004380e-002
3.204624999998720e-002	-6.995010e-002	-7.004380e-002
3.214864999999015e-002	-6.995010e-002	-7.004380e-002
3.225104999999309e-002	-6.995010e-002	-7.004380e-002
3.235344999999604e-002	-6.995010e-002	-7.004380e-002
3.245584999999898e-002	-6.995010e-002	-7.004380e-002
3.255825000000193e-002	-6.994998e-002	-7.004368e-002
3.266065000000487e-002	-6.994998e-002	-7.004368e-002
3.276305000000782e-002	-6.994998e-002	-7.004368e-002
3.286545000001076e-002	-6.994998e-002	-7.004368e-002
3.296785000001370e-002	-6.994998e-002	-7.004368e-002
3.307025000001665e-002	-6.994998e-002	-7.004368e-002
3.317265000001959e-002	-6.994998e-002	-7.004368e-002
3.327505000002254e-002	-6.994998e-002	-7.004368e-002
3.337745000002548e-002	-6.994987e-002	-7.004356e-002
3.347985000002843e-002	-6.994987e-002	-7.004356e-002
3.358225000003137e-002	-6.994987e-002	-7.004356e-002
3.368465000003432e-002	-6.994987e-002	-7.004356e-002
3.378705000003726e-002	-6.994987e-002	-7.004356e-002
3.388945000004021e-002	-6.994987e-002	-7.004356e-002
3.399185000004315e-002	-6.994987e-002	-7.004356e-002
3.409425000004610e-002	-6.994987e-002	-7.004356e-002
3.419665000004904e-002	-6.994987e-002	-7.004356e-002
3.429905000005198e-002	-6.994987e-002	-7.004356e-002
3.440145000005493e-002	-6.994987e-002	-7.004356e-002
3.450385000005787e-002	-6.994987e-002	-7.004356e-002
3.460625000006082e-002	-6.994987e-002	-7.004356e-002
3.470865000006376e-002	-6.994987e-002	-7.004356e-002
3.481105000006671e-002	-6.994987e-002	-7.004356e-002
3.491345000006965e-002	-6.994987e-002	-7.004356e-002
3.501585000007260e-002	-6.994987e-002	-7.004356e-002
3.511825000007554e-002	-6.994987e-002	-7.004356e-002
3.522065000007849e-002	-6.994987e-002	-7.004356e-002
3.532305000008143e-002	-6.994987e-002	-7.004356e-002
3.542545000008437e-002	-6.994975e-002	-7.004344e-002
3.552785000008732e-002	-6.994975e-002	-7.004344e-002
3.563025000009026e-002	-6.994975e-002	-7.004344e-002
3.573265000009321e-002	-6.994975e-002	-7.004344e-002
3.583505000009615e-002	-6.994975e-002	-7.004344e-002
3.593745000009910e-002	-6.994975e-002	-7.004344e-002
3.603985000010204e-002	-6.994975e-002	-7.004344e-002
3.614225000010499e-002	-6.994975e-002	-7.004344e-002
3.624465000010793e-002	-6.994975e-002	-7.004344e-002
3.634705000011088e-002	-6.994975e-002	-7.004344e-002
3.644945000011382e-002	-6.994975e-002	-7.004344e-002
3.655185000011677e-002	-6.994975e-002	-7.004344e-002
3.665425000011971e-002	-6.994975e-002	-7.004344e-002
3.675665000012265e-002	-6.994975e-002	-7.004344e-002
3.685905000012560e-002	-6.994975e-002	-7.004344e-002
3.696145000012854e-002	-6.994975e-002	-7.004344e-002
3.706385000013149e-002	-6.994975e-002	-7.004344e-002
3.716625000013443e-002	-6.994975e-002	-7.004344e-002
3.726865000013738e-002	-6.994975e-002	-7.004344e-002
3.737105000014032e-002	-6.994975e-002	-7.004344e-002
3.747345000014327e-002	-6.994975e-002	-7.004344e-002
3.757585000014621e-002	-6.994975e-002	-7.004344e-002
3.767825000014916e-002	-6.994975e-002	-7.004344e-002
3.778065000015210e-002	-6.994975e-002	-7.004344e-002
3.788305000015504e-002	-6.994975e-002	-7.004344e-002
3.798545000015799e-002	-6.994975e-002	-7.004344e-002
3.808785000016093e-002	-6.994975e-002	-7.004344e-002
3.819025000016388e-002	-6.994975e-002	-7.004344e-002
3.829265000016682e-002	-6.994975e-002	-7.004344e-002
3.839505000016977e-002	-6.994975e-002	-7.004344e-002
3.849745000017271e-002	-6.994975e-002	-7.004344e-002
3.859985000017566e-002	-6.994975e-002	-7.004344e-002
3.870225000017860e-002	-6.994975e-002	-7.004344e-002
3.880465000018155e-002	-6.994975e-002	-7.004344e-002
3.890705000018449e-002	-6.994975e-002	-7.004344e-002
3.900945000018743e-002	-6.994975e-002	-7.004344e-002
3.911185000019038e-002	-6.994975e-002	-7.004344e-002
3.921425000019332e-002	-6.994975e-002	-7.004344e-002
3.931665000019627e-002	-6.994975e-002	-7.004344e-002
3.941905000019921e-002	-6.994975e-002	-7.004344e-002
3.952145000020216e-002	-6.994975e-002	-7.004344e-002
3.962385000020510e-002	-6.994975e-002	-7.004344e-002
3.972625000020805e-002	-6.994975e-002	-7.004344e-002
3.982865000021099e-002	-6.994975e-002	-7.004344e-002
3.993105000021394e-002	-6.994975e-002	-7.004344e-002
4.003345000021688e-002	-6.994975e-002	-7.004344e-002
4.013585000021983e-002	-6.994975e-002	-7.004344e-002
4.023825000022277e-002	-6.994975e-002	-7.004344e-002
4.034065000022571e-002	-6.994975e-002	-7.004344e-002
4.044305000022866e-002	-6.994975e-002	-7.004344e-002
4.054545000023160e-002	-6.994975e-002	-7.004344e-002
4.064785000023455e-002	-6.994975e-002	-7.004344e-002
4.075025000023749e-002	-6.994975e-002	-7.004344e-002
4.085265000024044e-002	-6.994975e-002	-7.004344e-002
4.095505000024338e-002	-6.994975e-002	-7.004344e-002
4.105745000024633e-002	-6.994975e-002	-7.004344e-002
4.115985000024927e-002	-6.994975e-002	-7.004344e-002
4.126225000025222e-002	-6.994975e-002	-7.004344e-002
4.136465000025516e-002	-6.994975e-002	-7.004344e-002
4.146705000025810e-002	-6.994975e-002	-7.004344e-002
4.156945000026105e-002	-6.994975e-002	-7.004344e-002
4.167185000026399e-002	-6.994975e-002	-7.004344e-002
4.177425000026694e-002	-6.994975e-002	-7.004344e-002
4.187665000026988e-002	-6.994975e-002	-7.004344e-002
4.197905000027283e-002	-6.994975e-002	-7.004344e-002
4.208145000027577e-002	-6.994975e-002	-7.004344e-002
4.218385000027872e-002	-6.994975e-002	-7.004344e-002
4.228625000028166e-002	-6.994975e-002	-7.004344e-002
4.238865000028461e-002	-6.994975e-002	-7.004344e-002
4.249105000028755e-002	-6.994975e-002	-7.004344e-002
4.259345000029050e-002	-6.994975e-002	-7.004344e-002
4.269585000029344e-002	-6.994975e-002	-7.004344e-002
4.279825000029638e-002	-6.994975e-002	-7.004344e-002
4.290065000029933e-002	-6.994975e-002	-7.004344e-002
4.300305000030227e-002	-6.994975e-002	-7.004344e-002
4.310545000030522e-002	-6.994975e-002	-7.004344e-002
4.320785000030816e-002	-6.994975e-002	-7.004344e-002
4.331025000031111e-002	-6.994975e-002	-7.004344e-002
4.341265000031405e-002	-6.994975e-002	-7.004344e-002
4.351505000031700e-002	-6.994975e-002	-7.004344e-002
4.361745000031994e-002	-6.994975e-002	-7.004344e-002
4.371985000032289e-002	-6.994975e-002	-7.004344e-002
4.382225000032583e-002	-6.994975e-002	-7.004344e-002
4.392465000032877e-002	-6.994975e-002	-7.004344e-002
4.402705000033172e-002	-6.994975e-002	-7.004344e-002
4.412945000033466e-002	-6.994975e-002	-7.004344e-002
4.423185000033761e-002	-6.994975e-002	-7.004344e-002
4.433425000034055e-002	-6.994975e-002	-7.004344e-002
4.443665000034350e-002	-6.994975e-002	-7.004344e-002
4.453905000034644e-002	-6.994975e-002	-7.004344e-002
4.464145000034939e-002	-6.994975e-002	-7.004344e-002
4.474385000035233e-002	-6.994975e-002	-7.004344e-002
4.484625000035528e-002	-6.994975e-002	-7.004344e-002
4.494865000035822e-002	-6.994975e-002	-7.004344e-002
4.500000000000000e-002	-6.994975e-002	-7.004344e-002
4.500001000000000e-002	-6.996107e-002	-7.003224e-002
4.500003000000000e-002	-6.998372e-002	-7.000947e-002
4.500010000000000e-002	-7.006276e-002	-6.993055e-002
4.500043142857144e-002	-7.042658e-002	-6.956671e-002
4.500076285714288e-002	-7.077788e-002	-6.921542e-002
4.500109428571431e-002	-7.111663e-002	-6.887667e-002
4.500142571428575e-002	-7.144286e-002	-6.855046e-002
4.500175714285719e-002	-7.175655e-002	-6.823680e-002
4.500208857142863e-002	-7.205771e-002	-6.793568e-002
4.500242000000006e-002	-7.234633e-002	-6.764710e-002
4.500309142857151e-002	-7.289316e-002	-6.710017e-002
4.500376285714296e-002	-7.340555e-002	-6.658770e-002
4.500443428571441e-002	-7.388349e-002	-6.610971e-002
4.500510571428586e-002	-7.432700e-002	-6.566618e-002
4.500577714285731e-002	-7.473607e-002	-6.525712e-002
4.500644857142875e-002	-7.511071e-002	-6.488253e-002
4.500712000000020e-002	-7.545090e-002	-6.454241e-002
4.500817714285738e-002	-7.593081e-002	-6.406255e-002
4.500923428571454e-002	-7.636805e-002	-6.362536e-002
4.501029142857172e-002	-7.676260e-002	-6.323082e-002
4.501134857142889e-002	-7.711448e-002	-6.287895e-002
4.501240571428607e-002	-7.742366e-002	-6.256974e-002
4.501346285714324e-002	-7.769017e-002	-6.230320e-002
4.501452000000041e-002	-7.791400e-002	-6.207931e-002
4.501620571428618e-002	-7.821616e-002	-6.177719e-002
4.501789142857194e-002	-7.848185e-002	-6.151154e-002
4.501957714285770e-002	-7.871107e-002	-6.128235e-002
4.502126285714346e-002	-7.890382e-002	-6.108962e-002
4.502294857142922e-002	-7.906009e-002	-6.093336e-002
4.502463428571499e-002	-7.917989e-002	-6.081356e-002
4.502632000000075e-002	-7.926321e-002	-6.073022e-002
4.502963428571513e-002	-7.938773e-002	-6.060565e-002
4.503294857142951e-002	-7.949142e-002	-6.050192e-002
4.503626285714389e-002	-7.957428e-002	-6.041904e-002
4.503957714285828e-002	-7.963632e-002	-6.035699e-002
4.504289142857266e-002	-7.967752e-002	-6.031578e-002
4.504620571428704e-002	-7.969789e-002	-6.029541e-002
4.504952000000142e-002	-7.969743e-002	-6.029588e-002
4.505042000000144e-002	-7.970089e-002	-6.029254e-002
4.510000000000000e-002	-7.974772e-002	-6.024568e-002
4.512000000000000e-002	-7.975564e-002	-6.023782e-002
4.512001000000000e-002	-7.974431e-002	-6.024915e-002
4.512003000000001e-002	-7.972168e-002	-6.027178e-002
4.512080428571431e-002	-7.889723e-002	-6.109624e-002
4.512157857142862e-002	-7.813092e-002	-6.186255e-002
4.512235285714293e-002	-7.742277e-002	-6.257071e-002
4.512312714285723e-002	-7.677275e-002	-6.322072e-002
4.512390142857154e-002	-7.618089e-002	-6.381259e-002
4.512467571428585e-002	-7.564717e-002	-6.434631e-002
4.512545000000016e-002	-7.517159e-002	-6.482188e-002
4.512623571428590e-002	-7.472684e-002	-6.526664e-002
4.512702142857163e-002	-7.431382e-002	-6.567967e-002
4.512780714285737e-002	-7.393254e-002	-6.606095e-002
4.512859285714310e-002	-7.358299e-002	-6.641050e-002
4.512937857142884e-002	-7.326519e-002	-6.672830e-002
4.513016428571458e-002	-7.297912e-002	-6.701437e-002
4.513095000000032e-002	-7.272479e-002	-6.726870e-002
4.513173571428605e-002	-7.249032e-002	-6.750317e-002
4.513252142857179e-002	-7.227259e-002	-6.772090e-002
4.513330714285753e-002	-7.207159e-002	-6.792191e-002
4.513409285714326e-002	-7.188732e-002	-6.810618e-002
4.513487857142900e-002	-7.171979e-002	-6.827372e-002
4.513566428571474e-002	-7.156898e-002	-6.842453e-002
4.513645000000047e-002	-7.143491e-002	-6.855861e-002
4.513723571428621e-002	-7.131130e-002	-6.868221e-002
4.513802142857195e-002	-7.119652e-002	-6.879700e-002
4.513880714285769e-002	-7.109056e-002	-6.890296e-002
4.513959285714342e-002	-7.099342e-002	-6.900010e-002
4.514037857142916e-002	-7.090510e-002	-6.908843e-002
4.514116428571489e-002	-7.082560e-002	-6.916793e-002
4.514195000000063e-002	-7.075492e-002	-6.923861e-002
4.514273571428637e-002	-7.068976e-002	-6.930377e-002
4.514352142857211e-002	-7.062925e-002	-6.936428e-002
4.514430714285785e-002	-7.057339e-002	-6.942014e-002
4.514509285714358e-002	-7.052218e-002	-6.947136e-002
4.514587857142931e-002	-7.047562e-002	-6.951792e-002
4.514666428571505e-002	-7.043371e-002	-6.955983e-002
4.514745000000079e-002	-7.039645e-002	-6.959710e-002
4.514812142857224e-002	-7.036678e-002	-6.962677e-002
4.514879285714368e-002	-7.033898e-002	-6.965457e-002
4.514946428571513e-002	-7.031305e-002	-6.968050e-002
4.515013571428658e-002	-7.028899e-002	-6.970456e-002
4.515080714285803e-002	-7.026681e-002	-6.972675e-002
4.515147857142948e-002	-7.024649e-002	-6.974707e-002
4.515215000000093e-002	-7.022804e-002	-6.976552e-002
4.515225000000093e-002	-7.022537e-002	-6.976820e-002
4.515303571428667e-002	-7.020572e-002	-6.978784e-002
4.515382142857240e-002	-7.018748e-002	-6.980608e-002
4.515460714285814e-002	-7.017064e-002	-6.982293e-002
4.515539285714387e-002	-7.015520e-002	-6.983837e-002
4.515617857142961e-002	-7.014116e-002	-6.985241e-002
4.515696428571535e-002	-7.012853e-002	-6.986505e-002
4.515775000000109e-002	-7.011729e-002	-6.987628e-002
4.515853571428682e-002	-7.010694e-002	-6.988664e-002
4.515932142857256e-002	-7.009732e-002	-6.989626e-002
4.516010714285830e-002	-7.008844e-002	-6.990514e-002
4.516089285714403e-002	-7.008030e-002	-6.991328e-002
4.516167857142977e-002	-7.007290e-002	-6.992068e-002
4.516246428571551e-002	-7.006624e-002	-6.992734e-002
4.516325000000124e-002	-7.006032e-002	-6.993327e-002
4.516403571428698e-002	-7.005486e-002	-6.993873e-002
4.516482142857272e-002	-7.004979e-002	-6.994380e-002
4.516560714285846e-002	-7.004511e-002	-6.994848e-002
4.516639285714419e-002	-7.004082e-002	-6.995277e-002
4.516717857142993e-002	-7.003692e-002	-6.995668e-002
4.516796428571566e-002	-7.003341e-002	-6.996019e-002
4.516875000000140e-002	-7.003029e-002	-6.996331e-002
4.516953571428714e-002	-7.002741e-002	-6.996619e-002
4.517032142857288e-002	-7.002474e-002	-6.996886e-002
4.517110714285862e-002	-7.002227e-002	-6.997133e-002
4.517189285714435e-002	-7.002001e-002	-6.997360e-002
4.517267857143009e-002	-7.001796e-002	-6.997565e-002
4.517346428571582e-002	-7.001611e-002	-6.997751e-002
4.517425000000156e-002	-7.001447e-002	-6.997916e-002
4.517505000000158e-002	-7.001292e-002	-6.998070e-002
4.517585000000161e-002	-7.001149e-002	-6.998213e-002
4.517665000000163e-002	-7.001017e-002	-6.998345e-002
4.517745000000165e-002	-7.000897e-002	-6.998466e-002
4.517825000000168e-002	-7.000787e-002	-6.998576e-002
4.517905000000170e-002	-7.000689e-002	-6.998674e-002
4.517985000000172e-002	-7.000602e-002	-6.998762e-002
4.518066428571603e-002	-7.000520e-002	-6.998844e-002
4.518147857143034e-002	-7.000444e-002	-6.998919e-002
4.518229285714465e-002	-7.000375e-002	-6.998989e-002
4.518310714285896e-002	-7.000311e-002	-6.999053e-002
4.518392142857327e-002	-7.000253e-002	-6.999111e-002
4.518473571428758e-002	-7.000202e-002	-6.999163e-002
4.518555000000189e-002	-7.000156e-002	-6.999209e-002
4.518637857143048e-002	-7.000114e-002	-6.999252e-002
4.518720714285908e-002	-7.000074e-002	-6.999291e-002
4.518803571428767e-002	-7.000038e-002	-6.999328e-002
4.518886428571627e-002	-7.000005e-002	-6.999361e-002
4.518969285714486e-002	-6.999975e-002	-6.999391e-002
4.519052142857346e-002	-6.999948e-002	-6.999418e-002
4.519135000000205e-002	-6.999925e-002	-6.999442e-002
4.519223571428779e-002	-6.999901e-002	-6.999465e-002
4.519312142857353e-002	-6.999880e-002	-6.999487e-002
4.519400714285927e-002	-6.999861e-002	-6.999506e-002
4.519489285714501e-002	-6.999843e-002	-6.999524e-002
4.519577857143075e-002	-6.999827e-002	-6.999540e-002
4.519666428571649e-002	-6.999813e-002	-6.999554e-002
4.519755000000223e-002	-6.999801e-002	-6.999567e-002
4.519852142857369e-002	-6.999789e-002	-6.999579e-002
4.519949285714514e-002	-6.999778e-002	-6.999591e-002
4.520046428571660e-002	-6.999768e-002	-6.999601e-002
4.520143571428806e-002	-6.999759e-002	-6.999610e-002
4.520240714285952e-002	-6.999751e-002	-6.999619e-002
4.520337857143097e-002	-6.999744e-002	-6.999626e-002
4.520435000000243e-002	-6.999738e-002	-6.999632e-002
4.520550714285961e-002	-6.999732e-002	-6.999638e-002
4.520666428571678e-002	-6.999726e-002	-6.999645e-002
4.520782142857396e-002	-6.999721e-002	-6.999650e-002
4.520897857143113e-002	-6.999717e-002	-6.999655e-002
4.521013571428831e-002	-6.999713e-002	-6.999659e-002
4.521129285714548e-002	-6.999710e-002	-6.999663e-002
4.521245000000266e-002	-6.999707e-002	-6.999666e-002
4.521400714285985e-002	-6.999704e-002	-6.999669e-002
4.521556428571703e-002	-6.999701e-002	-6.999672e-002
4.521712142857422e-002	-6.999699e-002	-6.999675e-002
4.521867857143141e-002	-6.999697e-002	-6.999677e-002
4.522023571428860e-002	-6.999696e-002	-6.999679e-002
4.522179285714578e-002	-6.999694e-002	-6.999681e-002
4.522335000000297e-002	-6.999694e-002	-6.999682e-002
4.522583571428876e-002	-6.999693e-002	-6.999683e-002
4.522832142857455e-002	-6.999692e-002	-6.999685e-002
4.523080714286033e-002	-6.999691e-002	-6.999686e-002
4.523329285714611e-002	-6.999691e-002	-6.999687e-002
4.523577857143190e-002	-6.999690e-002	-6.999688e-002
4.523826428571769e-002	-6.999690e-002	-6.999689e-002
4.524075000000347e-002	-6.999691e-002	-6.999689e-002
4.525465000000387e-002	-6.999692e-002	-6.999692e-002
4.535705000000682e-002	-6.999706e-002	-6.999706e-002
4.545945000000976e-002	-6.999718e-002	-6.999718e-002
4.556185000001271e-002	-6.999731e-002	-6.999731e-002
4.566425000001565e-002	-6.999743e-002	-6.999743e-002
4.576665000001860e-002	-6.999754e-002	-6.999754e-002
4.586905000002154e-002	-6.999765e-002	-6.999765e-002
4.597145000002448e-002	-6.999776e-002	-6.999776e-002
4.607385000002743e-002	-6.999786e-002	-6.999786e-002
4.617625000003037e-002	-6.999796e-002	-6.999796e-002
4.627865000003332e-002	-6.999805e-002	-6.999805e-002
4.638105000003626e-002	-6.999814e-002	-6.999814e-002
4.648345000003921e-002	-6.999823e-002	-6.999823e-002
4.658585000004215e-002	-6.999830e-002	-6.999830e-002
4.668825000004510e-002	-6.999838e-002	-6.999838e-002
4.679065000004804e-002	-6.999846e-002	-6.999846e-002
4.689305000005099e-002	-6.999853e-002	-6.999853e-002
4.699545000005393e-002	-6.999860e-002	-6.999860e-002
4.709785000005688e-002	-6.999866e-002	-6.999866e-002
4.720025000005982e-002	-6.999873e-002	-6.999873e-002
4.730265000006276e-002	-6.999879e-002	-6.999879e-002
4.740505000006571e-002	-6.999885e-002	-6.999885e-002
4.750745000006865e-002	-6.999891e-002	-6.999891e-002
4.760985000007160e-002	-6.999896e-002	-6.999896e-002
4.771225000007454e-002	-6.999900e-002	-6.999900e-002
4.781465000007749e-002	-6.999905e-002	-6.999905e-002
4.791705000008043e-002	-6.999909e-002	-6.999909e-002
4.801945000008338e-002	-6.999914e-002	-6.999914e-002
4.812185000008632e-002	-6.999918e-002	-6.999918e-002
4.822425000008927e-002	-6.999923e-002	-6.999923e-002
4.832665000009221e-002	-6.999927e-002	-6.999927e-002
4.842905000009515e-002	-6.999931e-002	-6.999931e-002
4.853145000009810e-002	-6.999934e-002	-6.999934e-002
4.863385000010104e-002	-6.999937e-002	-6.999937e-002
4.873625000010399e-002	-6.999940e-002	-6.999940e-002
4.883865000010693e-002	-6.999943e-002	-6.999943e-002
4.894105000010988e-002	-6.999946e-002	-6.999946e-002
4.904345000011282e-002	-6.999949e-002	-6.999949e-002
4.914585000011577e-002	-6.999952e-002	-6.999952e-002
4.924825000011871e-002	-6.999955e-002	-6.999955e-002
4.935065000012166e-002	-6.999958e-002	-6.999958e-002
4.945305000012460e-002	-6.999961e-002	-6.999961e-002
4.955545000012755e-002	-6.999964e-002	-6.999964e-002
4.965785000013049e-002	-6.999966e-002	-6.999966e-002
4.976025000013343e-002	-6.999968e-002	-6.999968e-002
4.986265000013638e-002	-6.999969e-002	-6.999969e-002
4.996505000013932e-002	-6.999971e-002	-6.999971e-002
4.999995000014033e-002	-6.999971e-002	-6.999971e-002
5.000000000000000e-002	-6.999971e-002	-6.999971e-002
