time	V(N008,N005)	V(N009,N004)
0.000000000000000e+000	-7.000000e-002	-7.000000e-002
1.006310719994779e-004	-7.000001e-002	-7.000001e-002
2.030310719994804e-004	-7.000002e-002	-7.000002e-002
3.054310719994828e-004	-7.000002e-002	-7.000002e-002
4.078310719994853e-004	-7.000003e-002	-7.000003e-002
5.102310719994759e-004	-7.000004e-002	-7.000004e-002
6.126310719994229e-004	-7.000005e-002	-7.000005e-002
7.150310719993699e-004	-7.000005e-002	-7.000005e-002
8.174310719993169e-004	-7.000006e-002	-7.000006e-002
9.198310719992638e-004	-7.000007e-002	-7.000007e-002
1.022231071999260e-003	-7.000007e-002	-7.000007e-002
1.124631071999318e-003	-7.000008e-002	-7.000008e-002
1.227031071999376e-003	-7.000009e-002	-7.000009e-002
1.329431071999434e-003	-7.000010e-002	-7.000010e-002
1.431831071999492e-003	-7.000010e-002	-7.000010e-002
1.534231071999550e-003	-7.000011e-002	-7.000011e-002
1.636631071999608e-003	-7.000012e-002	-7.000012e-002
1.739031071999666e-003	-7.000013e-002	-7.000013e-002
1.841431071999724e-003	-7.000013e-002	-7.000013e-002
1.943831071999782e-003	-7.000013e-002	-7.000013e-002
2.046231071999638e-003	-7.000013e-002	-7.000013e-002
2.148631071999474e-003	-7.000013e-002	-7.000013e-002
2.251031071999310e-003	-7.000013e-002	-7.000013e-002
2.353431071999146e-003	-7.000013e-002	-7.000013e-002
2.455831071998982e-003	-7.000013e-002	-7.000013e-002
2.558231071998818e-003	-7.000013e-002	-7.000013e-002
2.660631071998654e-003	-7.000013e-002	-7.000013e-002
2.763031071998490e-003	-7.000013e-002	-7.000013e-002
2.865431071998326e-003	-7.000013e-002	-7.000013e-002
2.967831071998162e-003	-7.000013e-002	-7.000013e-002
3.070231071997998e-003	-7.000013e-002	-7.000013e-002
3.172631071997834e-003	-7.000013e-002	-7.000013e-002
3.275031071997670e-003	-7.000013e-002	-7.000013e-002
3.377431071997506e-003	-7.000013e-002	-7.000013e-002
3.479831071997342e-003	-7.000013e-002	-7.000013e-002
3.582231071997178e-003	-7.000013e-002	-7.000013e-002
3.684631071997014e-003	-7.000013e-002	-7.000013e-002
3.787031071996850e-003	-7.000013e-002	-7.000013e-002
3.889431071996686e-003	-7.000013e-002	-7.000013e-002
3.991831071996892e-003	-7.000013e-002	-7.000013e-002
4.094231071997172e-003	-7.000013e-002	-7.000013e-002
4.196631071997452e-003	-7.000013e-002	-7.000013e-002
4.299031071997733e-003	-7.000013e-002	-7.000013e-002
4.401431071998013e-003	-7.000013e-002	-7.000013e-002
4.503831071998293e-003	-7.000013e-002	-7.000013e-002
4.606231071998573e-003	-7.000013e-002	-7.000013e-002
4.708631071998853e-003	-7.000013e-002	-7.000013e-002
4.811031071999133e-003	-7.000013e-002	-7.000013e-002
4.913431071999413e-003	-7.000013e-002	-7.000013e-002
5.000000000000000e-003	-7.000013e-002	-7.000013e-002
5.000000157877729e-003	-7.000029e-002	-6.999997e-002
5.000000473633188e-003	-7.000064e-002	-6.999962e-002
5.000014691685590e-003	-7.001676e-002	-6.998349e-002
5.000028909737991e-003	-7.003287e-002	-6.996738e-002
5.000043127790393e-003	-7.004895e-002	-6.995129e-002
5.000057345842795e-003	-7.006502e-002	-6.993523e-002
5.000071563895197e-003	-7.008106e-002	-6.991919e-002
5.000085781947598e-003	-7.009708e-002	-6.990318e-002
5.000100000000000e-003	-7.011308e-002	-6.988719e-002
5.000406059325215e-003	-7.044969e-002	-6.955057e-002
5.000712118650429e-003	-7.077552e-002	-6.922475e-002
5.001018177975643e-003	-7.109055e-002	-6.890972e-002
5.001324237300857e-003	-7.139478e-002	-6.860548e-002
5.001630296626071e-003	-7.168823e-002	-6.831203e-002
5.001936355951285e-003	-7.197088e-002	-6.802938e-002
5.002242415276499e-003	-7.224275e-002	-6.775752e-002
5.002542415276500e-003	-7.250084e-002	-6.749941e-002
5.002985272419359e-003	-7.286362e-002	-6.713664e-002
5.003428129562217e-003	-7.321024e-002	-6.679001e-002
5.003870986705075e-003	-7.354071e-002	-6.645955e-002
5.004313843847934e-003	-7.385502e-002	-6.614524e-002
5.004756700990792e-003	-7.415317e-002	-6.584709e-002
5.005199558133651e-003	-7.443517e-002	-6.556509e-002
5.005642415276509e-003	-7.470100e-002	-6.529925e-002
5.006370986705082e-003	-7.510676e-002	-6.489349e-002
5.007099558133656e-003	-7.548524e-002	-6.451502e-002
5.007828129562229e-003	-7.583644e-002	-6.416382e-002
5.008556700990803e-003	-7.616036e-002	-6.383989e-002
5.009285272419376e-003	-7.645700e-002	-6.354325e-002
5.010013843847950e-003	-7.672637e-002	-6.327388e-002
5.010742415276523e-003	-7.696846e-002	-6.303179e-002
5.011256700990810e-003	-7.712982e-002	-6.287044e-002
5.011770986705097e-003	-7.728301e-002	-6.271725e-002
5.012285272419384e-003	-7.742805e-002	-6.257222e-002
5.012799558133671e-003	-7.756493e-002	-6.243534e-002
5.013313843847959e-003	-7.769365e-002	-6.230661e-002
5.013828129562245e-003	-7.781422e-002	-6.218604e-002
5.014342415276533e-003	-7.792662e-002	-6.207363e-002
5.014442415276533e-003	-7.794794e-002	-6.205234e-002
5.016128129562252e-003	-7.825284e-002	-6.174743e-002
5.017813843847971e-003	-7.852093e-002	-6.147933e-002
5.019499558133690e-003	-7.875222e-002	-6.124804e-002
5.021185272419408e-003	-7.894669e-002	-6.105356e-002
5.022870986705127e-003	-7.910435e-002	-6.089589e-002
5.024556700990846e-003	-7.922521e-002	-6.077502e-002
5.026242415276565e-003	-7.930925e-002	-6.069097e-002
5.029542415276574e-003	-7.943462e-002	-6.056561e-002
5.032842415276583e-003	-7.953905e-002	-6.046120e-002
5.036142415276592e-003	-7.962253e-002	-6.037772e-002
5.039442415276601e-003	-7.968508e-002	-6.031518e-002
5.042742415276610e-003	-7.972669e-002	-6.027358e-002
5.046042415276619e-003	-7.974735e-002	-6.025292e-002
5.049342415276628e-003	-7.974708e-002	-6.025320e-002
5.100250000000001e-003	-7.979822e-002	-6.020224e-002
5.116550000000045e-003	-7.980466e-002	-6.019580e-002
5.140000000000000e-003	-7.981384e-002	-6.018674e-002
5.140010000000000e-003	-7.980251e-002	-6.019807e-002
5.140029999999999e-003	-7.977986e-002	-6.022072e-002
5.140804285714287e-003	-7.895541e-002	-6.104517e-002
5.141578571428575e-003	-7.818911e-002	-6.181147e-002
5.142352857142863e-003	-7.748095e-002	-6.251963e-002
5.143127142857151e-003	-7.683094e-002	-6.316964e-002
5.143901428571438e-003	-7.623907e-002	-6.376151e-002
5.144675714285727e-003	-7.570534e-002	-6.429524e-002
5.145450000000014e-003	-7.522976e-002	-6.477082e-002
5.146235714285730e-003	-7.478502e-002	-6.521556e-002
5.147021428571447e-003	-7.437202e-002	-6.562857e-002
5.147807142857164e-003	-7.399074e-002	-6.600984e-002
5.148592857142880e-003	-7.364121e-002	-6.635938e-002
5.149378571428596e-003	-7.332340e-002	-6.667718e-002
5.150164285714313e-003	-7.303733e-002	-6.696325e-002
5.150950000000029e-003	-7.278299e-002	-6.721759e-002
5.151735714285745e-003	-7.254852e-002	-6.745207e-002
5.152521428571462e-003	-7.233078e-002	-6.766981e-002
5.153307142857179e-003	-7.212978e-002	-6.787081e-002
5.154092857142895e-003	-7.194551e-002	-6.805507e-002
5.154878571428611e-003	-7.177799e-002	-6.822260e-002
5.155664285714328e-003	-7.162720e-002	-6.837338e-002
5.156450000000044e-003	-7.149315e-002	-6.850743e-002
5.157235714285760e-003	-7.136951e-002	-6.863107e-002
5.158021428571477e-003	-7.125471e-002	-6.874588e-002
5.158807142857194e-003	-7.114872e-002	-6.885186e-002
5.159592857142910e-003	-7.105157e-002	-6.894901e-002
5.160378571428626e-003	-7.096324e-002	-6.903734e-002
5.161164285714343e-003	-7.088374e-002	-6.911685e-002
5.161950000000059e-003	-7.081306e-002	-6.918752e-002
5.162735714285775e-003	-7.074793e-002	-6.925266e-002
5.163521428571492e-003	-7.068743e-002	-6.931315e-002
5.164307142857209e-003	-7.063158e-002	-6.936900e-002
5.165092857142925e-003	-7.058037e-002	-6.942021e-002
5.165878571428641e-003	-7.053381e-002	-6.946678e-002
5.166664285714358e-003	-7.049188e-002	-6.950870e-002
5.167450000000074e-003	-7.045460e-002	-6.954598e-002
5.168235714285790e-003	-7.042028e-002	-6.958030e-002
5.169021428571508e-003	-7.038840e-002	-6.961218e-002
5.169807142857224e-003	-7.035896e-002	-6.964162e-002
5.170592857142940e-003	-7.033197e-002	-6.966861e-002
5.171378571428656e-003	-7.030742e-002	-6.969316e-002
5.172164285714373e-003	-7.028532e-002	-6.971527e-002
5.172950000000089e-003	-7.026565e-002	-6.973493e-002
5.173735714285806e-003	-7.024756e-002	-6.975302e-002
5.174521428571523e-003	-7.023075e-002	-6.976983e-002
5.175307142857239e-003	-7.021523e-002	-6.978535e-002
5.176092857142955e-003	-7.020100e-002	-6.979959e-002
5.176878571428671e-003	-7.018804e-002	-6.981254e-002
5.177664285714388e-003	-7.017638e-002	-6.982421e-002
5.178450000000104e-003	-7.016599e-002	-6.983459e-002
5.179235714285821e-003	-7.015646e-002	-6.984413e-002
5.180021428571538e-003	-7.014760e-002	-6.985298e-002
5.180807142857254e-003	-7.013943e-002	-6.986116e-002
5.181592857142970e-003	-7.013193e-002	-6.986865e-002
5.182378571428686e-003	-7.012512e-002	-6.987546e-002
5.183164285714403e-003	-7.011899e-002	-6.988159e-002
5.183950000000119e-003	-7.011354e-002	-6.988704e-002
5.184735714285836e-003	-7.010848e-002	-6.989210e-002
5.185521428571553e-003	-7.010379e-002	-6.989679e-002
5.186307142857269e-003	-7.009947e-002	-6.990111e-002
5.187092857142985e-003	-7.009552e-002	-6.990506e-002
5.187878571428701e-003	-7.009194e-002	-6.990865e-002
5.188664285714418e-003	-7.008872e-002	-6.991186e-002
5.189450000000134e-003	-7.008588e-002	-6.991470e-002
5.190235714285851e-003	-7.008323e-002	-6.991735e-002
5.191021428571568e-003	-7.008077e-002	-6.991981e-002
5.191807142857284e-003	-7.007849e-002	-6.992209e-002
5.192592857143000e-003	-7.007640e-002	-6.992419e-002
5.193378571428716e-003	-7.007449e-002	-6.992610e-002
5.194164285714433e-003	-7.007276e-002	-6.992782e-002
5.194950000000149e-003	-7.007122e-002	-6.992936e-002
5.195750000000152e-003	-7.006978e-002	-6.993078e-002
5.196550000000154e-003	-7.006846e-002	-6.993210e-002
5.197350000000156e-003	-7.006725e-002	-6.993332e-002
5.198150000000158e-003	-7.006616e-002	-6.993444e-002
5.198950000000160e-003	-7.006519e-002	-6.993547e-002
5.199750000000163e-003	-7.006433e-002	-6.993640e-002
5.200550000000165e-003	-7.006359e-002	-6.993723e-002
5.201364285714453e-003	-7.006285e-002	-6.993797e-002
5.202178571428740e-003	-7.006216e-002	-6.993866e-002
5.202992857143029e-003	-7.006151e-002	-6.993931e-002
5.203807142857317e-003	-7.006091e-002	-6.993991e-002
5.204621428571605e-003	-7.006037e-002	-6.994045e-002
5.205435714285892e-003	-7.005987e-002	-6.994095e-002
5.206250000000180e-003	-7.005942e-002	-6.994140e-002
5.207092857143040e-003	-7.005905e-002	-6.994177e-002
5.207935714285899e-003	-7.005871e-002	-6.994211e-002
5.208778571428758e-003	-7.005838e-002	-6.994244e-002
5.209621428571619e-003	-7.005808e-002	-6.994274e-002
5.210464285714478e-003	-7.005779e-002	-6.994303e-002
5.211307142857337e-003	-7.005752e-002	-6.994330e-002
5.212150000000197e-003	-7.005727e-002	-6.994355e-002
5.213035714285913e-003	-7.005703e-002	-6.994379e-002
5.213921428571630e-003	-7.005682e-002	-6.994400e-002
5.214807142857347e-003	-7.005664e-002	-6.994418e-002
5.215692857143063e-003	-7.005648e-002	-6.994434e-002
5.216578571428780e-003	-7.005636e-002	-6.994446e-002
5.217464285714497e-003	-7.005627e-002	-6.994455e-002
5.218350000000213e-003	-7.005620e-002	-6.994462e-002
5.218650000000214e-003	-7.005608e-002	-6.994474e-002
5.219650000000217e-003	-7.005597e-002	-6.994485e-002
5.220650000000220e-003	-7.005586e-002	-6.994496e-002
5.221650000000223e-003	-7.005577e-002	-6.994505e-002
5.222650000000225e-003	-7.005568e-002	-6.994514e-002
5.223650000000228e-003	-7.005561e-002	-6.994521e-002
5.224650000000231e-003	-7.005554e-002	-6.994528e-002
5.225650000000233e-003	-7.005548e-002	-6.994534e-002
5.226850000000237e-003	-7.005545e-002	-6.994537e-002
5.228050000000240e-003	-7.005542e-002	-6.994540e-002
5.229250000000243e-003	-7.005538e-002	-6.994544e-002
5.230450000000247e-003	-7.005535e-002	-6.994547e-002
5.231650000000250e-003	-7.005531e-002	-6.994551e-002
5.232850000000253e-003	-7.005528e-002	-6.994554e-002
5.234050000000256e-003	-7.005525e-002	-6.994557e-002
5.235707142857404e-003	-7.005520e-002	-6.994562e-002
5.237364285714551e-003	-7.005516e-002	-6.994566e-002
5.239021428571699e-003	-7.005514e-002	-6.994568e-002
5.240678571428846e-003	-7.005512e-002	-6.994570e-002
5.242335714285993e-003	-7.005511e-002	-6.994571e-002
5.243992857143141e-003	-7.005511e-002	-6.994571e-002
5.245650000000288e-003	-7.005513e-002	-6.994569e-002
5.248450000000296e-003	-7.005513e-002	-6.994569e-002
5.251250000000303e-003	-7.005513e-002	-6.994569e-002
5.254050000000311e-003	-7.005513e-002	-6.994569e-002
5.256850000000319e-003	-7.005513e-002	-6.994569e-002
5.259650000000326e-003	-7.005513e-002	-6.994569e-002
5.262450000000334e-003	-7.005513e-002	-6.994569e-002
5.265250000000342e-003	-7.005513e-002	-6.994569e-002
5.273207142857506e-003	-7.005517e-002	-6.994574e-002
5.281164285714671e-003	-7.005521e-002	-6.994578e-002
5.289121428571836e-003	-7.005524e-002	-6.994580e-002
5.297078571429000e-003	-7.005525e-002	-6.994582e-002
5.305035714286165e-003	-7.005526e-002	-6.994583e-002
5.312992857143329e-003	-7.005526e-002	-6.994582e-002
5.320950000000494e-003	-7.005525e-002	-6.994581e-002
5.321050000000494e-003	-7.005525e-002	-6.994581e-002
5.423450000000774e-003	-7.005548e-002	-6.994605e-002
5.525850000001054e-003	-7.005560e-002	-6.994617e-002
5.628250000001334e-003	-7.005572e-002	-6.994629e-002
5.730650000001615e-003	-7.005584e-002	-6.994641e-002
5.833050000001895e-003	-7.005596e-002	-6.994653e-002
5.935450000002175e-003	-7.005608e-002	-6.994665e-002
6.037850000002455e-003	-7.005632e-002	-6.994689e-002
6.140250000002735e-003	-7.005644e-002	-6.994700e-002
6.242650000003015e-003	-7.005656e-002	-6.994712e-002
6.345050000003295e-003	-7.005656e-002	-6.994712e-002
6.447450000003575e-003	-7.005668e-002	-6.994724e-002
6.549850000003855e-003	-7.005680e-002	-6.994736e-002
6.652250000004135e-003	-7.005692e-002	-6.994748e-002
6.754650000004415e-003	-7.005703e-002	-6.994760e-002
6.857050000004695e-003	-7.005703e-002	-6.994760e-002
6.959450000004975e-003	-7.005715e-002	-6.994772e-002
7.061850000005255e-003	-7.005727e-002	-6.994784e-002
7.164250000005535e-003	-7.005739e-002	-6.994796e-002
7.266650000005815e-003	-7.005739e-002	-6.994796e-002
7.369050000006095e-003	-7.005751e-002	-6.994808e-002
7.471450000006375e-003	-7.005751e-002	-6.994808e-002
7.573850000006655e-003	-7.005763e-002	-6.994820e-002
7.676250000006935e-003	-7.005763e-002	-6.994820e-002
7.778650000007215e-003	-7.005775e-002	-6.994832e-002
7.881050000006901e-003	-7.005775e-002	-6.994832e-002
7.983450000006293e-003	-7.005787e-002	-6.994843e-002
8.085850000005685e-003	-7.005787e-002	-6.994843e-002
8.188250000005077e-003	-7.005799e-002	-6.994855e-002
8.290650000004469e-003	-7.005799e-002	-6.994855e-002
8.393050000003861e-003	-7.005811e-002	-6.994867e-002
8.495450000003253e-003	-7.005811e-002	-6.994867e-002
8.597850000002644e-003	-7.005811e-002	-6.994867e-002
8.700250000002036e-003	-7.005823e-002	-6.994879e-002
8.802650000001428e-003	-7.005823e-002	-6.994879e-002
8.905050000000820e-003	-7.005823e-002	-6.994879e-002
9.007450000000212e-003	-7.005835e-002	-6.994891e-002
9.109849999999604e-003	-7.005835e-002	-6.994891e-002
9.212249999998996e-003	-7.005835e-002	-6.994891e-002
9.314649999998387e-003	-7.005835e-002	-6.994891e-002
9.417049999997779e-003	-7.005847e-002	-6.994903e-002
9.519449999997171e-003	-7.005847e-002	-6.994903e-002
9.621849999996563e-003	-7.005847e-002	-6.994903e-002
9.724249999995955e-003	-7.005847e-002	-6.994903e-002
9.826649999995347e-003	-7.005858e-002	-6.994915e-002
9.929049999994739e-003	-7.005858e-002	-6.994915e-002
1.003144999999413e-002	-7.005858e-002	-6.994915e-002
1.013384999999352e-002	-7.005858e-002	-6.994915e-002
1.023624999999291e-002	-7.005858e-002	-6.994915e-002
1.033864999999231e-002	-7.005858e-002	-6.994915e-002
1.044104999999170e-002	-7.005870e-002	-6.994927e-002
1.054344999999109e-002	-7.005870e-002	-6.994927e-002
1.064584999999048e-002	-7.005870e-002	-6.994927e-002
1.074824999998987e-002	-7.005870e-002	-6.994927e-002
1.085064999998927e-002	-7.005870e-002	-6.994927e-002
1.095304999998866e-002	-7.005870e-002	-6.994927e-002
1.105544999998805e-002	-7.005882e-002	-6.994939e-002
1.115784999998744e-002	-7.005882e-002	-6.994939e-002
1.126024999998683e-002	-7.005882e-002	-6.994939e-002
1.136264999998623e-002	-7.005882e-002	-6.994939e-002
1.146504999998562e-002	-7.005882e-002	-6.994939e-002
1.156744999998501e-002	-7.005882e-002	-6.994939e-002
1.166984999998440e-002	-7.005882e-002	-6.994939e-002
1.177224999998379e-002	-7.005882e-002	-6.994939e-002
1.187464999998318e-002	-7.005882e-002	-6.994939e-002
1.197704999998258e-002	-7.005882e-002	-6.994939e-002
1.207944999998197e-002	-7.005894e-002	-6.994951e-002
1.218184999998136e-002	-7.005894e-002	-6.994951e-002
1.228424999998075e-002	-7.005894e-002	-6.994951e-002
1.238664999998014e-002	-7.005894e-002	-6.994951e-002
1.248904999997954e-002	-7.005894e-002	-6.994951e-002
1.259144999997893e-002	-7.005894e-002	-6.994951e-002
1.269384999997832e-002	-7.005894e-002	-6.994951e-002
1.279624999997771e-002	-7.005894e-002	-6.994951e-002
1.289864999997710e-002	-7.005894e-002	-6.994951e-002
1.300104999997650e-002	-7.005894e-002	-6.994951e-002
1.310344999997589e-002	-7.005894e-002	-6.994951e-002
1.320584999997528e-002	-7.005894e-002	-6.994951e-002
1.330824999997467e-002	-7.005894e-002	-6.994951e-002
1.341064999997406e-002	-7.005894e-002	-6.994951e-002
1.351304999997345e-002	-7.005894e-002	-6.994951e-002
1.361544999997285e-002	-7.005894e-002	-6.994951e-002
1.371784999997224e-002	-7.005906e-002	-6.994963e-002
1.382024999997163e-002	-7.005906e-002	-6.994963e-002
1.392264999997102e-002	-7.005906e-002	-6.994963e-002
1.402504999997041e-002	-7.005906e-002	-6.994963e-002
1.412744999996981e-002	-7.005906e-002	-6.994963e-002
1.422984999996920e-002	-7.005906e-002	-6.994963e-002
1.433224999996859e-002	-7.005906e-002	-6.994963e-002
1.443464999996798e-002	-7.005906e-002	-6.994963e-002
1.453704999996737e-002	-7.005906e-002	-6.994963e-002
1.463944999996676e-002	-7.005906e-002	-6.994963e-002
1.474184999996616e-002	-7.005906e-002	-6.994963e-002
1.484424999996555e-002	-7.005906e-002	-6.994963e-002
1.494664999996494e-002	-7.005906e-002	-6.994963e-002
1.504904999996433e-002	-7.005906e-002	-6.994963e-002
1.515144999996372e-002	-7.005906e-002	-6.994963e-002
1.525384999996312e-002	-7.005906e-002	-6.994963e-002
1.535624999996251e-002	-7.005906e-002	-6.994963e-002
1.545864999996190e-002	-7.005906e-002	-6.994963e-002
1.556104999996129e-002	-7.005906e-002	-6.994963e-002
1.566344999996068e-002	-7.005906e-002	-6.994963e-002
1.576584999996008e-002	-7.005906e-002	-6.994963e-002
1.586824999995947e-002	-7.005906e-002	-6.994963e-002
1.597064999995886e-002	-7.005906e-002	-6.994963e-002
1.607304999995825e-002	-7.005906e-002	-6.994963e-002
1.617544999995764e-002	-7.005906e-002	-6.994963e-002
1.627784999995703e-002	-7.005906e-002	-6.994963e-002
1.638024999995643e-002	-7.005906e-002	-6.994963e-002
1.648264999995582e-002	-7.005906e-002	-6.994963e-002
1.658504999995521e-002	-7.005906e-002	-6.994963e-002
1.668744999995460e-002	-7.005906e-002	-6.994963e-002
1.678984999995399e-002	-7.005906e-002	-6.994963e-002
1.689224999995339e-002	-7.005906e-002	-6.994963e-002
1.699464999995278e-002	-7.005906e-002	-6.994963e-002
1.709704999995217e-002	-7.005906e-002	-6.994963e-002
1.719944999995156e-002	-7.005906e-002	-6.994963e-002
1.730184999995095e-002	-7.005906e-002	-6.994963e-002
1.740424999995035e-002	-7.005906e-002	-6.994963e-002
1.750664999994974e-002	-7.005906e-002	-6.994963e-002
1.760904999994913e-002	-7.005906e-002	-6.994963e-002
1.771144999994852e-002	-7.005906e-002	-6.994963e-002
1.781384999994791e-002	-7.005906e-002	-6.994963e-002
1.791624999994730e-002	-7.005906e-002	-6.994963e-002
1.801864999994670e-002	-7.005906e-002	-6.994963e-002
1.812104999994609e-002	-7.005906e-002	-6.994963e-002
1.822344999994548e-002	-7.005906e-002	-6.994963e-002
1.832584999994487e-002	-7.005906e-002	-6.994963e-002
1.842824999994426e-002	-7.005906e-002	-6.994963e-002
1.853064999994366e-002	-7.005906e-002	-6.994963e-002
1.863304999994305e-002	-7.005906e-002	-6.994963e-002
1.873544999994244e-002	-7.005906e-002	-6.994963e-002
1.883784999994183e-002	-7.005906e-002	-6.994963e-002
1.894024999994122e-002	-7.005906e-002	-6.994963e-002
1.904264999994062e-002	-7.005906e-002	-6.994963e-002
1.914504999994001e-002	-7.005906e-002	-6.994963e-002
1.924744999993940e-002	-7.005906e-002	-6.994963e-002
1.934984999993879e-002	-7.005906e-002	-6.994963e-002
1.945224999993818e-002	-7.005906e-002	-6.994963e-002
1.955464999993757e-002	-7.005906e-002	-6.994963e-002
1.965704999993697e-002	-7.005906e-002	-6.994963e-002
1.975944999993636e-002	-7.005906e-002	-6.994963e-002
1.986184999993575e-002	-7.005906e-002	-6.994963e-002
1.996424999993514e-002	-7.005906e-002	-6.994963e-002
2.006664999993453e-002	-7.005906e-002	-6.994963e-002
2.016904999993393e-002	-7.005906e-002	-6.994963e-002
2.027144999993332e-002	-7.005906e-002	-6.994963e-002
2.037384999993271e-002	-7.005906e-002	-6.994963e-002
2.047624999993210e-002	-7.005906e-002	-6.994963e-002
2.057864999993149e-002	-7.005906e-002	-6.994963e-002
2.068104999993089e-002	-7.005906e-002	-6.994963e-002
2.078344999993028e-002	-7.005906e-002	-6.994963e-002
2.088584999992967e-002	-7.005906e-002	-6.994963e-002
2.098824999992906e-002	-7.005906e-002	-6.994963e-002
2.109064999992845e-002	-7.005906e-002	-6.994963e-002
2.119304999992784e-002	-7.005906e-002	-6.994963e-002
2.129544999992724e-002	-7.005906e-002	-6.994963e-002
2.139784999992663e-002	-7.005906e-002	-6.994963e-002
2.150024999992602e-002	-7.005906e-002	-6.994963e-002
2.160264999992541e-002	-7.005906e-002	-6.994963e-002
2.170504999992480e-002	-7.005906e-002	-6.994963e-002
2.180744999992420e-002	-7.005906e-002	-6.994963e-002
2.190984999992359e-002	-7.005906e-002	-6.994963e-002
2.201224999992298e-002	-7.005906e-002	-6.994963e-002
2.211464999992237e-002	-7.005906e-002	-6.994963e-002
2.221704999992176e-002	-7.005906e-002	-6.994963e-002
2.231944999992115e-002	-7.005906e-002	-6.994963e-002
2.242184999992055e-002	-7.005906e-002	-6.994963e-002
2.252424999991994e-002	-7.005906e-002	-6.994963e-002
2.262664999991933e-002	-7.005906e-002	-6.994963e-002
2.272904999991872e-002	-7.005906e-002	-6.994963e-002
2.283144999991811e-002	-7.005906e-002	-6.994963e-002
2.293384999991751e-002	-7.005906e-002	-6.994963e-002
2.303624999991690e-002	-7.005906e-002	-6.994963e-002
2.313864999991629e-002	-7.005906e-002	-6.994963e-002
2.324104999991568e-002	-7.005906e-002	-6.994963e-002
2.334344999991507e-002	-7.005906e-002	-6.994963e-002
2.344584999991447e-002	-7.005906e-002	-6.994963e-002
2.354824999991386e-002	-7.005906e-002	-6.994963e-002
2.365064999991325e-002	-7.005906e-002	-6.994963e-002
2.375304999991264e-002	-7.005906e-002	-6.994963e-002
2.385544999991203e-002	-7.005906e-002	-6.994963e-002
2.395784999991142e-002	-7.005906e-002	-6.994963e-002
2.406024999991082e-002	-7.005906e-002	-6.994963e-002
2.416264999991021e-002	-7.005906e-002	-6.994963e-002
2.426504999990960e-002	-7.005906e-002	-6.994963e-002
2.436744999990899e-002	-7.005906e-002	-6.994963e-002
2.446984999990838e-002	-7.005906e-002	-6.994963e-002
2.457224999990778e-002	-7.005906e-002	-6.994963e-002
2.467464999990717e-002	-7.005906e-002	-6.994963e-002
2.477704999990656e-002	-7.005906e-002	-6.994963e-002
2.487944999990595e-002	-7.005906e-002	-6.994963e-002
2.498184999990534e-002	-7.005906e-002	-6.994963e-002
2.500000000000000e-002	-7.005906e-002	-6.994963e-002
2.500001000000000e-002	-7.004762e-002	-6.996095e-002
2.500003000000000e-002	-7.002497e-002	-6.998360e-002
2.500007000000000e-002	-6.997991e-002	-7.002878e-002
2.500020000000000e-002	-6.983435e-002	-7.017422e-002
2.500055000000000e-002	-6.945516e-002	-7.055346e-002
2.500090000000000e-002	-6.908967e-002	-7.091898e-002
2.500125000000000e-002	-6.873790e-002	-7.127078e-002
2.500159999999999e-002	-6.839984e-002	-7.160885e-002
2.500194999999999e-002	-6.807549e-002	-7.193321e-002
2.500229999999999e-002	-6.776485e-002	-7.224385e-002
2.500264999999999e-002	-6.746793e-002	-7.254076e-002
2.500333571428570e-002	-6.692482e-002	-7.308380e-002
2.500402142857141e-002	-6.641652e-002	-7.359205e-002
2.500470714285712e-002	-6.594305e-002	-7.406552e-002
2.500539285714283e-002	-6.550439e-002	-7.450419e-002
2.500607857142854e-002	-6.510055e-002	-7.490807e-002
2.500676428571425e-002	-6.473153e-002	-7.527717e-002
2.500744999999996e-002	-6.439734e-002	-7.561147e-002
2.500853571428567e-002	-6.392436e-002	-7.608440e-002
2.500962142857138e-002	-6.349426e-002	-7.651446e-002
2.501070714285708e-002	-6.310704e-002	-7.690165e-002
2.501179285714279e-002	-6.276270e-002	-7.724598e-002
2.501287857142850e-002	-6.246123e-002	-7.754744e-002
2.501396428571421e-002	-6.220264e-002	-7.780604e-002
2.501504999999991e-002	-6.198692e-002	-7.802176e-002
2.501679285714276e-002	-6.169508e-002	-7.831362e-002
2.501853571428561e-002	-6.143916e-002	-7.856954e-002
2.502027857142845e-002	-6.121918e-002	-7.878952e-002
2.502202142857130e-002	-6.103512e-002	-7.897356e-002
2.502376428571415e-002	-6.088699e-002	-7.912167e-002
2.502550714285700e-002	-6.077478e-002	-7.923383e-002
2.502724999999984e-002	-6.069851e-002	-7.931006e-002
2.503074999999982e-002	-6.058298e-002	-7.942564e-002
2.503424999999980e-002	-6.048715e-002	-7.952151e-002
2.503774999999978e-002	-6.041102e-002	-7.959767e-002
2.504124999999976e-002	-6.035458e-002	-7.965410e-002
2.504474999999974e-002	-6.031784e-002	-7.969082e-002
2.504824999999972e-002	-6.030080e-002	-7.970783e-002
2.505174999999970e-002	-6.030345e-002	-7.970512e-002
2.508364999999951e-002	-6.026798e-002	-7.974064e-002
2.518604999999890e-002	-6.022727e-002	-7.978106e-002
2.520025000000000e-002	-6.022167e-002	-7.978654e-002
2.528000000000000e-002	-6.019032e-002	-7.981741e-002
2.528001000000000e-002	-6.020164e-002	-7.980609e-002
2.528003000000000e-002	-6.022429e-002	-7.978344e-002
2.528080428571428e-002	-6.104874e-002	-7.895899e-002
2.528157857142856e-002	-6.181505e-002	-7.819269e-002
2.528235285714284e-002	-6.252321e-002	-7.748453e-002
2.528312714285713e-002	-6.317322e-002	-7.683451e-002
2.528390142857141e-002	-6.376509e-002	-7.624264e-002
2.528467571428569e-002	-6.429881e-002	-7.570892e-002
2.528544999999997e-002	-6.477439e-002	-7.523334e-002
2.528577857142854e-002	-6.496794e-002	-7.503979e-002
2.528610714285711e-002	-6.515485e-002	-7.485288e-002
2.528643571428568e-002	-6.533513e-002	-7.467261e-002
2.528676428571425e-002	-6.550876e-002	-7.449897e-002
2.528709285714282e-002	-6.567576e-002	-7.433197e-002
2.528742142857139e-002	-6.583613e-002	-7.417161e-002
2.528774999999996e-002	-6.598985e-002	-7.401788e-002
2.528784999999996e-002	-6.603563e-002	-7.397211e-002
2.528863571428567e-002	-6.637201e-002	-7.363573e-002
2.528942142857138e-002	-6.668438e-002	-7.332336e-002
2.529020714285709e-002	-6.697274e-002	-7.303500e-002
2.529099285714279e-002	-6.723709e-002	-7.277064e-002
2.529177857142850e-002	-6.747744e-002	-7.253029e-002
2.529256428571421e-002	-6.769378e-002	-7.231395e-002
2.529334999999992e-002	-6.788611e-002	-7.212162e-002
2.529413571428563e-002	-6.806345e-002	-7.194428e-002
2.529492142857134e-002	-6.822813e-002	-7.177961e-002
2.529570714285705e-002	-6.838014e-002	-7.162759e-002
2.529649285714276e-002	-6.851950e-002	-7.148823e-002
2.529727857142847e-002	-6.864619e-002	-7.136154e-002
2.529806428571418e-002	-6.876023e-002	-7.124750e-002
2.529884999999989e-002	-6.886160e-002	-7.114613e-002
2.529963571428560e-002	-6.895505e-002	-7.105259e-002
2.530042142857131e-002	-6.904183e-002	-7.096574e-002
2.530120714285702e-002	-6.912195e-002	-7.088557e-002
2.530199285714273e-002	-6.919540e-002	-7.081208e-002
2.530277857142844e-002	-6.926218e-002	-7.074528e-002
2.530356428571415e-002	-6.932230e-002	-7.068517e-002
2.530434999999986e-002	-6.937575e-002	-7.063174e-002
2.530513571428557e-002	-6.942505e-002	-7.058245e-002
2.530592142857128e-002	-6.947082e-002	-7.053668e-002
2.530670714285699e-002	-6.951307e-002	-7.049443e-002
2.530749285714270e-002	-6.955179e-002	-7.045570e-002
2.530827857142841e-002	-6.958700e-002	-7.042050e-002
2.530906428571412e-002	-6.961868e-002	-7.038882e-002
2.530984999999983e-002	-6.964684e-002	-7.036066e-002
2.531063571428554e-002	-6.967277e-002	-7.033472e-002
2.531142142857125e-002	-6.969687e-002	-7.031063e-002
2.531220714285696e-002	-6.971913e-002	-7.028837e-002
2.531299285714266e-002	-6.973955e-002	-7.026795e-002
2.531377857142837e-002	-6.975813e-002	-7.024937e-002
2.531456428571408e-002	-6.977487e-002	-7.023263e-002
2.531534999999979e-002	-6.978977e-002	-7.021773e-002
2.531613571428550e-002	-6.980345e-002	-7.020405e-002
2.531692142857121e-002	-6.981616e-002	-7.019134e-002
2.531770714285692e-002	-6.982789e-002	-7.017960e-002
2.531849285714263e-002	-6.983866e-002	-7.016884e-002
2.531927857142834e-002	-6.984845e-002	-7.015905e-002
2.532006428571405e-002	-6.985726e-002	-7.015023e-002
2.532084999999976e-002	-6.986511e-002	-7.014239e-002
2.532163571428547e-002	-6.987233e-002	-7.013517e-002
2.532242142857118e-002	-6.987903e-002	-7.012847e-002
2.532320714285689e-002	-6.988521e-002	-7.012228e-002
2.532399285714260e-002	-6.989089e-002	-7.011661e-002
2.532477857142831e-002	-6.989604e-002	-7.011145e-002
2.532556428571402e-002	-6.990068e-002	-7.010682e-002
2.532634999999973e-002	-6.990480e-002	-7.010269e-002
2.532713571428544e-002	-6.990862e-002	-7.009888e-002
2.532792142857115e-002	-6.991216e-002	-7.009533e-002
2.532870714285686e-002	-6.991543e-002	-7.009206e-002
2.532949285714256e-002	-6.991843e-002	-7.008907e-002
2.533027857142827e-002	-6.992115e-002	-7.008634e-002
2.533106428571398e-002	-6.992361e-002	-7.008389e-002
2.533184999999969e-002	-6.992579e-002	-7.008171e-002
2.533263571428540e-002	-6.992776e-002	-7.007974e-002
2.533342142857111e-002	-6.992960e-002	-7.007790e-002
2.533420714285683e-002	-6.993130e-002	-7.007619e-002
2.533499285714253e-002	-6.993287e-002	-7.007463e-002
2.533577857142824e-002	-6.993430e-002	-7.007320e-002
2.533656428571395e-002	-6.993559e-002	-7.007190e-002
2.533734999999966e-002	-6.993675e-002	-7.007074e-002
2.533814999999966e-002	-6.993779e-002	-7.006961e-002
2.533894999999965e-002	-6.993876e-002	-7.006857e-002
2.533974999999965e-002	-6.993966e-002	-7.006761e-002
2.534054999999964e-002	-6.994050e-002	-7.006674e-002
2.534134999999964e-002	-6.994127e-002	-7.006596e-002
2.534214999999963e-002	-6.994196e-002	-7.006527e-002
2.534294999999963e-002	-6.994259e-002	-7.006466e-002
2.534376428571391e-002	-6.994315e-002	-7.006410e-002
2.534457857142819e-002	-6.994367e-002	-7.006358e-002
2.534539285714247e-002	-6.994416e-002	-7.006310e-002
2.534620714285675e-002	-6.994460e-002	-7.006266e-002
2.534702142857103e-002	-6.994500e-002	-7.006226e-002
2.534783571428531e-002	-6.994537e-002	-7.006189e-002
2.534864999999959e-002	-6.994569e-002	-7.006156e-002
2.534950714285673e-002	-6.994599e-002	-7.006127e-002
2.535036428571387e-002	-6.994627e-002	-7.006099e-002
2.535122142857101e-002	-6.994653e-002	-7.006073e-002
2.535207857142814e-002	-6.994676e-002	-7.006049e-002
2.535293571428528e-002	-6.994698e-002	-7.006028e-002
2.535379285714242e-002	-6.994718e-002	-7.006008e-002
2.535464999999956e-002	-6.994736e-002	-7.005990e-002
2.535557857142812e-002	-6.994751e-002	-7.005975e-002
2.535650714285669e-002	-6.994765e-002	-7.005961e-002
2.535743571428526e-002	-6.994778e-002	-7.005948e-002
2.535836428571382e-002	-6.994790e-002	-7.005936e-002
2.535929285714239e-002	-6.994801e-002	-7.005925e-002
2.536022142857096e-002	-6.994811e-002	-7.005915e-002
2.536114999999952e-002	-6.994820e-002	-7.005906e-002
2.536220714285666e-002	-6.994826e-002	-7.005899e-002
2.536326428571379e-002	-6.994833e-002	-7.005892e-002
2.536432142857093e-002	-6.994840e-002	-7.005886e-002
2.536537857142807e-002	-6.994847e-002	-7.005879e-002
2.536643571428520e-002	-6.994854e-002	-7.005872e-002
2.536749285714234e-002	-6.994861e-002	-7.005865e-002
2.536854999999948e-002	-6.994867e-002	-7.005858e-002
2.536987857142804e-002	-6.994873e-002	-7.005855e-002
2.537120714285661e-002	-6.994877e-002	-7.005852e-002
2.537253571428517e-002	-6.994879e-002	-7.005848e-002
2.537386428571373e-002	-6.994879e-002	-7.005845e-002
2.537519285714229e-002	-6.994877e-002	-7.005841e-002
2.537652142857086e-002	-6.994873e-002	-7.005838e-002
2.537784999999942e-002	-6.994867e-002	-7.005835e-002
2.537960714285656e-002	-6.994872e-002	-7.005830e-002
2.538136428571369e-002	-6.994876e-002	-7.005826e-002
2.538312142857082e-002	-6.994878e-002	-7.005824e-002
2.538487857142795e-002	-6.994880e-002	-7.005822e-002
2.538663571428508e-002	-6.994881e-002	-7.005821e-002
2.538839285714221e-002	-6.994880e-002	-7.005821e-002
2.539014999999935e-002	-6.994879e-002	-7.005823e-002
2.539024999999935e-002	-6.994879e-002	-7.005823e-002
2.539384999999933e-002	-6.994880e-002	-7.005824e-002
2.539744999999931e-002	-6.994881e-002	-7.005824e-002
2.540104999999928e-002	-6.994880e-002	-7.005823e-002
2.540464999999926e-002	-6.994878e-002	-7.005822e-002
2.540824999999924e-002	-6.994876e-002	-7.005819e-002
2.541184999999922e-002	-6.994872e-002	-7.005815e-002
2.541544999999920e-002	-6.994867e-002	-7.005811e-002
2.549264999999874e-002	-6.994843e-002	-7.005787e-002
2.559504999999813e-002	-6.994820e-002	-7.005763e-002
2.569744999999752e-002	-6.994784e-002	-7.005727e-002
2.579984999999692e-002	-6.994760e-002	-7.005703e-002
2.590224999999631e-002	-6.994736e-002	-7.005680e-002
2.600464999999570e-002	-6.994712e-002	-7.005656e-002
2.610704999999509e-002	-6.994689e-002	-7.005632e-002
2.620944999999448e-002	-6.994665e-002	-7.005608e-002
2.631184999999387e-002	-6.994641e-002	-7.005584e-002
2.641424999999327e-002	-6.994617e-002	-7.005560e-002
2.651664999999266e-002	-6.994593e-002	-7.005537e-002
2.661904999999205e-002	-6.994581e-002	-7.005525e-002
2.672144999999144e-002	-6.994557e-002	-7.005501e-002
2.682384999999083e-002	-6.994534e-002	-7.005477e-002
2.692624999999023e-002	-6.994522e-002	-7.005465e-002
2.702864999998962e-002	-6.994510e-002	-7.005453e-002
2.713104999998901e-002	-6.994486e-002	-7.005429e-002
2.723344999998840e-002	-6.994474e-002	-7.005417e-002
2.733584999998779e-002	-6.994462e-002	-7.005405e-002
2.743824999998719e-002	-6.994450e-002	-7.005394e-002
2.754064999998658e-002	-6.994426e-002	-7.005370e-002
2.764304999998597e-002	-6.994414e-002	-7.005358e-002
2.774544999998536e-002	-6.994402e-002	-7.005346e-002
2.784784999998475e-002	-6.994390e-002	-7.005334e-002
2.795024999998414e-002	-6.994379e-002	-7.005322e-002
2.805264999998354e-002	-6.994367e-002	-7.005310e-002
2.815504999998293e-002	-6.994367e-002	-7.005310e-002
2.825744999998232e-002	-6.994355e-002	-7.005298e-002
2.835984999998171e-002	-6.994343e-002	-7.005286e-002
2.846224999998110e-002	-6.994331e-002	-7.005274e-002
2.856464999998050e-002	-6.994319e-002	-7.005262e-002
2.866704999997989e-002	-6.994319e-002	-7.005262e-002
2.876944999997928e-002	-6.994307e-002	-7.005250e-002
2.887184999997867e-002	-6.994295e-002	-7.005239e-002
2.897424999997806e-002	-6.994295e-002	-7.005239e-002
2.907664999997746e-002	-6.994283e-002	-7.005227e-002
2.917904999997685e-002	-6.994283e-002	-7.005227e-002
2.928144999997624e-002	-6.994271e-002	-7.005215e-002
2.938384999997563e-002	-6.994271e-002	-7.005215e-002
2.948624999997502e-002	-6.994259e-002	-7.005203e-002
2.958864999997441e-002	-6.994259e-002	-7.005203e-002
2.969104999997381e-002	-6.994247e-002	-7.005191e-002
2.979344999997320e-002	-6.994247e-002	-7.005191e-002
2.989584999997259e-002	-6.994236e-002	-7.005179e-002
2.999824999997198e-002	-6.994236e-002	-7.005179e-002
3.010064999997137e-002	-6.994224e-002	-7.005167e-002
3.020304999997077e-002	-6.994224e-002	-7.005167e-002
3.030544999997016e-002	-6.994224e-002	-7.005167e-002
3.040784999996955e-002	-6.994212e-002	-7.005155e-002
3.051024999996894e-002	-6.994212e-002	-7.005155e-002
3.061264999996833e-002	-6.994212e-002	-7.005155e-002
3.071504999996772e-002	-6.994200e-002	-7.005143e-002
3.081744999996712e-002	-6.994200e-002	-7.005143e-002
3.091984999996651e-002	-6.994200e-002	-7.005143e-002
3.102224999996590e-002	-6.994200e-002	-7.005143e-002
3.112464999996529e-002	-6.994188e-002	-7.005131e-002
3.122704999996468e-002	-6.994188e-002	-7.005131e-002
3.132944999996683e-002	-6.994188e-002	-7.005131e-002
3.143184999996978e-002	-6.994188e-002	-7.005131e-002
3.153424999997272e-002	-6.994176e-002	-7.005119e-002
3.163664999997567e-002	-6.994176e-002	-7.005119e-002
3.173904999997861e-002	-6.994176e-002	-7.005119e-002
3.184144999998156e-002	-6.994176e-002	-7.005119e-002
3.194384999998450e-002	-6.994176e-002	-7.005119e-002
3.204624999998745e-002	-6.994164e-002	-7.005107e-002
3.214864999999039e-002	-6.994164e-002	-7.005107e-002
3.225104999999334e-002	-6.994164e-002	-7.005107e-002
3.235344999999628e-002	-6.994164e-002	-7.005107e-002
3.245584999999922e-002	-6.994164e-002	-7.005107e-002
3.255825000000217e-002	-6.994164e-002	-7.005107e-002
3.266065000000511e-002	-6.994164e-002	-7.005107e-002
3.276305000000806e-002	-6.994152e-002	-7.005095e-002
3.286545000001100e-002	-6.994152e-002	-7.005095e-002
3.296785000001395e-002	-6.994152e-002	-7.005095e-002
3.307025000001689e-002	-6.994152e-002	-7.005095e-002
3.317265000001984e-002	-6.994152e-002	-7.005095e-002
3.327505000002278e-002	-6.994152e-002	-7.005095e-002
3.337745000002573e-002	-6.994152e-002	-7.005095e-002
3.347985000002867e-002	-6.994152e-002	-7.005095e-002
3.358225000003162e-002	-6.994152e-002	-7.005095e-002
3.368465000003456e-002	-6.994140e-002	-7.005084e-002
3.378705000003750e-002	-6.994140e-002	-7.005084e-002
3.388945000004045e-002	-6.994140e-002	-7.005084e-002
3.399185000004339e-002	-6.994140e-002	-7.005084e-002
3.409425000004634e-002	-6.994140e-002	-7.005084e-002
3.419665000004928e-002	-6.994140e-002	-7.005084e-002
3.429905000005223e-002	-6.994140e-002	-7.005084e-002
3.440145000005517e-002	-6.994140e-002	-7.005084e-002
3.450385000005812e-002	-6.994140e-002	-7.005084e-002
3.460625000006106e-002	-6.994140e-002	-7.005084e-002
3.470865000006401e-002	-6.994140e-002	-7.005084e-002
3.481105000006695e-002	-6.994140e-002	-7.005084e-002
3.491345000006989e-002	-6.994140e-002	-7.005084e-002
3.501585000007284e-002	-6.994140e-002	-7.005084e-002
3.511825000007578e-002	-6.994140e-002	-7.005084e-002
3.522065000007873e-002	-6.994128e-002	-7.005072e-002
3.532305000008167e-002	-6.994128e-002	-7.005072e-002
3.542545000008462e-002	-6.994128e-002	-7.005072e-002
3.552785000008756e-002	-6.994128e-002	-7.005072e-002
3.563025000009051e-002	-6.994128e-002	-7.005072e-002
3.573265000009345e-002	-6.994128e-002	-7.005072e-002
3.583505000009640e-002	-6.994128e-002	-7.005072e-002
3.593745000009934e-002	-6.994128e-002	-7.005072e-002
3.603985000010229e-002	-6.994128e-002	-7.005072e-002
3.614225000010523e-002	-6.994128e-002	-7.005072e-002
3.624465000010817e-002	-6.994128e-002	-7.005072e-002
3.634705000011112e-002	-6.994128e-002	-7.005072e-002
3.644945000011406e-002	-6.994128e-002	-7.005072e-002
3.655185000011701e-002	-6.994128e-002	-7.005072e-002
3.665425000011995e-002	-6.994128e-002	-7.005072e-002
3.675665000012290e-002	-6.994128e-002	-7.005072e-002
3.685905000012584e-002	-6.994128e-002	-7.005072e-002
3.696145000012879e-002	-6.994128e-002	-7.005072e-002
3.706385000013173e-002	-6.994128e-002	-7.005072e-002
3.716625000013468e-002	-6.994128e-002	-7.005072e-002
3.726865000013762e-002	-6.994128e-002	-7.005072e-002
3.737105000014056e-002	-6.994128e-002	-7.005072e-002
3.747345000014351e-002	-6.994128e-002	-7.005072e-002
3.757585000014645e-002	-6.994128e-002	-7.005072e-002
3.767825000014940e-002	-6.994128e-002	-7.005072e-002
3.778065000015234e-002	-6.994128e-002	-7.005072e-002
3.788305000015529e-002	-6.994128e-002	-7.005072e-002
3.798545000015823e-002	-6.994128e-002	-7.005072e-002
3.808785000016118e-002	-6.994128e-002	-7.005072e-002
3.819025000016412e-002	-6.994128e-002	-7.005072e-002
3.829265000016707e-002	-6.994128e-002	-7.005072e-002
3.839505000017001e-002	-6.994128e-002	-7.005072e-002
3.849745000017295e-002	-6.994128e-002	-7.005072e-002
3.859985000017590e-002	-6.994128e-002	-7.005072e-002
3.870225000017884e-002	-6.994128e-002	-7.005072e-002
3.880465000018179e-002	-6.994128e-002	-7.005072e-002
3.890705000018473e-002	-6.994128e-002	-7.005072e-002
3.900945000018768e-002	-6.994128e-002	-7.005072e-002
3.911185000019062e-002	-6.994128e-002	-7.005072e-002
3.921425000019357e-002	-6.994128e-002	-7.005072e-002
3.931665000019651e-002	-6.994128e-002	-7.005072e-002
3.941905000019946e-002	-6.994128e-002	-7.005072e-002
3.952145000020240e-002	-6.994128e-002	-7.005072e-002
3.962385000020535e-002	-6.994128e-002	-7.005072e-002
3.972625000020829e-002	-6.994128e-002	-7.005072e-002
3.982865000021123e-002	-6.994128e-002	-7.005072e-002
3.993105000021418e-002	-6.994128e-002	-7.005072e-002
4.003345000021712e-002	-6.994128e-002	-7.005072e-002
4.013585000022007e-002	-6.994128e-002	-7.005072e-002
4.023825000022301e-002	-6.994128e-002	-7.005072e-002
4.034065000022596e-002	-6.994128e-002	-7.005072e-002
4.044305000022890e-002	-6.994128e-002	-7.005072e-002
4.054545000023185e-002	-6.994128e-002	-7.005072e-002
4.064785000023479e-002	-6.994128e-002	-7.005072e-002
4.075025000023774e-002	-6.994128e-002	-7.005072e-002
4.085265000024068e-002	-6.994128e-002	-7.005072e-002
4.095505000024362e-002	-6.994128e-002	-7.005072e-002
4.105745000024657e-002	-6.994128e-002	-7.005072e-002
4.115985000024951e-002	-6.994128e-002	-7.005072e-002
4.126225000025246e-002	-6.994128e-002	-7.005072e-002
4.136465000025540e-002	-6.994128e-002	-7.005072e-002
4.146705000025835e-002	-6.994128e-002	-7.005072e-002
4.156945000026129e-002	-6.994128e-002	-7.005072e-002
4.167185000026424e-002	-6.994128e-002	-7.005072e-002
4.177425000026718e-002	-6.994128e-002	-7.005072e-002
4.187665000027013e-002	-6.994128e-002	-7.005072e-002
4.197905000027307e-002	-6.994128e-002	-7.005072e-002
4.208145000027602e-002	-6.994128e-002	-7.005072e-002
4.218385000027896e-002	-6.994128e-002	-7.005072e-002
4.228625000028190e-002	-6.994128e-002	-7.005072e-002
4.238865000028485e-002	-6.994128e-002	-7.005072e-002
4.249105000028779e-002	-6.994128e-002	-7.005072e-002
4.259345000029074e-002	-6.994128e-002	-7.005072e-002
4.269585000029368e-002	-6.994128e-002	-7.005072e-002
4.279825000029663e-002	-6.994128e-002	-7.005072e-002
4.290065000029957e-002	-6.994128e-002	-7.005072e-002
4.300305000030252e-002	-6.994128e-002	-7.005072e-002
4.310545000030546e-002	-6.994128e-002	-7.005072e-002
4.320785000030841e-002	-6.994128e-002	-7.005072e-002
4.331025000031135e-002	-6.994128e-002	-7.005072e-002
4.341265000031429e-002	-6.994128e-002	-7.005072e-002
4.351505000031724e-002	-6.994128e-002	-7.005072e-002
4.361745000032018e-002	-6.994128e-002	-7.005072e-002
4.371985000032313e-002	-6.994128e-002	-7.005072e-002
4.382225000032607e-002	-6.994128e-002	-7.005072e-002
4.392465000032902e-002	-6.994128e-002	-7.005072e-002
4.402705000033196e-002	-6.994128e-002	-7.005072e-002
4.412945000033491e-002	-6.994128e-002	-7.005072e-002
4.423185000033785e-002	-6.994128e-002	-7.005072e-002
4.433425000034080e-002	-6.994128e-002	-7.005072e-002
4.443665000034374e-002	-6.994128e-002	-7.005072e-002
4.453905000034669e-002	-6.994128e-002	-7.005072e-002
4.464145000034963e-002	-6.994128e-002	-7.005072e-002
4.474385000035257e-002	-6.994128e-002	-7.005072e-002
4.484625000035552e-002	-6.994128e-002	-7.005072e-002
4.494865000035846e-002	-6.994128e-002	-7.005072e-002
4.500000000000000e-002	-6.994128e-002	-7.005072e-002
4.500001000000000e-002	-6.995273e-002	-7.003939e-002
4.500003000000000e-002	-6.997538e-002	-7.001674e-002
4.500010000000000e-002	-7.005429e-002	-6.993771e-002
4.500043142857144e-002	-7.041812e-002	-6.957393e-002
4.500076285714288e-002	-7.076941e-002	-6.922267e-002
4.500109428571431e-002	-7.110817e-002	-6.888394e-002
4.500142571428575e-002	-7.143440e-002	-6.855773e-002
4.500175714285719e-002	-7.174809e-002	-6.824405e-002
4.500208857142863e-002	-7.204924e-002	-6.794289e-002
4.500242000000006e-002	-7.233787e-002	-6.765425e-002
4.500309142857151e-002	-7.288475e-002	-6.710738e-002
4.500376285714296e-002	-7.339718e-002	-6.659495e-002
4.500443428571441e-002	-7.387515e-002	-6.611698e-002
4.500510571428586e-002	-7.431866e-002	-6.567345e-002
4.500577714285731e-002	-7.472771e-002	-6.526437e-002
4.500644857142875e-002	-7.510230e-002	-6.488974e-002
4.500712000000020e-002	-7.544243e-002	-6.454957e-002
4.500817714285738e-002	-7.592235e-002	-6.406964e-002
4.500923428571454e-002	-7.635959e-002	-6.363240e-002
4.501029142857172e-002	-7.675414e-002	-6.323785e-002
4.501134857142889e-002	-7.710601e-002	-6.288600e-002
4.501240571428607e-002	-7.741520e-002	-6.257683e-002
4.501346285714324e-002	-7.768171e-002	-6.231036e-002
4.501452000000041e-002	-7.790554e-002	-6.208658e-002
4.501620571428618e-002	-7.820765e-002	-6.178436e-002
4.501789142857194e-002	-7.847331e-002	-6.151863e-002
4.501957714285770e-002	-7.870250e-002	-6.128939e-002
4.502126285714346e-002	-7.889523e-002	-6.109665e-002
4.502294857142922e-002	-7.905149e-002	-6.094040e-002
4.502463428571499e-002	-7.917129e-002	-6.082064e-002
4.502632000000075e-002	-7.925463e-002	-6.073737e-002
4.502962000000085e-002	-7.937890e-002	-6.061314e-002
4.503292000000094e-002	-7.948242e-002	-6.050966e-002
4.503622000000104e-002	-7.956519e-002	-6.042692e-002
4.503952000000113e-002	-7.962719e-002	-6.036493e-002
4.504282000000123e-002	-7.966844e-002	-6.032369e-002
4.504612000000132e-002	-7.968893e-002	-6.030320e-002
4.504942000000142e-002	-7.968867e-002	-6.030345e-002
4.505042000000144e-002	-7.969236e-002	-6.029963e-002
4.510000000000000e-002	-7.973930e-002	-6.025288e-002
4.514000000000000e-002	-7.975505e-002	-6.023723e-002
4.514001000000000e-002	-7.974373e-002	-6.024855e-002
4.514003000000001e-002	-7.972110e-002	-6.027118e-002
4.514080428571431e-002	-7.889664e-002	-6.109564e-002
4.514157857142862e-002	-7.813034e-002	-6.186194e-002
4.514235285714293e-002	-7.742218e-002	-6.257011e-002
4.514312714285723e-002	-7.677216e-002	-6.322012e-002
4.514390142857154e-002	-7.618030e-002	-6.381199e-002
4.514467571428585e-002	-7.564658e-002	-6.434571e-002
4.514545000000016e-002	-7.517101e-002	-6.482129e-002
4.514623571428589e-002	-7.472625e-002	-6.526605e-002
4.514702142857163e-002	-7.431323e-002	-6.567907e-002
4.514780714285737e-002	-7.393194e-002	-6.606035e-002
4.514859285714310e-002	-7.358240e-002	-6.640990e-002
4.514937857142884e-002	-7.326459e-002	-6.672771e-002
4.515016428571458e-002	-7.297853e-002	-6.701378e-002
4.515095000000031e-002	-7.272420e-002	-6.726811e-002
4.515215000000035e-002	-7.236855e-002	-6.762376e-002
4.515225000000035e-002	-7.234109e-002	-6.765122e-002
4.515303571428609e-002	-7.213956e-002	-6.785276e-002
4.515382142857183e-002	-7.195240e-002	-6.803992e-002
4.515460714285757e-002	-7.177963e-002	-6.821269e-002
4.515539285714330e-002	-7.162124e-002	-6.837109e-002
4.515617857142903e-002	-7.147723e-002	-6.851510e-002
4.515696428571477e-002	-7.134760e-002	-6.864473e-002
4.515775000000051e-002	-7.123236e-002	-6.875998e-002
4.515853571428625e-002	-7.112611e-002	-6.886623e-002
4.515932142857199e-002	-7.102745e-002	-6.896489e-002
4.516010714285772e-002	-7.093637e-002	-6.905598e-002
4.516089285714346e-002	-7.085287e-002	-6.913948e-002
4.516167857142919e-002	-7.077695e-002	-6.921540e-002
4.516246428571493e-002	-7.070861e-002	-6.928374e-002
4.516325000000067e-002	-7.064786e-002	-6.934449e-002
4.516403571428641e-002	-7.059185e-002	-6.940050e-002
4.516482142857214e-002	-7.053984e-002	-6.945252e-002
4.516560714285788e-002	-7.049182e-002	-6.950053e-002
4.516639285714361e-002	-7.044780e-002	-6.954455e-002
4.516717857142935e-002	-7.040778e-002	-6.958458e-002
4.516796428571509e-002	-7.037176e-002	-6.962060e-002
4.516875000000083e-002	-7.033974e-002	-6.965264e-002
4.516953571428656e-002	-7.031021e-002	-6.968217e-002
4.517032142857230e-002	-7.028279e-002	-6.970959e-002
4.517110714285804e-002	-7.025748e-002	-6.973490e-002
4.517189285714377e-002	-7.023428e-002	-6.975811e-002
4.517267857142951e-002	-7.021318e-002	-6.977921e-002
4.517346428571525e-002	-7.019419e-002	-6.979820e-002
4.517425000000098e-002	-7.017730e-002	-6.981508e-002
4.517503571428672e-002	-7.016174e-002	-6.983065e-002
4.517582142857246e-002	-7.014729e-002	-6.984511e-002
4.517660714285820e-002	-7.013395e-002	-6.985845e-002
4.517739285714393e-002	-7.012171e-002	-6.987069e-002
4.517817857142967e-002	-7.011059e-002	-6.988181e-002
4.517896428571541e-002	-7.010058e-002	-6.989182e-002
4.517975000000114e-002	-7.009168e-002	-6.990072e-002
4.518053571428688e-002	-7.008347e-002	-6.990893e-002
4.518132142857262e-002	-7.007586e-002	-6.991655e-002
4.518210714285836e-002	-7.006882e-002	-6.992359e-002
4.518289285714409e-002	-7.006238e-002	-6.993004e-002
4.518367857142983e-002	-7.005651e-002	-6.993591e-002
4.518446428571556e-002	-7.005124e-002	-6.994119e-002
4.518525000000130e-002	-7.004655e-002	-6.994588e-002
4.518603571428704e-002	-7.004222e-002	-6.995021e-002
4.518682142857278e-002	-7.003820e-002	-6.995423e-002
4.518760714285851e-002	-7.003450e-002	-6.995793e-002
4.518839285714425e-002	-7.003110e-002	-6.996133e-002
4.518917857142998e-002	-7.002801e-002	-6.996443e-002
4.518996428571572e-002	-7.002523e-002	-6.996721e-002
4.519075000000146e-002	-7.002276e-002	-6.996969e-002
4.519153571428720e-002	-7.002048e-002	-6.997197e-002
4.519232142857294e-002	-7.001836e-002	-6.997409e-002
4.519310714285867e-002	-7.001641e-002	-6.997605e-002
4.519389285714440e-002	-7.001462e-002	-6.997784e-002
4.519467857143014e-002	-7.001299e-002	-6.997947e-002
4.519546428571588e-002	-7.001152e-002	-6.998094e-002
4.519625000000162e-002	-7.001022e-002	-6.998224e-002
4.519705000000164e-002	-7.000900e-002	-6.998347e-002
4.519785000000166e-002	-7.000787e-002	-6.998460e-002
4.519865000000169e-002	-7.000682e-002	-6.998565e-002
4.519945000000171e-002	-7.000587e-002	-6.998661e-002
4.520025000000173e-002	-7.000500e-002	-6.998748e-002
4.520105000000176e-002	-7.000422e-002	-6.998826e-002
4.520185000000178e-002	-7.000353e-002	-6.998895e-002
4.520266428571609e-002	-7.000288e-002	-6.998960e-002
4.520347857143039e-002	-7.000228e-002	-6.999020e-002
4.520429285714470e-002	-7.000173e-002	-6.999076e-002
4.520510714285902e-002	-7.000123e-002	-6.999126e-002
4.520592142857333e-002	-7.000077e-002	-6.999172e-002
4.520673571428763e-002	-7.000037e-002	-6.999213e-002
4.520755000000194e-002	-7.000001e-002	-6.999250e-002
4.520839285714482e-002	-6.999966e-002	-6.999284e-002
4.520923571428771e-002	-6.999934e-002	-6.999316e-002
4.521007857143058e-002	-6.999905e-002	-6.999345e-002
4.521092142857347e-002	-6.999879e-002	-6.999372e-002
4.521176428571635e-002	-6.999855e-002	-6.999396e-002
4.521260714285923e-002	-6.999833e-002	-6.999418e-002
4.521345000000211e-002	-6.999815e-002	-6.999437e-002
4.521435000000214e-002	-6.999797e-002	-6.999456e-002
4.521525000000216e-002	-6.999780e-002	-6.999473e-002
4.521615000000219e-002	-6.999765e-002	-6.999489e-002
4.521705000000222e-002	-6.999751e-002	-6.999503e-002
4.521795000000224e-002	-6.999738e-002	-6.999515e-002
4.521885000000227e-002	-6.999727e-002	-6.999526e-002
4.521975000000229e-002	-6.999717e-002	-6.999536e-002
4.522076428571661e-002	-6.999708e-002	-6.999546e-002
4.522177857143092e-002	-6.999699e-002	-6.999555e-002
4.522279285714524e-002	-6.999691e-002	-6.999564e-002
4.522380714285956e-002	-6.999684e-002	-6.999571e-002
4.522482142857387e-002	-6.999678e-002	-6.999578e-002
4.522583571428818e-002	-6.999672e-002	-6.999584e-002
4.522685000000250e-002	-6.999668e-002	-6.999589e-002
4.522810714285968e-002	-6.999663e-002	-6.999594e-002
4.522936428571685e-002	-6.999658e-002	-6.999599e-002
4.523062142857404e-002	-6.999655e-002	-6.999603e-002
4.523187857143121e-002	-6.999651e-002	-6.999607e-002
4.523313571428839e-002	-6.999648e-002	-6.999610e-002
4.523439285714557e-002	-6.999646e-002	-6.999613e-002
4.523565000000275e-002	-6.999644e-002	-6.999615e-002
4.523740714285995e-002	-6.999642e-002	-6.999618e-002
4.523916428571714e-002	-6.999640e-002	-6.999621e-002
4.524092142857433e-002	-6.999638e-002	-6.999623e-002
4.524267857143152e-002	-6.999637e-002	-6.999624e-002
4.524443571428872e-002	-6.999636e-002	-6.999626e-002
4.524619285714591e-002	-6.999635e-002	-6.999627e-002
4.524795000000310e-002	-6.999635e-002	-6.999628e-002
4.524889285714599e-002	-6.999635e-002	-6.999628e-002
4.524983571428887e-002	-6.999634e-002	-6.999629e-002
4.525077857143176e-002	-6.999634e-002	-6.999629e-002
4.525172142857464e-002	-6.999634e-002	-6.999630e-002
4.525266428571752e-002	-6.999634e-002	-6.999630e-002
4.525360714286041e-002	-6.999634e-002	-6.999631e-002
4.525455000000329e-002	-6.999634e-002	-6.999631e-002
4.525465000000330e-002	-6.999634e-002	-6.999631e-002
4.525939285714629e-002	-6.999634e-002	-6.999632e-002
4.526413571428928e-002	-6.999635e-002	-6.999633e-002
4.526887857143228e-002	-6.999635e-002	-6.999634e-002
4.527362142857527e-002	-6.999635e-002	-6.999635e-002
4.527836428571826e-002	-6.999636e-002	-6.999636e-002
4.528310714286126e-002	-6.999637e-002	-6.999637e-002
4.528785000000425e-002	-6.999638e-002	-6.999638e-002
4.535705000000624e-002	-6.999648e-002	-6.999648e-002
4.545945000000919e-002	-6.999664e-002	-6.999664e-002
4.556185000001213e-002	-6.999679e-002	-6.999679e-002
4.566425000001508e-002	-6.999693e-002	-6.999693e-002
4.576665000001802e-002	-6.999706e-002	-6.999706e-002
4.586905000002096e-002	-6.999719e-002	-6.999719e-002
4.597145000002391e-002	-6.999732e-002	-6.999732e-002
4.607385000002685e-002	-6.999744e-002	-6.999744e-002
4.617625000002980e-002	-6.999755e-002	-6.999755e-002
4.627865000003274e-002	-6.999766e-002	-6.999766e-002
4.638105000003569e-002	-6.999777e-002	-6.999777e-002
4.648345000003863e-002	-6.999786e-002	-6.999786e-002
4.658585000004158e-002	-6.999797e-002	-6.999797e-002
4.668825000004452e-002	-6.999806e-002	-6.999806e-002
4.679065000004747e-002	-6.999815e-002	-6.999815e-002
4.689305000005041e-002	-6.999823e-002	-6.999823e-002
4.699545000005335e-002	-6.999831e-002	-6.999831e-002
4.709785000005630e-002	-6.999839e-002	-6.999839e-002
4.720025000005924e-002	-6.999846e-002	-6.999846e-002
4.730265000006219e-002	-6.999853e-002	-6.999853e-002
4.740505000006513e-002	-6.999860e-002	-6.999860e-002
4.750745000006808e-002	-6.999867e-002	-6.999867e-002
4.760985000007102e-002	-6.999873e-002	-6.999873e-002
4.771225000007397e-002	-6.999879e-002	-6.999879e-002
4.781465000007691e-002	-6.999885e-002	-6.999885e-002
4.791705000007986e-002	-6.999890e-002	-6.999890e-002
4.801945000008280e-002	-6.999895e-002	-6.999895e-002
4.812185000008575e-002	-6.999900e-002	-6.999900e-002
4.822425000008869e-002	-6.999905e-002	-6.999905e-002
4.832665000009163e-002	-6.999911e-002	-6.999911e-002
4.842905000009458e-002	-6.999914e-002	-6.999914e-002
4.853145000009752e-002	-6.999919e-002	-6.999919e-002
4.863385000010047e-002	-6.999923e-002	-6.999923e-002
4.873625000010341e-002	-6.999926e-002	-6.999926e-002
4.883865000010636e-002	-6.999930e-002	-6.999930e-002
4.894105000010930e-002	-6.999934e-002	-6.999934e-002
4.904345000011225e-002	-6.999937e-002	-6.999937e-002
4.914585000011519e-002	-6.999941e-002	-6.999941e-002
4.924825000011814e-002	-6.999945e-002	-6.999945e-002
4.935065000012108e-002	-6.999948e-002	-6.999948e-002
4.945305000012402e-002	-6.999950e-002	-6.999950e-002
4.955545000012697e-002	-6.999952e-002	-6.999952e-002
4.965785000012991e-002	-6.999955e-002	-6.999955e-002
4.976025000013286e-002	-6.999957e-002	-6.999957e-002
4.986265000013580e-002	-6.999959e-002	-6.999959e-002
4.996505000013875e-002	-6.999961e-002	-6.999961e-002
4.999995000013975e-002	-6.999963e-002	-6.999963e-002
5.000000000000000e-002	-6.999963e-002	-6.999963e-002
