time	V(N008,N005)	V(N009,N004)
0.000000000000000e+000	-7.000000e-002	-7.000000e-002
1.006310719994779e-004	-7.000001e-002	-7.000001e-002
2.030310719994804e-004	-7.000002e-002	-7.000002e-002
3.054310719994828e-004	-7.000002e-002	-7.000002e-002
4.078310719994853e-004	-7.000003e-002	-7.000003e-002
5.102310719994759e-004	-7.000004e-002	-7.000004e-002
6.126310719994229e-004	-7.000005e-002	-7.000005e-002
7.150310719993699e-004	-7.000005e-002	-7.000005e-002
8.174310719993169e-004	-7.000006e-002	-7.000006e-002
9.198310719992638e-004	-7.000007e-002	-7.000007e-002
1.022231071999260e-003	-7.000007e-002	-7.000007e-002
1.124631071999318e-003	-7.000008e-002	-7.000008e-002
1.227031071999376e-003	-7.000009e-002	-7.000009e-002
1.329431071999434e-003	-7.000010e-002	-7.000010e-002
1.431831071999492e-003	-7.000010e-002	-7.000010e-002
1.534231071999550e-003	-7.000011e-002	-7.000011e-002
1.636631071999608e-003	-7.000012e-002	-7.000012e-002
1.739031071999666e-003	-7.000013e-002	-7.000013e-002
1.841431071999724e-003	-7.000013e-002	-7.000013e-002
1.943831071999782e-003	-7.000013e-002	-7.000013e-002
2.046231071999638e-003	-7.000013e-002	-7.000013e-002
2.148631071999474e-003	-7.000013e-002	-7.000013e-002
2.251031071999310e-003	-7.000013e-002	-7.000013e-002
2.353431071999146e-003	-7.000013e-002	-7.000013e-002
2.455831071998982e-003	-7.000013e-002	-7.000013e-002
2.558231071998818e-003	-7.000013e-002	-7.000013e-002
2.660631071998654e-003	-7.000013e-002	-7.000013e-002
2.763031071998490e-003	-7.000013e-002	-7.000013e-002
2.865431071998326e-003	-7.000013e-002	-7.000013e-002
2.967831071998162e-003	-7.000013e-002	-7.000013e-002
3.070231071997998e-003	-7.000013e-002	-7.000013e-002
3.172631071997834e-003	-7.000013e-002	-7.000013e-002
3.275031071997670e-003	-7.000013e-002	-7.000013e-002
3.377431071997506e-003	-7.000013e-002	-7.000013e-002
3.479831071997342e-003	-7.000013e-002	-7.000013e-002
3.582231071997178e-003	-7.000013e-002	-7.000013e-002
3.684631071997014e-003	-7.000013e-002	-7.000013e-002
3.787031071996850e-003	-7.000013e-002	-7.000013e-002
3.889431071996686e-003	-7.000013e-002	-7.000013e-002
3.991831071996892e-003	-7.000013e-002	-7.000013e-002
4.094231071997172e-003	-7.000013e-002	-7.000013e-002
4.196631071997452e-003	-7.000013e-002	-7.000013e-002
4.299031071997733e-003	-7.000013e-002	-7.000013e-002
4.401431071998013e-003	-7.000013e-002	-7.000013e-002
4.503831071998293e-003	-7.000013e-002	-7.000013e-002
4.606231071998573e-003	-7.000013e-002	-7.000013e-002
4.708631071998853e-003	-7.000013e-002	-7.000013e-002
4.811031071999133e-003	-7.000013e-002	-7.000013e-002
4.913431071999413e-003	-7.000013e-002	-7.000013e-002
5.000000000000000e-003	-7.000013e-002	-7.000013e-002
5.000000157877729e-003	-7.000029e-002	-6.999997e-002
5.000000473633188e-003	-7.000064e-002	-6.999962e-002
5.000014691685590e-003	-7.001676e-002	-6.998349e-002
5.000028909737991e-003	-7.003287e-002	-6.996738e-002
5.000043127790393e-003	-7.004895e-002	-6.995129e-002
5.000057345842795e-003	-7.006502e-002	-6.993523e-002
5.000071563895197e-003	-7.008106e-002	-6.991919e-002
5.000085781947598e-003	-7.009708e-002	-6.990318e-002
5.000100000000000e-003	-7.011308e-002	-6.988719e-002
5.000406059325215e-003	-7.044969e-002	-6.955057e-002
5.000712118650429e-003	-7.077552e-002	-6.922475e-002
5.001018177975643e-003	-7.109055e-002	-6.890972e-002
5.001324237300857e-003	-7.139478e-002	-6.860548e-002
5.001630296626071e-003	-7.168823e-002	-6.831203e-002
5.001936355951285e-003	-7.197088e-002	-6.802938e-002
5.002242415276499e-003	-7.224275e-002	-6.775752e-002
5.002542415276500e-003	-7.250084e-002	-6.749941e-002
5.002985272419359e-003	-7.286362e-002	-6.713664e-002
5.003428129562217e-003	-7.321024e-002	-6.679001e-002
5.003870986705075e-003	-7.354071e-002	-6.645955e-002
5.004313843847934e-003	-7.385502e-002	-6.614524e-002
5.004756700990792e-003	-7.415317e-002	-6.584709e-002
5.005199558133651e-003	-7.443517e-002	-6.556509e-002
5.005642415276509e-003	-7.470100e-002	-6.529925e-002
5.006370986705082e-003	-7.510676e-002	-6.489349e-002
5.007099558133656e-003	-7.548524e-002	-6.451502e-002
5.007828129562229e-003	-7.583644e-002	-6.416382e-002
5.008556700990803e-003	-7.616036e-002	-6.383989e-002
5.009285272419376e-003	-7.645700e-002	-6.354325e-002
5.010013843847950e-003	-7.672637e-002	-6.327388e-002
5.010742415276523e-003	-7.696846e-002	-6.303179e-002
5.011256700990810e-003	-7.712982e-002	-6.287044e-002
5.011770986705097e-003	-7.728301e-002	-6.271725e-002
5.012285272419384e-003	-7.742805e-002	-6.257222e-002
5.012799558133671e-003	-7.756493e-002	-6.243534e-002
5.013313843847959e-003	-7.769365e-002	-6.230661e-002
5.013828129562245e-003	-7.781422e-002	-6.218604e-002
5.014342415276533e-003	-7.792662e-002	-6.207363e-002
5.014442415276533e-003	-7.794794e-002	-6.205234e-002
5.016128129562252e-003	-7.825284e-002	-6.174743e-002
5.017813843847971e-003	-7.852093e-002	-6.147933e-002
5.019499558133690e-003	-7.875222e-002	-6.124804e-002
5.021185272419408e-003	-7.894669e-002	-6.105356e-002
5.022870986705127e-003	-7.910435e-002	-6.089589e-002
5.024556700990846e-003	-7.922521e-002	-6.077502e-002
5.026242415276565e-003	-7.930925e-002	-6.069097e-002
5.029542415276574e-003	-7.943462e-002	-6.056561e-002
5.032842415276583e-003	-7.953905e-002	-6.046120e-002
5.036142415276592e-003	-7.962253e-002	-6.037772e-002
5.039442415276601e-003	-7.968508e-002	-6.031518e-002
5.042742415276610e-003	-7.972669e-002	-6.027358e-002
5.046042415276619e-003	-7.974735e-002	-6.025292e-002
5.049342415276628e-003	-7.974708e-002	-6.025320e-002
5.100250000000001e-003	-7.979822e-002	-6.020224e-002
5.116550000000045e-003	-7.980466e-002	-6.019580e-002
5.160000000000000e-003	-7.982159e-002	-6.017876e-002
5.160010000000000e-003	-7.981026e-002	-6.019020e-002
5.160030000000000e-003	-7.978761e-002	-6.021285e-002
5.160804285714287e-003	-7.896326e-002	-6.103740e-002
5.161578571428576e-003	-7.819702e-002	-6.180378e-002
5.162352857142863e-003	-7.748892e-002	-6.251199e-002
5.163127142857151e-003	-7.683894e-002	-6.316202e-002
5.163901428571438e-003	-7.624708e-002	-6.375388e-002
5.164675714285727e-003	-7.571335e-002	-6.428756e-002
5.165450000000014e-003	-7.523775e-002	-6.476307e-002
5.166235714285730e-003	-7.479295e-002	-6.520786e-002
5.167021428571447e-003	-7.437991e-002	-6.562090e-002
5.167807142857164e-003	-7.399861e-002	-6.600220e-002
5.168592857142880e-003	-7.364908e-002	-6.635175e-002
5.169378571428596e-003	-7.333129e-002	-6.666957e-002
5.170164285714313e-003	-7.304526e-002	-6.695563e-002
5.170950000000029e-003	-7.279098e-002	-6.720996e-002
5.171735714285745e-003	-7.255652e-002	-6.744444e-002
5.172521428571462e-003	-7.233878e-002	-6.766218e-002
5.173307142857179e-003	-7.213777e-002	-6.786318e-002
5.174092857142895e-003	-7.195349e-002	-6.804744e-002
5.174878571428611e-003	-7.178594e-002	-6.821497e-002
5.175664285714328e-003	-7.163511e-002	-6.836575e-002
5.176450000000044e-003	-7.150102e-002	-6.849980e-002
5.177235714285760e-003	-7.137743e-002	-6.862345e-002
5.178021428571478e-003	-7.126266e-002	-6.873826e-002
5.178807142857194e-003	-7.115670e-002	-6.884424e-002
5.179592857142910e-003	-7.105956e-002	-6.894137e-002
5.180378571428626e-003	-7.097124e-002	-6.902968e-002
5.181164285714343e-003	-7.089174e-002	-6.910914e-002
5.181950000000059e-003	-7.082105e-002	-6.917977e-002
5.182735714285775e-003	-7.075585e-002	-6.924490e-002
5.183521428571493e-003	-7.069532e-002	-6.930539e-002
5.184307142857209e-003	-7.063945e-002	-6.936124e-002
5.185092857142925e-003	-7.058824e-002	-6.941247e-002
5.185878571428641e-003	-7.054170e-002	-6.945906e-002
5.186664285714358e-003	-7.049981e-002	-6.950103e-002
5.187450000000074e-003	-7.046258e-002	-6.953835e-002
5.188235714285791e-003	-7.042821e-002	-6.957269e-002
5.189021428571508e-003	-7.039629e-002	-6.960457e-002
5.189807142857224e-003	-7.036684e-002	-6.963399e-002
5.190592857142940e-003	-7.033984e-002	-6.966097e-002
5.191378571428656e-003	-7.031531e-002	-6.968549e-002
5.192164285714373e-003	-7.029324e-002	-6.970756e-002
5.192950000000089e-003	-7.027364e-002	-6.972718e-002
5.193735714285806e-003	-7.025549e-002	-6.974527e-002
5.194521428571523e-003	-7.023864e-002	-6.976208e-002
5.195307142857239e-003	-7.022310e-002	-6.977760e-002
5.196092857142955e-003	-7.020887e-002	-6.979184e-002
5.196878571428671e-003	-7.019593e-002	-6.980479e-002
5.197664285714388e-003	-7.018430e-002	-6.981646e-002
5.198450000000104e-003	-7.017398e-002	-6.982684e-002
5.199235714285821e-003	-7.016445e-002	-6.983644e-002
5.200021428571538e-003	-7.015560e-002	-6.984533e-002
5.200807142857254e-003	-7.014742e-002	-6.985352e-002
5.201592857142970e-003	-7.013991e-002	-6.986102e-002
5.202378571428686e-003	-7.013307e-002	-6.986781e-002
5.203164285714403e-003	-7.012690e-002	-6.987390e-002
5.203950000000119e-003	-7.012141e-002	-6.987929e-002
5.204735714285836e-003	-7.011641e-002	-6.988441e-002
5.205521428571553e-003	-7.011175e-002	-6.988914e-002
5.206307142857269e-003	-7.010745e-002	-6.989348e-002
5.207092857142985e-003	-7.010350e-002	-6.989743e-002
5.207878571428701e-003	-7.009990e-002	-6.990099e-002
5.208664285714418e-003	-7.009665e-002	-6.990417e-002
5.209450000000135e-003	-7.009375e-002	-6.990695e-002
5.210235714285851e-003	-7.009109e-002	-6.990965e-002
5.211021428571568e-003	-7.008862e-002	-6.991215e-002
5.211807142857284e-003	-7.008635e-002	-6.991445e-002
5.212592857143000e-003	-7.008427e-002	-6.991656e-002
5.213378571428716e-003	-7.008239e-002	-6.991848e-002
5.214164285714433e-003	-7.008070e-002	-6.992020e-002
5.214950000000150e-003	-7.007921e-002	-6.992173e-002
5.215464285714437e-003	-7.007826e-002	-6.992269e-002
5.215978571428723e-003	-7.007736e-002	-6.992359e-002
5.216492857143011e-003	-7.007651e-002	-6.992443e-002
5.217007142857298e-003	-7.007571e-002	-6.992522e-002
5.217521428571586e-003	-7.007496e-002	-6.992594e-002
5.218035714285872e-003	-7.007426e-002	-6.992661e-002
5.218550000000159e-003	-7.007360e-002	-6.992722e-002
5.218650000000160e-003	-7.007349e-002	-6.992745e-002
5.219450000000162e-003	-7.007255e-002	-6.992834e-002
5.220250000000164e-003	-7.007168e-002	-6.992918e-002
5.221050000000166e-003	-7.007088e-002	-6.992995e-002
5.221850000000168e-003	-7.007015e-002	-6.993067e-002
5.222650000000171e-003	-7.006948e-002	-6.993132e-002
5.223450000000173e-003	-7.006889e-002	-6.993192e-002
5.224250000000175e-003	-7.006836e-002	-6.993246e-002
5.225078571428748e-003	-7.006787e-002	-6.993289e-002
5.225907142857322e-003	-7.006742e-002	-6.993331e-002
5.226735714285896e-003	-7.006700e-002	-6.993370e-002
5.227564285714470e-003	-7.006663e-002	-6.993408e-002
5.228392857143043e-003	-7.006629e-002	-6.993443e-002
5.229221428571618e-003	-7.006599e-002	-6.993477e-002
5.230050000000191e-003	-7.006574e-002	-6.993508e-002
5.230921428571622e-003	-7.006547e-002	-6.993540e-002
5.231792857143053e-003	-7.006523e-002	-6.993569e-002
5.232664285714484e-003	-7.006501e-002	-6.993593e-002
5.233535714285914e-003	-7.006480e-002	-6.993613e-002
5.234407142857346e-003	-7.006462e-002	-6.993630e-002
5.235278571428776e-003	-7.006445e-002	-6.993643e-002
5.236150000000208e-003	-7.006431e-002	-6.993651e-002
5.237092857143067e-003	-7.006416e-002	-6.993667e-002
5.238035714285927e-003	-7.006402e-002	-6.993682e-002
5.238978571428786e-003	-7.006389e-002	-6.993694e-002
5.239921428571647e-003	-7.006377e-002	-6.993704e-002
5.240864285714506e-003	-7.006366e-002	-6.993712e-002
5.241807142857366e-003	-7.006356e-002	-6.993719e-002
5.242750000000226e-003	-7.006347e-002	-6.993723e-002
5.243850000000229e-003	-7.006345e-002	-6.993730e-002
5.244950000000232e-003	-7.006342e-002	-6.993737e-002
5.246050000000235e-003	-7.006338e-002	-6.993743e-002
5.247150000000238e-003	-7.006333e-002	-6.993750e-002
5.248250000000241e-003	-7.006327e-002	-6.993757e-002
5.249350000000244e-003	-7.006319e-002	-6.993764e-002
5.250450000000247e-003	-7.006311e-002	-6.993771e-002
5.251878571428822e-003	-7.006307e-002	-6.993768e-002
5.253307142857397e-003	-7.006303e-002	-6.993768e-002
5.254735714285972e-003	-7.006300e-002	-6.993769e-002
5.256164285714548e-003	-7.006299e-002	-6.993773e-002
5.257592857143123e-003	-7.006298e-002	-6.993778e-002
5.259021428571699e-003	-7.006298e-002	-6.993785e-002
5.260450000000274e-003	-7.006299e-002	-6.993794e-002
5.262621428571709e-003	-7.006295e-002	-6.993794e-002
5.264792857143143e-003	-7.006291e-002	-6.993794e-002
5.266964285714578e-003	-7.006289e-002	-6.993794e-002
5.269135714286012e-003	-7.006287e-002	-6.993794e-002
5.271307142857447e-003	-7.006286e-002	-6.993794e-002
5.273478571428881e-003	-7.006286e-002	-6.993794e-002
5.275650000000316e-003	-7.006288e-002	-6.993794e-002
5.280735714286044e-003	-7.006297e-002	-6.993804e-002
5.285821428571772e-003	-7.006304e-002	-6.993811e-002
5.290907142857500e-003	-7.006309e-002	-6.993816e-002
5.295992857143228e-003	-7.006313e-002	-6.993820e-002
5.301078571428956e-003	-7.006314e-002	-6.993821e-002
5.306164285714685e-003	-7.006314e-002	-6.993821e-002
5.311250000000413e-003	-7.006311e-002	-6.993818e-002
5.321050000000440e-003	-7.006311e-002	-6.993818e-002
5.423450000000720e-003	-7.006335e-002	-6.993842e-002
5.525850000001000e-003	-7.006335e-002	-6.993842e-002
5.628250000001280e-003	-7.006359e-002	-6.993866e-002
5.730650000001560e-003	-7.006383e-002	-6.993890e-002
5.833050000001840e-003	-7.006383e-002	-6.993890e-002
5.935450000002120e-003	-7.006407e-002	-6.993914e-002
6.037850000002400e-003	-7.006431e-002	-6.993937e-002
6.140250000002680e-003	-7.006431e-002	-6.993937e-002
6.242650000002960e-003	-7.006454e-002	-6.993961e-002
6.345050000003240e-003	-7.006454e-002	-6.993961e-002
6.447450000003520e-003	-7.006478e-002	-6.993985e-002
6.549850000003800e-003	-7.006478e-002	-6.993985e-002
6.652250000004080e-003	-7.006502e-002	-6.994009e-002
6.754650000004360e-003	-7.006502e-002	-6.994009e-002
6.857050000004640e-003	-7.006526e-002	-6.994033e-002
6.959450000004920e-003	-7.006526e-002	-6.994033e-002
7.061850000005200e-003	-7.006526e-002	-6.994033e-002
7.164250000005481e-003	-7.006550e-002	-6.994057e-002
7.266650000005761e-003	-7.006550e-002	-6.994057e-002
7.369050000006041e-003	-7.006550e-002	-6.994057e-002
7.471450000006321e-003	-7.006574e-002	-6.994081e-002
7.573850000006601e-003	-7.006574e-002	-6.994081e-002
7.676250000006881e-003	-7.006574e-002	-6.994081e-002
7.778650000007161e-003	-7.006598e-002	-6.994104e-002
7.881050000006846e-003	-7.006598e-002	-6.994104e-002
7.983450000006238e-003	-7.006598e-002	-6.994104e-002
8.085850000005630e-003	-7.006598e-002	-6.994104e-002
8.188250000005021e-003	-7.006621e-002	-6.994128e-002
8.290650000004413e-003	-7.006621e-002	-6.994128e-002
8.393050000003805e-003	-7.006621e-002	-6.994128e-002
8.495450000003197e-003	-7.006621e-002	-6.994128e-002
8.597850000002589e-003	-7.006645e-002	-6.994152e-002
8.700250000001981e-003	-7.006645e-002	-6.994152e-002
8.802650000001373e-003	-7.006645e-002	-6.994152e-002
8.905050000000764e-003	-7.006645e-002	-6.994152e-002
9.007450000000156e-003	-7.006645e-002	-6.994152e-002
9.109849999999548e-003	-7.006645e-002	-6.994152e-002
9.212249999998940e-003	-7.006669e-002	-6.994176e-002
9.314649999998332e-003	-7.006669e-002	-6.994176e-002
9.417049999997724e-003	-7.006669e-002	-6.994176e-002
9.519449999997116e-003	-7.006669e-002	-6.994176e-002
9.621849999996508e-003	-7.006669e-002	-6.994176e-002
9.724249999995899e-003	-7.006669e-002	-6.994176e-002
9.826649999995291e-003	-7.006669e-002	-6.994176e-002
9.929049999994683e-003	-7.006693e-002	-6.994200e-002
1.003144999999408e-002	-7.006693e-002	-6.994200e-002
1.013384999999347e-002	-7.006693e-002	-6.994200e-002
1.023624999999286e-002	-7.006693e-002	-6.994200e-002
1.033864999999225e-002	-7.006693e-002	-6.994200e-002
1.044104999999164e-002	-7.006693e-002	-6.994200e-002
1.054344999999103e-002	-7.006693e-002	-6.994200e-002
1.064584999999043e-002	-7.006693e-002	-6.994200e-002
1.074824999998982e-002	-7.006693e-002	-6.994200e-002
1.085064999998921e-002	-7.006693e-002	-6.994200e-002
1.095304999998860e-002	-7.006693e-002	-6.994200e-002
1.105544999998799e-002	-7.006693e-002	-6.994200e-002
1.115784999998739e-002	-7.006717e-002	-6.994224e-002
1.126024999998678e-002	-7.006717e-002	-6.994224e-002
1.136264999998617e-002	-7.006717e-002	-6.994224e-002
1.146504999998556e-002	-7.006717e-002	-6.994224e-002
1.156744999998495e-002	-7.006717e-002	-6.994224e-002
1.166984999998435e-002	-7.006717e-002	-6.994224e-002
1.177224999998374e-002	-7.006717e-002	-6.994224e-002
1.187464999998313e-002	-7.006717e-002	-6.994224e-002
1.197704999998252e-002	-7.006717e-002	-6.994224e-002
1.207944999998191e-002	-7.006717e-002	-6.994224e-002
1.218184999998130e-002	-7.006717e-002	-6.994224e-002
1.228424999998070e-002	-7.006717e-002	-6.994224e-002
1.238664999998009e-002	-7.006717e-002	-6.994224e-002
1.248904999997948e-002	-7.006717e-002	-6.994224e-002
1.259144999997887e-002	-7.006717e-002	-6.994224e-002
1.269384999997826e-002	-7.006741e-002	-6.994247e-002
1.279624999997766e-002	-7.006741e-002	-6.994247e-002
1.289864999997705e-002	-7.006741e-002	-6.994247e-002
1.300104999997644e-002	-7.006741e-002	-6.994247e-002
1.310344999997583e-002	-7.006741e-002	-6.994247e-002
1.320584999997522e-002	-7.006741e-002	-6.994247e-002
1.330824999997462e-002	-7.006741e-002	-6.994247e-002
1.341064999997401e-002	-7.006741e-002	-6.994247e-002
1.351304999997340e-002	-7.006741e-002	-6.994247e-002
1.361544999997279e-002	-7.006741e-002	-6.994247e-002
1.371784999997218e-002	-7.006741e-002	-6.994247e-002
1.382024999997157e-002	-7.006741e-002	-6.994247e-002
1.392264999997097e-002	-7.006741e-002	-6.994247e-002
1.402504999997036e-002	-7.006741e-002	-6.994247e-002
1.412744999996975e-002	-7.006741e-002	-6.994247e-002
1.422984999996914e-002	-7.006741e-002	-6.994247e-002
1.433224999996853e-002	-7.006741e-002	-6.994247e-002
1.443464999996793e-002	-7.006741e-002	-6.994247e-002
1.453704999996732e-002	-7.006741e-002	-6.994247e-002
1.463944999996671e-002	-7.006741e-002	-6.994247e-002
1.474184999996610e-002	-7.006741e-002	-6.994247e-002
1.484424999996549e-002	-7.006741e-002	-6.994247e-002
1.494664999996489e-002	-7.006741e-002	-6.994247e-002
1.504904999996428e-002	-7.006741e-002	-6.994247e-002
1.515144999996367e-002	-7.006741e-002	-6.994247e-002
1.525384999996306e-002	-7.006741e-002	-6.994247e-002
1.535624999996245e-002	-7.006741e-002	-6.994247e-002
1.545864999996184e-002	-7.006741e-002	-6.994247e-002
1.556104999996124e-002	-7.006741e-002	-6.994247e-002
1.566344999996063e-002	-7.006741e-002	-6.994247e-002
1.576584999996002e-002	-7.006741e-002	-6.994247e-002
1.586824999995941e-002	-7.006741e-002	-6.994247e-002
1.597064999995880e-002	-7.006741e-002	-6.994247e-002
1.607304999995820e-002	-7.006741e-002	-6.994247e-002
1.617544999995759e-002	-7.006741e-002	-6.994247e-002
1.627784999995698e-002	-7.006741e-002	-6.994247e-002
1.638024999995637e-002	-7.006741e-002	-6.994247e-002
1.648264999995576e-002	-7.006741e-002	-6.994247e-002
1.658504999995515e-002	-7.006741e-002	-6.994247e-002
1.668744999995455e-002	-7.006741e-002	-6.994247e-002
1.678984999995394e-002	-7.006741e-002	-6.994247e-002
1.689224999995333e-002	-7.006741e-002	-6.994247e-002
1.699464999995272e-002	-7.006741e-002	-6.994247e-002
1.709704999995211e-002	-7.006741e-002	-6.994247e-002
1.719944999995151e-002	-7.006741e-002	-6.994247e-002
1.730184999995090e-002	-7.006741e-002	-6.994247e-002
1.740424999995029e-002	-7.006741e-002	-6.994247e-002
1.750664999994968e-002	-7.006741e-002	-6.994247e-002
1.760904999994907e-002	-7.006741e-002	-6.994247e-002
1.771144999994847e-002	-7.006741e-002	-6.994247e-002
1.781384999994786e-002	-7.006741e-002	-6.994247e-002
1.791624999994725e-002	-7.006741e-002	-6.994247e-002
1.801864999994664e-002	-7.006741e-002	-6.994247e-002
1.812104999994603e-002	-7.006741e-002	-6.994247e-002
1.822344999994542e-002	-7.006741e-002	-6.994247e-002
1.832584999994482e-002	-7.006741e-002	-6.994247e-002
1.842824999994421e-002	-7.006741e-002	-6.994247e-002
1.853064999994360e-002	-7.006741e-002	-6.994247e-002
1.863304999994299e-002	-7.006741e-002	-6.994247e-002
1.873544999994238e-002	-7.006741e-002	-6.994247e-002
1.883784999994178e-002	-7.006741e-002	-6.994247e-002
1.894024999994117e-002	-7.006741e-002	-6.994247e-002
1.904264999994056e-002	-7.006741e-002	-6.994247e-002
1.914504999993995e-002	-7.006741e-002	-6.994247e-002
1.924744999993934e-002	-7.006741e-002	-6.994247e-002
1.934984999993874e-002	-7.006741e-002	-6.994247e-002
1.945224999993813e-002	-7.006741e-002	-6.994247e-002
1.955464999993752e-002	-7.006741e-002	-6.994247e-002
1.965704999993691e-002	-7.006741e-002	-6.994247e-002
1.975944999993630e-002	-7.006741e-002	-6.994247e-002
1.986184999993569e-002	-7.006741e-002	-6.994247e-002
1.996424999993509e-002	-7.006741e-002	-6.994247e-002
2.006664999993448e-002	-7.006741e-002	-6.994247e-002
2.016904999993387e-002	-7.006741e-002	-6.994247e-002
2.027144999993326e-002	-7.006741e-002	-6.994247e-002
2.037384999993265e-002	-7.006741e-002	-6.994247e-002
2.047624999993205e-002	-7.006741e-002	-6.994247e-002
2.057864999993144e-002	-7.006741e-002	-6.994247e-002
2.068104999993083e-002	-7.006741e-002	-6.994247e-002
2.078344999993022e-002	-7.006741e-002	-6.994247e-002
2.088584999992961e-002	-7.006741e-002	-6.994247e-002
2.098824999992901e-002	-7.006741e-002	-6.994247e-002
2.109064999992840e-002	-7.006741e-002	-6.994247e-002
2.119304999992779e-002	-7.006741e-002	-6.994247e-002
2.129544999992718e-002	-7.006741e-002	-6.994247e-002
2.139784999992657e-002	-7.006741e-002	-6.994247e-002
2.150024999992596e-002	-7.006741e-002	-6.994247e-002
2.160264999992536e-002	-7.006741e-002	-6.994247e-002
2.170504999992475e-002	-7.006741e-002	-6.994247e-002
2.180744999992414e-002	-7.006741e-002	-6.994247e-002
2.190984999992353e-002	-7.006741e-002	-6.994247e-002
2.201224999992292e-002	-7.006741e-002	-6.994247e-002
2.211464999992232e-002	-7.006741e-002	-6.994247e-002
2.221704999992171e-002	-7.006741e-002	-6.994247e-002
2.231944999992110e-002	-7.006741e-002	-6.994247e-002
2.242184999992049e-002	-7.006741e-002	-6.994247e-002
2.252424999991988e-002	-7.006741e-002	-6.994247e-002
2.262664999991928e-002	-7.006741e-002	-6.994247e-002
2.272904999991867e-002	-7.006741e-002	-6.994247e-002
2.283144999991806e-002	-7.006741e-002	-6.994247e-002
2.293384999991745e-002	-7.006741e-002	-6.994247e-002
2.303624999991684e-002	-7.006741e-002	-6.994247e-002
2.313864999991623e-002	-7.006741e-002	-6.994247e-002
2.324104999991563e-002	-7.006741e-002	-6.994247e-002
2.334344999991502e-002	-7.006741e-002	-6.994247e-002
2.344584999991441e-002	-7.006741e-002	-6.994247e-002
2.354824999991380e-002	-7.006741e-002	-6.994247e-002
2.365064999991319e-002	-7.006741e-002	-6.994247e-002
2.375304999991259e-002	-7.006741e-002	-6.994247e-002
2.385544999991198e-002	-7.006741e-002	-6.994247e-002
2.395784999991137e-002	-7.006741e-002	-6.994247e-002
2.406024999991076e-002	-7.006741e-002	-6.994247e-002
2.416264999991015e-002	-7.006741e-002	-6.994247e-002
2.426504999990954e-002	-7.006741e-002	-6.994247e-002
2.436744999990894e-002	-7.006741e-002	-6.994247e-002
2.446984999990833e-002	-7.006741e-002	-6.994247e-002
2.457224999990772e-002	-7.006741e-002	-6.994247e-002
2.467464999990711e-002	-7.006741e-002	-6.994247e-002
2.477704999990650e-002	-7.006741e-002	-6.994247e-002
2.487944999990590e-002	-7.006741e-002	-6.994247e-002
2.498184999990529e-002	-7.006741e-002	-6.994247e-002
2.500000000000000e-002	-7.006741e-002	-6.994247e-002
2.500001000000000e-002	-7.005596e-002	-6.995356e-002
2.500003000000000e-002	-7.003343e-002	-6.997633e-002
2.500007000000000e-002	-6.998837e-002	-7.002151e-002
2.500020000000000e-002	-6.984270e-002	-7.016706e-002
2.500055000000000e-002	-6.946351e-002	-7.054633e-002
2.500090000000000e-002	-6.909803e-002	-7.091186e-002
2.500125000000000e-002	-6.874625e-002	-7.126364e-002
2.500159999999999e-002	-6.840818e-002	-7.160168e-002
2.500194999999999e-002	-6.808380e-002	-7.192599e-002
2.500229999999999e-002	-6.777313e-002	-7.223655e-002
2.500264999999999e-002	-6.747615e-002	-7.253337e-002
2.500333571428570e-002	-6.693310e-002	-7.307647e-002
2.500402142857141e-002	-6.642484e-002	-7.358476e-002
2.500470714285712e-002	-6.595139e-002	-7.405824e-002
2.500539285714283e-002	-6.551273e-002	-7.449692e-002
2.500607857142854e-002	-6.510888e-002	-7.490078e-002
2.500676428571425e-002	-6.473982e-002	-7.526984e-002
2.500744999999996e-002	-6.440556e-002	-7.560408e-002
2.500853571428567e-002	-6.393263e-002	-7.607701e-002
2.500962142857138e-002	-6.350257e-002	-7.650707e-002
2.501070714285708e-002	-6.311538e-002	-7.689426e-002
2.501179285714279e-002	-6.277105e-002	-7.723859e-002
2.501287857142850e-002	-6.246959e-002	-7.754005e-002
2.501396428571421e-002	-6.221100e-002	-7.779865e-002
2.501504999999991e-002	-6.199527e-002	-7.801437e-002
2.501679285714276e-002	-6.170342e-002	-7.830626e-002
2.501853571428561e-002	-6.144751e-002	-7.856222e-002
2.502027857142845e-002	-6.122752e-002	-7.878223e-002
2.502202142857130e-002	-6.104346e-002	-7.896631e-002
2.502376428571415e-002	-6.089533e-002	-7.911444e-002
2.502550714285700e-002	-6.078313e-002	-7.922664e-002
2.502724999999984e-002	-6.070685e-002	-7.930291e-002
2.503074999999982e-002	-6.059133e-002	-7.941845e-002
2.503424999999980e-002	-6.049550e-002	-7.951428e-002
2.503774999999978e-002	-6.041936e-002	-7.959040e-002
2.504124999999976e-002	-6.036293e-002	-7.964682e-002
2.504474999999974e-002	-6.032619e-002	-7.968354e-002
2.504824999999972e-002	-6.030914e-002	-7.970055e-002
2.505174999999970e-002	-6.031179e-002	-7.969785e-002
2.508364999999951e-002	-6.027633e-002	-7.973337e-002
2.518604999999890e-002	-6.023556e-002	-7.977372e-002
2.520025000000000e-002	-6.022996e-002	-7.977924e-002
2.528814999999948e-002	-6.019545e-002	-7.981336e-002
2.532000000000000e-002	-6.018281e-002	-7.982564e-002
2.532001000000000e-002	-6.019413e-002	-7.981420e-002
2.532003000000000e-002	-6.021678e-002	-7.979155e-002
2.532080428571428e-002	-6.104123e-002	-7.896708e-002
2.532157857142856e-002	-6.180754e-002	-7.820078e-002
2.532235285714284e-002	-6.251570e-002	-7.749263e-002
2.532312714285713e-002	-6.316571e-002	-7.684263e-002
2.532390142857141e-002	-6.375758e-002	-7.625079e-002
2.532467571428569e-002	-6.429130e-002	-7.571710e-002
2.532544999999997e-002	-6.476688e-002	-7.524157e-002
2.532623571428568e-002	-6.521168e-002	-7.479678e-002
2.532702142857139e-002	-6.562473e-002	-7.438374e-002
2.532780714285710e-002	-6.600602e-002	-7.400244e-002
2.532859285714281e-002	-6.635556e-002	-7.365288e-002
2.532937857142852e-002	-6.667334e-002	-7.333507e-002
2.533016428571423e-002	-6.695938e-002	-7.304900e-002
2.533094999999994e-002	-6.721365e-002	-7.279468e-002
2.533173571428565e-002	-6.744812e-002	-7.256020e-002
2.533252142857136e-002	-6.766586e-002	-7.234246e-002
2.533330714285707e-002	-6.786687e-002	-7.214146e-002
2.533409285714277e-002	-6.805115e-002	-7.195719e-002
2.533487857142848e-002	-6.821870e-002	-7.178967e-002
2.533566428571419e-002	-6.836952e-002	-7.163888e-002
2.533644999999990e-002	-6.850362e-002	-7.150483e-002
2.533723571428561e-002	-6.862722e-002	-7.138120e-002
2.533802142857132e-002	-6.874199e-002	-7.126639e-002
2.533880714285703e-002	-6.884794e-002	-7.116041e-002
2.533959285714274e-002	-6.894506e-002	-7.106325e-002
2.534037857142845e-002	-6.903336e-002	-7.097492e-002
2.534116428571416e-002	-6.911283e-002	-7.089542e-002
2.534194999999987e-002	-6.918347e-002	-7.082474e-002
2.534273571428558e-002	-6.924866e-002	-7.075962e-002
2.534352142857129e-002	-6.930919e-002	-7.069913e-002
2.534430714285700e-002	-6.936506e-002	-7.064327e-002
2.534509285714271e-002	-6.941627e-002	-7.059205e-002
2.534587857142842e-002	-6.946282e-002	-7.054545e-002
2.534666428571413e-002	-6.950471e-002	-7.050349e-002
2.534744999999984e-002	-6.954193e-002	-7.046616e-002
2.534823571428555e-002	-6.957631e-002	-7.043183e-002
2.534902142857126e-002	-6.960823e-002	-7.039995e-002
2.534980714285697e-002	-6.963768e-002	-7.037052e-002
2.535059285714267e-002	-6.966467e-002	-7.034355e-002
2.535137857142839e-002	-6.968920e-002	-7.031902e-002
2.535216428571410e-002	-6.971127e-002	-7.029695e-002
2.535294999999981e-002	-6.973088e-002	-7.027733e-002
2.535373571428552e-002	-6.974903e-002	-7.025924e-002
2.535452142857123e-002	-6.976587e-002	-7.024244e-002
2.535530714285694e-002	-6.978141e-002	-7.022692e-002
2.535609285714264e-002	-6.979565e-002	-7.021268e-002
2.535687857142835e-002	-6.980858e-002	-7.019973e-002
2.535766428571406e-002	-6.982021e-002	-7.018806e-002
2.535844999999977e-002	-6.983054e-002	-7.017767e-002
2.535923571428548e-002	-6.984006e-002	-7.016808e-002
2.536002142857119e-002	-6.984891e-002	-7.015918e-002
2.536080714285690e-002	-6.985710e-002	-7.015099e-002
2.536159285714261e-002	-6.986461e-002	-7.014350e-002
2.536237857142832e-002	-6.987145e-002	-7.013671e-002
2.536316428571403e-002	-6.987761e-002	-7.013061e-002
2.536394999999974e-002	-6.988311e-002	-7.012522e-002
2.536473571428545e-002	-6.988811e-002	-7.012010e-002
2.536552142857116e-002	-6.989276e-002	-7.011537e-002
2.536630714285687e-002	-6.989706e-002	-7.011103e-002
2.536709285714258e-002	-6.990101e-002	-7.010708e-002
2.536787857142829e-002	-6.990461e-002	-7.010352e-002
2.536866428571400e-002	-6.990786e-002	-7.010035e-002
2.536944999999971e-002	-6.991076e-002	-7.009757e-002
2.537023571428542e-002	-6.991344e-002	-7.009488e-002
2.537102142857113e-002	-6.991591e-002	-7.009238e-002
2.537180714285684e-002	-6.991817e-002	-7.009007e-002
2.537259285714254e-002	-6.992023e-002	-7.008794e-002
2.537337857142825e-002	-6.992209e-002	-7.008600e-002
2.537416428571396e-002	-6.992374e-002	-7.008424e-002
2.537494999999967e-002	-6.992519e-002	-7.008266e-002
2.537574999999967e-002	-6.992660e-002	-7.008122e-002
2.537654999999967e-002	-6.992792e-002	-7.007990e-002
2.537734999999966e-002	-6.992914e-002	-7.007869e-002
2.537814999999966e-002	-6.993027e-002	-7.007760e-002
2.537894999999965e-002	-6.993130e-002	-7.007663e-002
2.537974999999965e-002	-6.993222e-002	-7.007577e-002
2.538054999999964e-002	-6.993306e-002	-7.007504e-002
2.538136428571392e-002	-6.993381e-002	-7.007431e-002
2.538217857142820e-002	-6.993451e-002	-7.007361e-002
2.538299285714248e-002	-6.993514e-002	-7.007296e-002
2.538380714285677e-002	-6.993572e-002	-7.007235e-002
2.538462142857105e-002	-6.993624e-002	-7.007178e-002
2.538543571428533e-002	-6.993671e-002	-7.007124e-002
2.538624999999961e-002	-6.993711e-002	-7.007074e-002
2.538680714285675e-002	-6.993741e-002	-7.007054e-002
2.538736428571389e-002	-6.993768e-002	-7.007033e-002
2.538792142857103e-002	-6.993794e-002	-7.007013e-002
2.538847857142816e-002	-6.993818e-002	-7.006993e-002
2.538903571428531e-002	-6.993840e-002	-7.006972e-002
2.538959285714244e-002	-6.993860e-002	-7.006952e-002
2.539014999999958e-002	-6.993878e-002	-7.006931e-002
2.539024999999958e-002	-6.993878e-002	-7.006931e-002
2.539112142857101e-002	-6.993904e-002	-7.006899e-002
2.539199285714243e-002	-6.993928e-002	-7.006871e-002
2.539286428571385e-002	-6.993951e-002	-7.006847e-002
2.539373571428528e-002	-6.993971e-002	-7.006826e-002
2.539460714285670e-002	-6.993990e-002	-7.006810e-002
2.539547857142812e-002	-6.994006e-002	-7.006797e-002
2.539634999999955e-002	-6.994021e-002	-7.006788e-002
2.539729285714240e-002	-6.994031e-002	-7.006772e-002
2.539823571428525e-002	-6.994041e-002	-7.006758e-002
2.539917857142810e-002	-6.994052e-002	-7.006746e-002
2.540012142857095e-002	-6.994062e-002	-7.006736e-002
2.540106428571380e-002	-6.994072e-002	-7.006727e-002
2.540200714285666e-002	-6.994082e-002	-7.006721e-002
2.540294999999951e-002	-6.994092e-002	-7.006717e-002
2.540406428571379e-002	-6.994090e-002	-7.006705e-002
2.540517857142807e-002	-6.994090e-002	-7.006695e-002
2.540629285714234e-002	-6.994091e-002	-7.006685e-002
2.540740714285663e-002	-6.994094e-002	-7.006677e-002
2.540852142857090e-002	-6.994100e-002	-7.006669e-002
2.540963571428518e-002	-6.994107e-002	-7.006663e-002
2.541074999999946e-002	-6.994116e-002	-7.006657e-002
2.541219285714231e-002	-6.994121e-002	-7.006660e-002
2.541363571428516e-002	-6.994125e-002	-7.006660e-002
2.541507857142801e-002	-6.994127e-002	-7.006659e-002
2.541652142857086e-002	-6.994129e-002	-7.006655e-002
2.541796428571370e-002	-6.994130e-002	-7.006650e-002
2.541940714285655e-002	-6.994129e-002	-7.006643e-002
2.542084999999940e-002	-6.994128e-002	-7.006633e-002
2.542306428571367e-002	-6.994133e-002	-7.006633e-002
2.542527857142795e-002	-6.994136e-002	-7.006633e-002
2.542749285714222e-002	-6.994139e-002	-7.006633e-002
2.542970714285649e-002	-6.994141e-002	-7.006633e-002
2.543192142857077e-002	-6.994142e-002	-7.006633e-002
2.543413571428504e-002	-6.994141e-002	-7.006633e-002
2.543634999999931e-002	-6.994140e-002	-7.006633e-002
2.544169285714213e-002	-6.994137e-002	-7.006630e-002
2.544703571428496e-002	-6.994133e-002	-7.006626e-002
2.545237857142779e-002	-6.994130e-002	-7.006623e-002
2.545772142857061e-002	-6.994127e-002	-7.006620e-002
2.546306428571344e-002	-6.994123e-002	-7.006616e-002
2.546840714285626e-002	-6.994120e-002	-7.006613e-002
2.547374999999909e-002	-6.994116e-002	-7.006609e-002
2.549264999999898e-002	-6.994116e-002	-7.006609e-002
2.559504999999837e-002	-6.994081e-002	-7.006574e-002
2.569744999999776e-002	-6.994045e-002	-7.006538e-002
2.579984999999715e-002	-6.994021e-002	-7.006514e-002
2.590224999999654e-002	-6.993985e-002	-7.006478e-002
2.600464999999593e-002	-6.993961e-002	-7.006454e-002
2.610704999999533e-002	-6.993926e-002	-7.006419e-002
2.620944999999472e-002	-6.993902e-002	-7.006395e-002
2.631184999999411e-002	-6.993878e-002	-7.006371e-002
2.641424999999350e-002	-6.993854e-002	-7.006347e-002
2.651664999999289e-002	-6.993830e-002	-7.006323e-002
2.661904999999229e-002	-6.993806e-002	-7.006299e-002
2.672144999999168e-002	-6.993783e-002	-7.006276e-002
2.682384999999107e-002	-6.993759e-002	-7.006252e-002
2.692624999999046e-002	-6.993747e-002	-7.006240e-002
2.702864999998985e-002	-6.993723e-002	-7.006216e-002
2.713104999998925e-002	-6.993711e-002	-7.006204e-002
2.723344999998864e-002	-6.993687e-002	-7.006180e-002
2.733584999998803e-002	-6.993675e-002	-7.006168e-002
2.743824999998742e-002	-6.993651e-002	-7.006145e-002
2.754064999998681e-002	-6.993639e-002	-7.006133e-002
2.764304999998620e-002	-6.993628e-002	-7.006121e-002
2.774544999998560e-002	-6.993616e-002	-7.006109e-002
2.784784999998499e-002	-6.993592e-002	-7.006085e-002
2.795024999998438e-002	-6.993580e-002	-7.006073e-002
2.805264999998377e-002	-6.993568e-002	-7.006061e-002
2.815504999998316e-002	-6.993556e-002	-7.006049e-002
2.825744999998256e-002	-6.993544e-002	-7.006037e-002
2.835984999998195e-002	-6.993532e-002	-7.006025e-002
2.846224999998134e-002	-6.993532e-002	-7.006025e-002
2.856464999998073e-002	-6.993520e-002	-7.006013e-002
2.866704999998012e-002	-6.993508e-002	-7.006001e-002
2.876944999997952e-002	-6.993496e-002	-7.005990e-002
2.887184999997891e-002	-6.993484e-002	-7.005978e-002
2.897424999997830e-002	-6.993484e-002	-7.005978e-002
2.907664999997769e-002	-6.993473e-002	-7.005966e-002
2.917904999997708e-002	-6.993461e-002	-7.005954e-002
2.928144999997647e-002	-6.993461e-002	-7.005954e-002
2.938384999997587e-002	-6.993449e-002	-7.005942e-002
2.948624999997526e-002	-6.993449e-002	-7.005942e-002
2.958864999997465e-002	-6.993437e-002	-7.005930e-002
2.969104999997404e-002	-6.993437e-002	-7.005930e-002
2.979344999997343e-002	-6.993425e-002	-7.005918e-002
2.989584999997283e-002	-6.993425e-002	-7.005918e-002
2.999824999997222e-002	-6.993413e-002	-7.005906e-002
3.010064999997161e-002	-6.993413e-002	-7.005906e-002
3.020304999997100e-002	-6.993401e-002	-7.005894e-002
3.030544999997039e-002	-6.993401e-002	-7.005894e-002
3.040784999996979e-002	-6.993389e-002	-7.005882e-002
3.051024999996918e-002	-6.993389e-002	-7.005882e-002
3.061264999996857e-002	-6.993389e-002	-7.005882e-002
3.071504999996796e-002	-6.993377e-002	-7.005870e-002
3.081744999996735e-002	-6.993377e-002	-7.005870e-002
3.091984999996674e-002	-6.993377e-002	-7.005870e-002
3.102224999996614e-002	-6.993365e-002	-7.005858e-002
3.112464999996553e-002	-6.993365e-002	-7.005858e-002
3.122704999996492e-002	-6.993365e-002	-7.005858e-002
3.132944999996707e-002	-6.993365e-002	-7.005858e-002
3.143184999997001e-002	-6.993353e-002	-7.005847e-002
3.153424999997296e-002	-6.993353e-002	-7.005847e-002
3.163664999997590e-002	-6.993353e-002	-7.005847e-002
3.173904999997885e-002	-6.993353e-002	-7.005847e-002
3.184144999998179e-002	-6.993341e-002	-7.005835e-002
3.194384999998474e-002	-6.993341e-002	-7.005835e-002
3.204624999998768e-002	-6.993341e-002	-7.005835e-002
3.214864999999063e-002	-6.993341e-002	-7.005835e-002
3.225104999999357e-002	-6.993341e-002	-7.005835e-002
3.235344999999652e-002	-6.993330e-002	-7.005823e-002
3.245584999999946e-002	-6.993330e-002	-7.005823e-002
3.255825000000241e-002	-6.993330e-002	-7.005823e-002
3.266065000000535e-002	-6.993330e-002	-7.005823e-002
3.276305000000829e-002	-6.993330e-002	-7.005823e-002
3.286545000001124e-002	-6.993330e-002	-7.005823e-002
3.296785000001418e-002	-6.993330e-002	-7.005823e-002
3.307025000001713e-002	-6.993318e-002	-7.005811e-002
3.317265000002007e-002	-6.993318e-002	-7.005811e-002
3.327505000002302e-002	-6.993318e-002	-7.005811e-002
3.337745000002596e-002	-6.993318e-002	-7.005811e-002
3.347985000002891e-002	-6.993318e-002	-7.005811e-002
3.358225000003185e-002	-6.993318e-002	-7.005811e-002
3.368465000003480e-002	-6.993318e-002	-7.005811e-002
3.378705000003774e-002	-6.993318e-002	-7.005811e-002
3.388945000004068e-002	-6.993318e-002	-7.005811e-002
3.399185000004363e-002	-6.993306e-002	-7.005799e-002
3.409425000004657e-002	-6.993306e-002	-7.005799e-002
3.419665000004952e-002	-6.993306e-002	-7.005799e-002
3.429905000005246e-002	-6.993306e-002	-7.005799e-002
3.440145000005541e-002	-6.993306e-002	-7.005799e-002
3.450385000005835e-002	-6.993306e-002	-7.005799e-002
3.460625000006130e-002	-6.993306e-002	-7.005799e-002
3.470865000006424e-002	-6.993306e-002	-7.005799e-002
3.481105000006719e-002	-6.993306e-002	-7.005799e-002
3.491345000007013e-002	-6.993306e-002	-7.005799e-002
3.501585000007308e-002	-6.993306e-002	-7.005799e-002
3.511825000007602e-002	-6.993306e-002	-7.005799e-002
3.522065000007896e-002	-6.993306e-002	-7.005799e-002
3.532305000008191e-002	-6.993306e-002	-7.005799e-002
3.542545000008485e-002	-6.993306e-002	-7.005799e-002
3.552785000008780e-002	-6.993306e-002	-7.005799e-002
3.563025000009074e-002	-6.993294e-002	-7.005787e-002
3.573265000009369e-002	-6.993294e-002	-7.005787e-002
3.583505000009663e-002	-6.993294e-002	-7.005787e-002
3.593745000009958e-002	-6.993294e-002	-7.005787e-002
3.603985000010252e-002	-6.993294e-002	-7.005787e-002
3.614225000010547e-002	-6.993294e-002	-7.005787e-002
3.624465000010841e-002	-6.993294e-002	-7.005787e-002
3.634705000011135e-002	-6.993294e-002	-7.005787e-002
3.644945000011430e-002	-6.993294e-002	-7.005787e-002
3.655185000011724e-002	-6.993294e-002	-7.005787e-002
3.665425000012019e-002	-6.993294e-002	-7.005787e-002
3.675665000012313e-002	-6.993294e-002	-7.005787e-002
3.685905000012608e-002	-6.993294e-002	-7.005787e-002
3.696145000012902e-002	-6.993294e-002	-7.005787e-002
3.706385000013197e-002	-6.993294e-002	-7.005787e-002
3.716625000013491e-002	-6.993294e-002	-7.005787e-002
3.726865000013786e-002	-6.993294e-002	-7.005787e-002
3.737105000014080e-002	-6.993294e-002	-7.005787e-002
3.747345000014375e-002	-6.993294e-002	-7.005787e-002
3.757585000014669e-002	-6.993294e-002	-7.005787e-002
3.767825000014963e-002	-6.993294e-002	-7.005787e-002
3.778065000015258e-002	-6.993294e-002	-7.005787e-002
3.788305000015552e-002	-6.993294e-002	-7.005787e-002
3.798545000015847e-002	-6.993294e-002	-7.005787e-002
3.808785000016141e-002	-6.993294e-002	-7.005787e-002
3.819025000016436e-002	-6.993294e-002	-7.005787e-002
3.829265000016730e-002	-6.993294e-002	-7.005787e-002
3.839505000017025e-002	-6.993294e-002	-7.005787e-002
3.849745000017319e-002	-6.993294e-002	-7.005787e-002
3.859985000017614e-002	-6.993294e-002	-7.005787e-002
3.870225000017908e-002	-6.993294e-002	-7.005787e-002
3.880465000018202e-002	-6.993294e-002	-7.005787e-002
3.890705000018497e-002	-6.993294e-002	-7.005787e-002
3.900945000018791e-002	-6.993294e-002	-7.005787e-002
3.911185000019086e-002	-6.993294e-002	-7.005787e-002
3.921425000019380e-002	-6.993294e-002	-7.005787e-002
3.931665000019675e-002	-6.993294e-002	-7.005787e-002
3.941905000019969e-002	-6.993294e-002	-7.005787e-002
3.952145000020264e-002	-6.993294e-002	-7.005787e-002
3.962385000020558e-002	-6.993294e-002	-7.005787e-002
3.972625000020853e-002	-6.993294e-002	-7.005787e-002
3.982865000021147e-002	-6.993294e-002	-7.005787e-002
3.993105000021441e-002	-6.993294e-002	-7.005787e-002
4.003345000021736e-002	-6.993294e-002	-7.005787e-002
4.013585000022030e-002	-6.993294e-002	-7.005787e-002
4.023825000022325e-002	-6.993294e-002	-7.005787e-002
4.034065000022619e-002	-6.993294e-002	-7.005787e-002
4.044305000022914e-002	-6.993294e-002	-7.005787e-002
4.054545000023208e-002	-6.993294e-002	-7.005787e-002
4.064785000023503e-002	-6.993294e-002	-7.005787e-002
4.075025000023797e-002	-6.993294e-002	-7.005787e-002
4.085265000024092e-002	-6.993294e-002	-7.005787e-002
4.095505000024386e-002	-6.993294e-002	-7.005787e-002
4.105745000024681e-002	-6.993294e-002	-7.005787e-002
4.115985000024975e-002	-6.993294e-002	-7.005787e-002
4.126225000025269e-002	-6.993294e-002	-7.005787e-002
4.136465000025564e-002	-6.993294e-002	-7.005787e-002
4.146705000025858e-002	-6.993294e-002	-7.005787e-002
4.156945000026153e-002	-6.993294e-002	-7.005787e-002
4.167185000026447e-002	-6.993294e-002	-7.005787e-002
4.177425000026742e-002	-6.993294e-002	-7.005787e-002
4.187665000027036e-002	-6.993294e-002	-7.005787e-002
4.197905000027331e-002	-6.993294e-002	-7.005787e-002
4.208145000027625e-002	-6.993294e-002	-7.005787e-002
4.218385000027920e-002	-6.993294e-002	-7.005787e-002
4.228625000028214e-002	-6.993294e-002	-7.005787e-002
4.238865000028508e-002	-6.993294e-002	-7.005787e-002
4.249105000028803e-002	-6.993294e-002	-7.005787e-002
4.259345000029097e-002	-6.993294e-002	-7.005787e-002
4.269585000029392e-002	-6.993294e-002	-7.005787e-002
4.279825000029686e-002	-6.993294e-002	-7.005787e-002
4.290065000029981e-002	-6.993294e-002	-7.005787e-002
4.300305000030275e-002	-6.993294e-002	-7.005787e-002
4.310545000030570e-002	-6.993294e-002	-7.005787e-002
4.320785000030864e-002	-6.993294e-002	-7.005787e-002
4.331025000031159e-002	-6.993294e-002	-7.005787e-002
4.341265000031453e-002	-6.993294e-002	-7.005787e-002
4.351505000031748e-002	-6.993294e-002	-7.005787e-002
4.361745000032042e-002	-6.993294e-002	-7.005787e-002
4.371985000032336e-002	-6.993294e-002	-7.005787e-002
4.382225000032631e-002	-6.993294e-002	-7.005787e-002
4.392465000032925e-002	-6.993294e-002	-7.005787e-002
4.402705000033220e-002	-6.993294e-002	-7.005787e-002
4.412945000033514e-002	-6.993294e-002	-7.005787e-002
4.423185000033809e-002	-6.993294e-002	-7.005787e-002
4.433425000034103e-002	-6.993294e-002	-7.005787e-002
4.443665000034398e-002	-6.993294e-002	-7.005787e-002
4.453905000034692e-002	-6.993294e-002	-7.005787e-002
4.464145000034987e-002	-6.993294e-002	-7.005787e-002
4.474385000035281e-002	-6.993294e-002	-7.005787e-002
4.484625000035575e-002	-6.993294e-002	-7.005787e-002
4.494865000035870e-002	-6.993294e-002	-7.005787e-002
4.500000000000000e-002	-6.993294e-002	-7.005787e-002
4.500001000000000e-002	-6.994426e-002	-7.004666e-002
4.500003000000000e-002	-6.996691e-002	-7.002389e-002
4.500007000000000e-002	-7.001209e-002	-6.997871e-002
4.500010000000000e-002	-7.004595e-002	-6.994498e-002
4.500041714285715e-002	-7.039441e-002	-6.959646e-002
4.500073428571431e-002	-7.073135e-002	-6.925948e-002
4.500105142857146e-002	-7.105676e-002	-6.893404e-002
4.500136857142861e-002	-7.137066e-002	-6.862015e-002
4.500168571428576e-002	-7.167303e-002	-6.831780e-002
4.500200285714291e-002	-7.196388e-002	-6.802698e-002
4.500232000000006e-002	-7.224321e-002	-6.774771e-002
4.500297714285723e-002	-7.278542e-002	-6.720545e-002
4.500363428571438e-002	-7.329405e-002	-6.669678e-002
4.500429142857155e-002	-7.376910e-002	-6.622171e-002
4.500494857142871e-002	-7.421059e-002	-6.578022e-002
4.500560571428587e-002	-7.461850e-002	-6.537233e-002
4.500626285714303e-002	-7.499283e-002	-6.499804e-002
4.500692000000019e-002	-7.533360e-002	-6.465733e-002
4.500796285714308e-002	-7.581892e-002	-6.417203e-002
4.500900571428597e-002	-7.626149e-002	-6.372946e-002
4.501004857142885e-002	-7.666130e-002	-6.332964e-002
4.501109142857174e-002	-7.701835e-002	-6.297256e-002
4.501213428571463e-002	-7.733264e-002	-6.265822e-002
4.501317714285752e-002	-7.760417e-002	-6.238661e-002
4.501422000000040e-002	-7.783294e-002	-6.215775e-002
4.501587714285760e-002	-7.814153e-002	-6.184921e-002
4.501753428571478e-002	-7.841324e-002	-6.157753e-002
4.501919142857198e-002	-7.864809e-002	-6.134271e-002
4.502084857142916e-002	-7.884606e-002	-6.114475e-002
4.502250571428636e-002	-7.900716e-002	-6.098366e-002
4.502416285714354e-002	-7.913139e-002	-6.085943e-002
4.502582000000074e-002	-7.921875e-002	-6.077206e-002
4.502902000000083e-002	-7.934787e-002	-6.064287e-002
4.503222000000092e-002	-7.945568e-002	-6.053501e-002
4.503542000000101e-002	-7.954219e-002	-6.044850e-002
4.503862000000111e-002	-7.960738e-002	-6.038332e-002
4.504182000000120e-002	-7.965126e-002	-6.033949e-002
4.504502000000129e-002	-7.967382e-002	-6.031700e-002
4.504822000000138e-002	-7.967508e-002	-6.031585e-002
4.505042000000144e-002	-7.968390e-002	-6.030679e-002
4.510000000000000e-002	-7.973087e-002	-6.026006e-002
4.515255000000151e-002	-7.975155e-002	-6.023953e-002
4.516000000000000e-002	-7.975447e-002	-6.023664e-002
4.516001000000000e-002	-7.974315e-002	-6.024796e-002
4.516003000000000e-002	-7.972051e-002	-6.027059e-002
4.516080428571431e-002	-7.889606e-002	-6.109505e-002
4.516157857142862e-002	-7.812975e-002	-6.186136e-002
4.516235285714293e-002	-7.742159e-002	-6.256952e-002
4.516312714285723e-002	-7.677158e-002	-6.321954e-002
4.516390142857154e-002	-7.617972e-002	-6.381141e-002
4.516467571428585e-002	-7.564600e-002	-6.434513e-002
4.516545000000016e-002	-7.517043e-002	-6.482071e-002
4.516623571428589e-002	-7.472567e-002	-6.526547e-002
4.516702142857163e-002	-7.431265e-002	-6.567849e-002
4.516780714285737e-002	-7.393136e-002	-6.605977e-002
4.516859285714310e-002	-7.358182e-002	-6.640932e-002
4.516937857142884e-002	-7.326401e-002	-6.672713e-002
4.517016428571458e-002	-7.297795e-002	-6.701320e-002
4.517095000000031e-002	-7.272362e-002	-6.726753e-002
4.517173571428605e-002	-7.248916e-002	-6.750200e-002
4.517252142857179e-002	-7.227143e-002	-6.771973e-002
4.517330714285753e-002	-7.207043e-002	-6.792074e-002
4.517409285714326e-002	-7.188616e-002	-6.810501e-002
4.517487857142900e-002	-7.171862e-002	-6.827255e-002
4.517566428571473e-002	-7.156781e-002	-6.842336e-002
4.517645000000047e-002	-7.143374e-002	-6.855744e-002
4.517723571428621e-002	-7.131014e-002	-6.868104e-002
4.517802142857195e-002	-7.119535e-002	-6.879583e-002
4.517880714285769e-002	-7.108939e-002	-6.890179e-002
4.517959285714342e-002	-7.099225e-002	-6.899893e-002
4.518037857142915e-002	-7.090393e-002	-6.908726e-002
4.518116428571489e-002	-7.082443e-002	-6.916676e-002
4.518195000000063e-002	-7.075375e-002	-6.923744e-002
4.518273571428637e-002	-7.068859e-002	-6.930261e-002
4.518352142857211e-002	-7.062808e-002	-6.936312e-002
4.518430714285784e-002	-7.057223e-002	-6.941898e-002
4.518509285714357e-002	-7.052102e-002	-6.947019e-002
4.518587857142931e-002	-7.047446e-002	-6.951676e-002
4.518666428571505e-002	-7.043254e-002	-6.955867e-002
4.518745000000079e-002	-7.039528e-002	-6.959593e-002
4.518823571428653e-002	-7.036093e-002	-6.963028e-002
4.518902142857226e-002	-7.032904e-002	-6.966218e-002
4.518980714285800e-002	-7.029959e-002	-6.969163e-002
4.519059285714373e-002	-7.027260e-002	-6.971863e-002
4.519137857142947e-002	-7.024805e-002	-6.974318e-002
4.519216428571521e-002	-7.022596e-002	-6.976527e-002
4.519295000000095e-002	-7.020632e-002	-6.978492e-002
4.519373571428668e-002	-7.018821e-002	-6.980303e-002
4.519452142857242e-002	-7.017140e-002	-6.981985e-002
4.519530714285816e-002	-7.015588e-002	-6.983538e-002
4.519609285714389e-002	-7.014164e-002	-6.984961e-002
4.519687857142963e-002	-7.012871e-002	-6.986255e-002
4.519766428571537e-002	-7.011706e-002	-6.987420e-002
4.519845000000110e-002	-7.010670e-002	-6.988455e-002
4.519923571428684e-002	-7.009716e-002	-6.989410e-002
4.520002142857258e-002	-7.008829e-002	-6.990297e-002
4.520080714285832e-002	-7.008011e-002	-6.991115e-002
4.520159285714405e-002	-7.007261e-002	-6.991866e-002
4.520237857142979e-002	-7.006579e-002	-6.992548e-002
4.520316428571553e-002	-7.005965e-002	-6.993162e-002
4.520395000000126e-002	-7.005420e-002	-6.993709e-002
4.520473571428700e-002	-7.004916e-002	-6.994212e-002
4.520552142857274e-002	-7.004449e-002	-6.994679e-002
4.520630714285848e-002	-7.004018e-002	-6.995111e-002
4.520709285714421e-002	-7.003622e-002	-6.995506e-002
4.520787857142995e-002	-7.003263e-002	-6.995866e-002
4.520866428571568e-002	-7.002939e-002	-6.996190e-002
4.520945000000142e-002	-7.002652e-002	-6.996478e-002
4.521023571428716e-002	-7.002387e-002	-6.996744e-002
4.521102142857290e-002	-7.002141e-002	-6.996990e-002
4.521180714285863e-002	-7.001913e-002	-6.997218e-002
4.521259285714437e-002	-7.001705e-002	-6.997426e-002
4.521337857143010e-002	-7.001515e-002	-6.997616e-002
4.521416428571584e-002	-7.001345e-002	-6.997787e-002
4.521495000000158e-002	-7.001193e-002	-6.997938e-002
4.521575000000160e-002	-7.001051e-002	-6.998081e-002
4.521655000000163e-002	-7.000919e-002	-6.998213e-002
4.521735000000165e-002	-7.000798e-002	-6.998335e-002
4.521815000000167e-002	-7.000687e-002	-6.998446e-002
4.521895000000169e-002	-7.000586e-002	-6.998548e-002
4.521975000000172e-002	-7.000495e-002	-6.998639e-002
4.522055000000174e-002	-7.000415e-002	-6.998719e-002
4.522136428571605e-002	-7.000340e-002	-6.998794e-002
4.522217857143036e-002	-7.000270e-002	-6.998864e-002
4.522299285714466e-002	-7.000206e-002	-6.998929e-002
4.522380714285898e-002	-7.000147e-002	-6.998987e-002
4.522462142857329e-002	-7.000094e-002	-6.999041e-002
4.522543571428760e-002	-7.000047e-002	-6.999089e-002
4.522625000000190e-002	-7.000005e-002	-6.999131e-002
4.522709285714478e-002	-6.999965e-002	-6.999171e-002
4.522793571428767e-002	-6.999928e-002	-6.999209e-002
4.522877857143055e-002	-6.999894e-002	-6.999243e-002
4.522962142857343e-002	-6.999863e-002	-6.999274e-002
4.523046428571631e-002	-6.999836e-002	-6.999302e-002
4.523130714285920e-002	-6.999811e-002	-6.999327e-002
4.523215000000207e-002	-6.999789e-002	-6.999350e-002
4.523303571428781e-002	-6.999768e-002	-6.999371e-002
4.523392142857356e-002	-6.999749e-002	-6.999390e-002
4.523480714285930e-002	-6.999731e-002	-6.999408e-002
4.523569285714503e-002	-6.999715e-002	-6.999424e-002
4.523657857143077e-002	-6.999700e-002	-6.999439e-002
4.523746428571651e-002	-6.999688e-002	-6.999452e-002
4.523835000000225e-002	-6.999677e-002	-6.999463e-002
4.523933571428800e-002	-6.999666e-002	-6.999475e-002
4.524032142857374e-002	-6.999656e-002	-6.999485e-002
4.524130714285948e-002	-6.999647e-002	-6.999495e-002
4.524229285714522e-002	-6.999638e-002	-6.999504e-002
4.524327857143096e-002	-6.999631e-002	-6.999511e-002
4.524426428571671e-002	-6.999625e-002	-6.999518e-002
4.524525000000245e-002	-6.999619e-002	-6.999524e-002
4.524643571428820e-002	-6.999614e-002	-6.999530e-002
4.524762142857395e-002	-6.999609e-002	-6.999536e-002
4.524880714285970e-002	-6.999604e-002	-6.999541e-002
4.524999285714544e-002	-6.999600e-002	-6.999545e-002
4.525117857143119e-002	-6.999596e-002	-6.999549e-002
4.525236428571694e-002	-6.999594e-002	-6.999552e-002
4.525355000000269e-002	-6.999591e-002	-6.999555e-002
4.525465000000272e-002	-6.999589e-002	-6.999557e-002
4.525633571428848e-002	-6.999587e-002	-6.999560e-002
4.525802142857425e-002	-6.999585e-002	-6.999563e-002
4.525970714286001e-002	-6.999583e-002	-6.999566e-002
4.526139285714577e-002	-6.999582e-002	-6.999568e-002
4.526307857143153e-002	-6.999581e-002	-6.999569e-002
4.526476428571730e-002	-6.999580e-002	-6.999570e-002
4.526645000000306e-002	-6.999579e-002	-6.999571e-002
4.526936428571743e-002	-6.999579e-002	-6.999573e-002
4.527227857143180e-002	-6.999579e-002	-6.999575e-002
4.527519285714617e-002	-6.999579e-002	-6.999576e-002
4.527810714286054e-002	-6.999579e-002	-6.999577e-002
4.528102142857491e-002	-6.999579e-002	-6.999578e-002
4.528393571428928e-002	-6.999579e-002	-6.999578e-002
4.528685000000365e-002	-6.999579e-002	-6.999579e-002
4.529686428571822e-002	-6.999581e-002	-6.999581e-002
4.530687857143279e-002	-6.999583e-002	-6.999583e-002
4.531689285714736e-002	-6.999585e-002	-6.999585e-002
4.532690714286194e-002	-6.999587e-002	-6.999587e-002
4.533692142857652e-002	-6.999588e-002	-6.999588e-002
4.534693571429109e-002	-6.999590e-002	-6.999590e-002
4.535695000000566e-002	-6.999592e-002	-6.999592e-002
4.535705000000567e-002	-6.999592e-002	-6.999592e-002
4.545945000000861e-002	-6.999610e-002	-6.999610e-002
4.556185000001155e-002	-6.999627e-002	-6.999627e-002
4.566425000001450e-002	-6.999643e-002	-6.999643e-002
4.576665000001744e-002	-6.999659e-002	-6.999659e-002
4.586905000002039e-002	-6.999674e-002	-6.999674e-002
4.597145000002333e-002	-6.999688e-002	-6.999688e-002
4.607385000002628e-002	-6.999701e-002	-6.999701e-002
4.617625000002922e-002	-6.999715e-002	-6.999715e-002
4.627865000003217e-002	-6.999727e-002	-6.999727e-002
4.638105000003511e-002	-6.999739e-002	-6.999739e-002
4.648345000003806e-002	-6.999751e-002	-6.999751e-002
4.658585000004100e-002	-6.999762e-002	-6.999762e-002
4.668825000004395e-002	-6.999773e-002	-6.999773e-002
4.679065000004689e-002	-6.999782e-002	-6.999782e-002
4.689305000004983e-002	-6.999793e-002	-6.999793e-002
4.699545000005278e-002	-6.999802e-002	-6.999802e-002
4.709785000005572e-002	-6.999811e-002	-6.999811e-002
4.720025000005867e-002	-6.999820e-002	-6.999820e-002
4.730265000006161e-002	-6.999828e-002	-6.999828e-002
4.740505000006456e-002	-6.999835e-002	-6.999835e-002
4.750745000006750e-002	-6.999844e-002	-6.999844e-002
4.760985000007045e-002	-6.999850e-002	-6.999850e-002
4.771225000007339e-002	-6.999857e-002	-6.999857e-002
4.781465000007634e-002	-6.999864e-002	-6.999864e-002
4.791705000007928e-002	-6.999870e-002	-6.999870e-002
4.801945000008222e-002	-6.999876e-002	-6.999876e-002
4.812185000008517e-002	-6.999882e-002	-6.999882e-002
4.822425000008811e-002	-6.999888e-002	-6.999888e-002
4.832665000009106e-002	-6.999893e-002	-6.999893e-002
4.842905000009400e-002	-6.999899e-002	-6.999899e-002
4.853145000009695e-002	-6.999904e-002	-6.999904e-002
4.863385000009989e-002	-6.999908e-002	-6.999908e-002
4.873625000010284e-002	-6.999913e-002	-6.999913e-002
4.883865000010578e-002	-6.999917e-002	-6.999917e-002
4.894105000010873e-002	-6.999921e-002	-6.999921e-002
4.904345000011167e-002	-6.999925e-002	-6.999925e-002
4.914585000011462e-002	-6.999929e-002	-6.999929e-002
4.924825000011756e-002	-6.999933e-002	-6.999933e-002
4.935065000012050e-002	-6.999937e-002	-6.999937e-002
4.945305000012345e-002	-6.999940e-002	-6.999940e-002
4.955545000012639e-002	-6.999943e-002	-6.999943e-002
4.965785000012934e-002	-6.999946e-002	-6.999946e-002
4.976025000013228e-002	-6.999949e-002	-6.999949e-002
4.986265000013523e-002	-6.999952e-002	-6.999952e-002
4.996505000013817e-002	-6.999955e-002	-6.999955e-002
4.999995000013918e-002	-6.999955e-002	-6.999955e-002
5.000000000000000e-002	-6.999955e-002	-6.999955e-002
