time	V(N008,N005)	V(N009,N004)
0.000000000000000e+000	-7.000000e-002	-7.000000e-002
1.006310719994779e-004	-7.000001e-002	-7.000001e-002
2.030310719994804e-004	-7.000002e-002	-7.000002e-002
3.054310719994828e-004	-7.000002e-002	-7.000002e-002
4.078310719994853e-004	-7.000003e-002	-7.000003e-002
5.102310719994759e-004	-7.000004e-002	-7.000004e-002
6.126310719994229e-004	-7.000005e-002	-7.000005e-002
7.150310719993699e-004	-7.000005e-002	-7.000005e-002
8.174310719993169e-004	-7.000006e-002	-7.000006e-002
9.198310719992638e-004	-7.000007e-002	-7.000007e-002
1.022231071999260e-003	-7.000007e-002	-7.000007e-002
1.124631071999318e-003	-7.000008e-002	-7.000008e-002
1.227031071999376e-003	-7.000009e-002	-7.000009e-002
1.329431071999434e-003	-7.000010e-002	-7.000010e-002
1.431831071999492e-003	-7.000010e-002	-7.000010e-002
1.534231071999550e-003	-7.000011e-002	-7.000011e-002
1.636631071999608e-003	-7.000012e-002	-7.000012e-002
1.739031071999666e-003	-7.000013e-002	-7.000013e-002
1.841431071999724e-003	-7.000013e-002	-7.000013e-002
1.943831071999782e-003	-7.000013e-002	-7.000013e-002
2.046231071999638e-003	-7.000013e-002	-7.000013e-002
2.148631071999474e-003	-7.000013e-002	-7.000013e-002
2.251031071999310e-003	-7.000013e-002	-7.000013e-002
2.353431071999146e-003	-7.000013e-002	-7.000013e-002
2.455831071998982e-003	-7.000013e-002	-7.000013e-002
2.558231071998818e-003	-7.000013e-002	-7.000013e-002
2.660631071998654e-003	-7.000013e-002	-7.000013e-002
2.763031071998490e-003	-7.000013e-002	-7.000013e-002
2.865431071998326e-003	-7.000013e-002	-7.000013e-002
2.967831071998162e-003	-7.000013e-002	-7.000013e-002
3.070231071997998e-003	-7.000013e-002	-7.000013e-002
3.172631071997834e-003	-7.000013e-002	-7.000013e-002
3.275031071997670e-003	-7.000013e-002	-7.000013e-002
3.377431071997506e-003	-7.000013e-002	-7.000013e-002
3.479831071997342e-003	-7.000013e-002	-7.000013e-002
3.582231071997178e-003	-7.000013e-002	-7.000013e-002
3.684631071997014e-003	-7.000013e-002	-7.000013e-002
3.787031071996850e-003	-7.000013e-002	-7.000013e-002
3.889431071996686e-003	-7.000013e-002	-7.000013e-002
3.991831071996892e-003	-7.000013e-002	-7.000013e-002
4.094231071997172e-003	-7.000013e-002	-7.000013e-002
4.196631071997452e-003	-7.000013e-002	-7.000013e-002
4.299031071997733e-003	-7.000013e-002	-7.000013e-002
4.401431071998013e-003	-7.000013e-002	-7.000013e-002
4.503831071998293e-003	-7.000013e-002	-7.000013e-002
4.606231071998573e-003	-7.000013e-002	-7.000013e-002
4.708631071998853e-003	-7.000013e-002	-7.000013e-002
4.811031071999133e-003	-7.000013e-002	-7.000013e-002
4.913431071999413e-003	-7.000013e-002	-7.000013e-002
5.000000000000000e-003	-7.000013e-002	-7.000013e-002
5.000000157877729e-003	-7.000029e-002	-6.999997e-002
5.000000473633188e-003	-7.000064e-002	-6.999962e-002
5.000014691685590e-003	-7.001676e-002	-6.998349e-002
5.000028909737991e-003	-7.003287e-002	-6.996738e-002
5.000043127790393e-003	-7.004895e-002	-6.995129e-002
5.000057345842795e-003	-7.006502e-002	-6.993523e-002
5.000071563895197e-003	-7.008106e-002	-6.991919e-002
5.000085781947598e-003	-7.009708e-002	-6.990318e-002
5.000100000000000e-003	-7.011308e-002	-6.988719e-002
5.000406059325215e-003	-7.044969e-002	-6.955057e-002
5.000712118650429e-003	-7.077552e-002	-6.922475e-002
5.001018177975643e-003	-7.109055e-002	-6.890972e-002
5.001324237300857e-003	-7.139478e-002	-6.860548e-002
5.001630296626071e-003	-7.168823e-002	-6.831203e-002
5.001936355951285e-003	-7.197088e-002	-6.802938e-002
5.002242415276499e-003	-7.224275e-002	-6.775752e-002
5.002542415276500e-003	-7.250084e-002	-6.749941e-002
5.002985272419359e-003	-7.286362e-002	-6.713664e-002
5.003428129562217e-003	-7.321024e-002	-6.679001e-002
5.003870986705075e-003	-7.354071e-002	-6.645955e-002
5.004313843847934e-003	-7.385502e-002	-6.614524e-002
5.004756700990792e-003	-7.415317e-002	-6.584709e-002
5.005199558133651e-003	-7.443517e-002	-6.556509e-002
5.005642415276509e-003	-7.470100e-002	-6.529925e-002
5.006370986705082e-003	-7.510676e-002	-6.489349e-002
5.007099558133656e-003	-7.548524e-002	-6.451502e-002
5.007828129562229e-003	-7.583644e-002	-6.416382e-002
5.008556700990803e-003	-7.616036e-002	-6.383989e-002
5.009285272419376e-003	-7.645700e-002	-6.354325e-002
5.010013843847950e-003	-7.672637e-002	-6.327388e-002
5.010742415276523e-003	-7.696846e-002	-6.303179e-002
5.011256700990810e-003	-7.712982e-002	-6.287044e-002
5.011770986705097e-003	-7.728301e-002	-6.271725e-002
5.012285272419384e-003	-7.742805e-002	-6.257222e-002
5.012799558133671e-003	-7.756493e-002	-6.243534e-002
5.013313843847959e-003	-7.769365e-002	-6.230661e-002
5.013828129562245e-003	-7.781422e-002	-6.218604e-002
5.014342415276533e-003	-7.792662e-002	-6.207363e-002
5.014442415276533e-003	-7.794794e-002	-6.205234e-002
5.016128129562252e-003	-7.825284e-002	-6.174743e-002
5.017813843847971e-003	-7.852093e-002	-6.147933e-002
5.019499558133690e-003	-7.875222e-002	-6.124804e-002
5.021185272419408e-003	-7.894669e-002	-6.105356e-002
5.022870986705127e-003	-7.910435e-002	-6.089589e-002
5.024556700990846e-003	-7.922521e-002	-6.077502e-002
5.026242415276565e-003	-7.930925e-002	-6.069097e-002
5.029542415276574e-003	-7.943462e-002	-6.056561e-002
5.032842415276583e-003	-7.953905e-002	-6.046120e-002
5.036142415276592e-003	-7.962253e-002	-6.037772e-002
5.039442415276601e-003	-7.968508e-002	-6.031518e-002
5.042742415276610e-003	-7.972669e-002	-6.027358e-002
5.046042415276619e-003	-7.974735e-002	-6.025292e-002
5.049342415276628e-003	-7.974708e-002	-6.025320e-002
5.100250000000001e-003	-7.979822e-002	-6.020224e-002
5.116550000000045e-003	-7.980466e-002	-6.019580e-002
5.180000000000000e-003	-7.982969e-002	-6.017113e-002
5.180010000000000e-003	-7.981825e-002	-6.018257e-002
5.180030000000000e-003	-7.979560e-002	-6.020522e-002
5.180804285714287e-003	-7.897114e-002	-6.102968e-002
5.181578571428576e-003	-7.820483e-002	-6.179599e-002
5.182352857142863e-003	-7.749668e-002	-6.250414e-002
5.183127142857151e-003	-7.684668e-002	-6.315414e-002
5.183901428571438e-003	-7.625484e-002	-6.374598e-002
5.184675714285727e-003	-7.572115e-002	-6.427967e-002
5.185450000000014e-003	-7.524562e-002	-6.475520e-002
5.186235714285730e-003	-7.480083e-002	-6.519999e-002
5.187021428571447e-003	-7.438779e-002	-6.561303e-002
5.187807142857164e-003	-7.400649e-002	-6.599433e-002
5.188592857142880e-003	-7.365693e-002	-6.634389e-002
5.189378571428596e-003	-7.333912e-002	-6.666170e-002
5.190164285714313e-003	-7.305305e-002	-6.694777e-002
5.190950000000029e-003	-7.279873e-002	-6.720209e-002
5.191735714285745e-003	-7.256425e-002	-6.743657e-002
5.192521428571463e-003	-7.234651e-002	-6.765431e-002
5.193307142857179e-003	-7.214551e-002	-6.785531e-002
5.194092857142895e-003	-7.196125e-002	-6.803957e-002
5.194878571428611e-003	-7.179372e-002	-6.820710e-002
5.195664285714328e-003	-7.164293e-002	-6.835789e-002
5.196450000000044e-003	-7.150888e-002	-6.849194e-002
5.197235714285760e-003	-7.138524e-002	-6.861558e-002
5.198021428571478e-003	-7.127043e-002	-6.873039e-002
5.198807142857194e-003	-7.116445e-002	-6.883637e-002
5.199592857142910e-003	-7.106731e-002	-6.893351e-002
5.200378571428626e-003	-7.097901e-002	-6.902181e-002
5.201164285714343e-003	-7.089954e-002	-6.910128e-002
5.201950000000059e-003	-7.082891e-002	-6.917191e-002
5.202735714285776e-003	-7.076368e-002	-6.923714e-002
5.203521428571493e-003	-7.070311e-002	-6.929771e-002
5.204307142857209e-003	-7.064721e-002	-6.935361e-002
5.205092857142925e-003	-7.059598e-002	-6.940484e-002
5.205878571428641e-003	-7.054943e-002	-6.945139e-002
5.206664285714358e-003	-7.050755e-002	-6.949327e-002
5.207450000000074e-003	-7.047033e-002	-6.953049e-002
5.208235714285791e-003	-7.043600e-002	-6.956482e-002
5.209021428571508e-003	-7.040412e-002	-6.959670e-002
5.209807142857224e-003	-7.037469e-002	-6.962613e-002
5.210592857142940e-003	-7.034772e-002	-6.965310e-002
5.211378571428656e-003	-7.032319e-002	-6.967763e-002
5.212164285714373e-003	-7.030112e-002	-6.969970e-002
5.212950000000089e-003	-7.028151e-002	-6.971931e-002
5.213735714285806e-003	-7.026330e-002	-6.973752e-002
5.214521428571523e-003	-7.024641e-002	-6.975441e-002
5.215307142857239e-003	-7.023085e-002	-6.976997e-002
5.216092857142955e-003	-7.021662e-002	-6.978420e-002
5.216878571428671e-003	-7.020370e-002	-6.979712e-002
5.217664285714388e-003	-7.019211e-002	-6.980871e-002
5.218450000000104e-003	-7.018185e-002	-6.981897e-002
5.218650000000105e-003	-7.017922e-002	-6.982160e-002
5.219435714285821e-003	-7.016986e-002	-6.983096e-002
5.220221428571538e-003	-7.016117e-002	-6.983965e-002
5.221007142857254e-003	-7.015317e-002	-6.984765e-002
5.221792857142971e-003	-7.014585e-002	-6.985497e-002
5.222578571428687e-003	-7.013920e-002	-6.986162e-002
5.223364285714404e-003	-7.013324e-002	-6.986758e-002
5.224150000000120e-003	-7.012796e-002	-6.987286e-002
5.224935714285836e-003	-7.012303e-002	-6.987779e-002
5.225721428571553e-003	-7.011845e-002	-6.988237e-002
5.226507142857269e-003	-7.011421e-002	-6.988661e-002
5.227292857142986e-003	-7.011033e-002	-6.989049e-002
5.228078571428702e-003	-7.010680e-002	-6.989402e-002
5.228864285714419e-003	-7.010362e-002	-6.989720e-002
5.229650000000135e-003	-7.010078e-002	-6.990004e-002
5.230435714285851e-003	-7.009827e-002	-6.990255e-002
5.231221428571568e-003	-7.009592e-002	-6.990490e-002
5.232007142857285e-003	-7.009372e-002	-6.990710e-002
5.232792857143001e-003	-7.009168e-002	-6.990914e-002
5.233578571428717e-003	-7.008979e-002	-6.991103e-002
5.234364285714434e-003	-7.008806e-002	-6.991276e-002
5.235150000000150e-003	-7.008648e-002	-6.991434e-002
5.235950000000152e-003	-7.008513e-002	-6.991569e-002
5.236750000000155e-003	-7.008388e-002	-6.991694e-002
5.237550000000157e-003	-7.008273e-002	-6.991809e-002
5.238350000000159e-003	-7.008167e-002	-6.991915e-002
5.239150000000161e-003	-7.008071e-002	-6.992011e-002
5.239950000000163e-003	-7.007985e-002	-6.992097e-002
5.240750000000165e-003	-7.007909e-002	-6.992173e-002
5.241564285714454e-003	-7.007833e-002	-6.992249e-002
5.242378571428741e-003	-7.007764e-002	-6.992318e-002
5.243192857143029e-003	-7.007700e-002	-6.992382e-002
5.244007142857317e-003	-7.007642e-002	-6.992440e-002
5.244821428571606e-003	-7.007590e-002	-6.992492e-002
5.245635714285893e-003	-7.007544e-002	-6.992538e-002
5.246450000000181e-003	-7.007504e-002	-6.992579e-002
5.247292857143040e-003	-7.007455e-002	-6.992627e-002
5.248135714285900e-003	-7.007413e-002	-6.992669e-002
5.248978571428759e-003	-7.007377e-002	-6.992706e-002
5.249821428571619e-003	-7.007346e-002	-6.992736e-002
5.250664285714479e-003	-7.007321e-002	-6.992761e-002
5.251507142857338e-003	-7.007302e-002	-6.992780e-002
5.252350000000197e-003	-7.007289e-002	-6.992793e-002
5.253235714285914e-003	-7.007266e-002	-6.992816e-002
5.254121428571631e-003	-7.007245e-002	-6.992837e-002
5.255007142857347e-003	-7.007226e-002	-6.992856e-002
5.255892857143064e-003	-7.007209e-002	-6.992873e-002
5.256778571428780e-003	-7.007194e-002	-6.992888e-002
5.257664285714498e-003	-7.007181e-002	-6.992901e-002
5.258550000000214e-003	-7.007170e-002	-6.992912e-002
5.259535714285931e-003	-7.007163e-002	-6.992919e-002
5.260521428571648e-003	-7.007156e-002	-6.992926e-002
5.261507142857365e-003	-7.007149e-002	-6.992933e-002
5.262492857143082e-003	-7.007142e-002	-6.992940e-002
5.263478571428799e-003	-7.007136e-002	-6.992946e-002
5.264464285714516e-003	-7.007129e-002	-6.992953e-002
5.265450000000233e-003	-7.007122e-002	-6.992960e-002
5.266650000000236e-003	-7.007110e-002	-6.992967e-002
5.267850000000240e-003	-7.007103e-002	-6.992974e-002
5.269050000000243e-003	-7.007099e-002	-6.992980e-002
5.270250000000246e-003	-7.007099e-002	-6.992987e-002
5.271450000000249e-003	-7.007103e-002	-6.992994e-002
5.272650000000253e-003	-7.007110e-002	-6.993001e-002
5.273850000000256e-003	-7.007122e-002	-6.993008e-002
5.275492857143117e-003	-7.007113e-002	-6.993017e-002
5.277135714285979e-003	-7.007105e-002	-6.993024e-002
5.278778571428841e-003	-7.007100e-002	-6.993030e-002
5.280421428571703e-003	-7.007097e-002	-6.993033e-002
5.282064285714564e-003	-7.007095e-002	-6.993034e-002
5.283707142857426e-003	-7.007096e-002	-6.993034e-002
5.285350000000287e-003	-7.007098e-002	-6.993032e-002
5.288107142857438e-003	-7.007098e-002	-6.993032e-002
5.290864285714588e-003	-7.007098e-002	-6.993032e-002
5.293621428571739e-003	-7.007098e-002	-6.993032e-002
5.296378571428889e-003	-7.007098e-002	-6.993032e-002
5.299135714286039e-003	-7.007098e-002	-6.993032e-002
5.301892857143190e-003	-7.007098e-002	-6.993032e-002
5.304650000000340e-003	-7.007098e-002	-6.993032e-002
5.321050000000385e-003	-7.007098e-002	-6.993032e-002
5.423450000000665e-003	-7.007122e-002	-6.993055e-002
5.525850000000945e-003	-7.007146e-002	-6.993079e-002
5.628250000001225e-003	-7.007146e-002	-6.993079e-002
5.730650000001505e-003	-7.007170e-002	-6.993103e-002
5.833050000001785e-003	-7.007194e-002	-6.993127e-002
5.935450000002065e-003	-7.007217e-002	-6.993151e-002
6.037850000002345e-003	-7.007217e-002	-6.993151e-002
6.140250000002625e-003	-7.007241e-002	-6.993175e-002
6.242650000002905e-003	-7.007265e-002	-6.993198e-002
6.345050000003186e-003	-7.007265e-002	-6.993198e-002
6.447450000003466e-003	-7.007289e-002	-6.993222e-002
6.549850000003746e-003	-7.007289e-002	-6.993222e-002
6.652250000004026e-003	-7.007313e-002	-6.993246e-002
6.754650000004306e-003	-7.007313e-002	-6.993246e-002
6.857050000004586e-003	-7.007337e-002	-6.993270e-002
6.959450000004866e-003	-7.007337e-002	-6.993270e-002
7.061850000005146e-003	-7.007360e-002	-6.993294e-002
7.164250000005426e-003	-7.007360e-002	-6.993294e-002
7.266650000005706e-003	-7.007384e-002	-6.993318e-002
7.369050000005986e-003	-7.007384e-002	-6.993318e-002
7.471450000006266e-003	-7.007384e-002	-6.993318e-002
7.573850000006546e-003	-7.007408e-002	-6.993341e-002
7.676250000006826e-003	-7.007408e-002	-6.993341e-002
7.778650000007106e-003	-7.007408e-002	-6.993341e-002
7.881050000006792e-003	-7.007432e-002	-6.993365e-002
7.983450000006184e-003	-7.007432e-002	-6.993365e-002
8.085850000005576e-003	-7.007432e-002	-6.993365e-002
8.188250000004968e-003	-7.007432e-002	-6.993365e-002
8.290650000004360e-003	-7.007456e-002	-6.993389e-002
8.393050000003751e-003	-7.007456e-002	-6.993389e-002
8.495450000003143e-003	-7.007456e-002	-6.993389e-002
8.597850000002535e-003	-7.007456e-002	-6.993389e-002
8.700250000001927e-003	-7.007480e-002	-6.993413e-002
8.802650000001319e-003	-7.007480e-002	-6.993413e-002
8.905050000000711e-003	-7.007480e-002	-6.993413e-002
9.007450000000103e-003	-7.007480e-002	-6.993413e-002
9.109849999999494e-003	-7.007480e-002	-6.993413e-002
9.212249999998886e-003	-7.007504e-002	-6.993437e-002
9.314649999998278e-003	-7.007504e-002	-6.993437e-002
9.417049999997670e-003	-7.007504e-002	-6.993437e-002
9.519449999997062e-003	-7.007504e-002	-6.993437e-002
9.621849999996454e-003	-7.007504e-002	-6.993437e-002
9.724249999995846e-003	-7.007504e-002	-6.993437e-002
9.826649999995238e-003	-7.007527e-002	-6.993461e-002
9.929049999994629e-003	-7.007527e-002	-6.993461e-002
1.003144999999402e-002	-7.007527e-002	-6.993461e-002
1.013384999999341e-002	-7.007527e-002	-6.993461e-002
1.023624999999281e-002	-7.007527e-002	-6.993461e-002
1.033864999999220e-002	-7.007527e-002	-6.993461e-002
1.044104999999159e-002	-7.007527e-002	-6.993461e-002
1.054344999999098e-002	-7.007527e-002	-6.993461e-002
1.064584999999037e-002	-7.007551e-002	-6.993484e-002
1.074824999998976e-002	-7.007551e-002	-6.993484e-002
1.085064999998916e-002	-7.007551e-002	-6.993484e-002
1.095304999998855e-002	-7.007551e-002	-6.993484e-002
1.105544999998794e-002	-7.007551e-002	-6.993484e-002
1.115784999998733e-002	-7.007551e-002	-6.993484e-002
1.126024999998672e-002	-7.007551e-002	-6.993484e-002
1.136264999998612e-002	-7.007551e-002	-6.993484e-002
1.146504999998551e-002	-7.007551e-002	-6.993484e-002
1.156744999998490e-002	-7.007551e-002	-6.993484e-002
1.166984999998429e-002	-7.007551e-002	-6.993484e-002
1.177224999998368e-002	-7.007551e-002	-6.993484e-002
1.187464999998308e-002	-7.007551e-002	-6.993484e-002
1.197704999998247e-002	-7.007551e-002	-6.993484e-002
1.207944999998186e-002	-7.007575e-002	-6.993508e-002
1.218184999998125e-002	-7.007575e-002	-6.993508e-002
1.228424999998064e-002	-7.007575e-002	-6.993508e-002
1.238664999998003e-002	-7.007575e-002	-6.993508e-002
1.248904999997943e-002	-7.007575e-002	-6.993508e-002
1.259144999997882e-002	-7.007575e-002	-6.993508e-002
1.269384999997821e-002	-7.007575e-002	-6.993508e-002
1.279624999997760e-002	-7.007575e-002	-6.993508e-002
1.289864999997699e-002	-7.007575e-002	-6.993508e-002
1.300104999997639e-002	-7.007575e-002	-6.993508e-002
1.310344999997578e-002	-7.007575e-002	-6.993508e-002
1.320584999997517e-002	-7.007575e-002	-6.993508e-002
1.330824999997456e-002	-7.007575e-002	-6.993508e-002
1.341064999997395e-002	-7.007575e-002	-6.993508e-002
1.351304999997335e-002	-7.007575e-002	-6.993508e-002
1.361544999997274e-002	-7.007575e-002	-6.993508e-002
1.371784999997213e-002	-7.007575e-002	-6.993508e-002
1.382024999997152e-002	-7.007575e-002	-6.993508e-002
1.392264999997091e-002	-7.007575e-002	-6.993508e-002
1.402504999997030e-002	-7.007575e-002	-6.993508e-002
1.412744999996970e-002	-7.007575e-002	-6.993508e-002
1.422984999996909e-002	-7.007575e-002	-6.993508e-002
1.433224999996848e-002	-7.007575e-002	-6.993508e-002
1.443464999996787e-002	-7.007575e-002	-6.993508e-002
1.453704999996726e-002	-7.007575e-002	-6.993508e-002
1.463944999996666e-002	-7.007575e-002	-6.993508e-002
1.474184999996605e-002	-7.007575e-002	-6.993508e-002
1.484424999996544e-002	-7.007575e-002	-6.993508e-002
1.494664999996483e-002	-7.007575e-002	-6.993508e-002
1.504904999996422e-002	-7.007575e-002	-6.993508e-002
1.515144999996362e-002	-7.007575e-002	-6.993508e-002
1.525384999996301e-002	-7.007575e-002	-6.993508e-002
1.535624999996240e-002	-7.007575e-002	-6.993508e-002
1.545864999996179e-002	-7.007575e-002	-6.993508e-002
1.556104999996118e-002	-7.007575e-002	-6.993508e-002
1.566344999996058e-002	-7.007575e-002	-6.993508e-002
1.576584999995997e-002	-7.007575e-002	-6.993508e-002
1.586824999995936e-002	-7.007575e-002	-6.993508e-002
1.597064999995875e-002	-7.007575e-002	-6.993508e-002
1.607304999995814e-002	-7.007575e-002	-6.993508e-002
1.617544999995754e-002	-7.007575e-002	-6.993508e-002
1.627784999995693e-002	-7.007575e-002	-6.993508e-002
1.638024999995632e-002	-7.007575e-002	-6.993508e-002
1.648264999995571e-002	-7.007575e-002	-6.993508e-002
1.658504999995510e-002	-7.007575e-002	-6.993508e-002
1.668744999995449e-002	-7.007575e-002	-6.993508e-002
1.678984999995389e-002	-7.007575e-002	-6.993508e-002
1.689224999995328e-002	-7.007575e-002	-6.993508e-002
1.699464999995267e-002	-7.007575e-002	-6.993508e-002
1.709704999995206e-002	-7.007575e-002	-6.993508e-002
1.719944999995145e-002	-7.007575e-002	-6.993508e-002
1.730184999995085e-002	-7.007575e-002	-6.993508e-002
1.740424999995024e-002	-7.007575e-002	-6.993508e-002
1.750664999994963e-002	-7.007575e-002	-6.993508e-002
1.760904999994902e-002	-7.007575e-002	-6.993508e-002
1.771144999994841e-002	-7.007575e-002	-6.993508e-002
1.781384999994781e-002	-7.007575e-002	-6.993508e-002
1.791624999994720e-002	-7.007575e-002	-6.993508e-002
1.801864999994659e-002	-7.007575e-002	-6.993508e-002
1.812104999994598e-002	-7.007575e-002	-6.993508e-002
1.822344999994537e-002	-7.007575e-002	-6.993508e-002
1.832584999994476e-002	-7.007575e-002	-6.993508e-002
1.842824999994416e-002	-7.007575e-002	-6.993508e-002
1.853064999994355e-002	-7.007575e-002	-6.993508e-002
1.863304999994294e-002	-7.007575e-002	-6.993508e-002
1.873544999994233e-002	-7.007575e-002	-6.993508e-002
1.883784999994172e-002	-7.007575e-002	-6.993508e-002
1.894024999994112e-002	-7.007575e-002	-6.993508e-002
1.904264999994051e-002	-7.007575e-002	-6.993508e-002
1.914504999993990e-002	-7.007575e-002	-6.993508e-002
1.924744999993929e-002	-7.007575e-002	-6.993508e-002
1.934984999993868e-002	-7.007575e-002	-6.993508e-002
1.945224999993808e-002	-7.007575e-002	-6.993508e-002
1.955464999993747e-002	-7.007575e-002	-6.993508e-002
1.965704999993686e-002	-7.007575e-002	-6.993508e-002
1.975944999993625e-002	-7.007575e-002	-6.993508e-002
1.986184999993564e-002	-7.007575e-002	-6.993508e-002
1.996424999993503e-002	-7.007575e-002	-6.993508e-002
2.006664999993443e-002	-7.007575e-002	-6.993508e-002
2.016904999993382e-002	-7.007575e-002	-6.993508e-002
2.027144999993321e-002	-7.007575e-002	-6.993508e-002
2.037384999993260e-002	-7.007575e-002	-6.993508e-002
2.047624999993199e-002	-7.007575e-002	-6.993508e-002
2.057864999993139e-002	-7.007575e-002	-6.993508e-002
2.068104999993078e-002	-7.007575e-002	-6.993508e-002
2.078344999993017e-002	-7.007575e-002	-6.993508e-002
2.088584999992956e-002	-7.007575e-002	-6.993508e-002
2.098824999992895e-002	-7.007575e-002	-6.993508e-002
2.109064999992834e-002	-7.007575e-002	-6.993508e-002
2.119304999992774e-002	-7.007575e-002	-6.993508e-002
2.129544999992713e-002	-7.007575e-002	-6.993508e-002
2.139784999992652e-002	-7.007575e-002	-6.993508e-002
2.150024999992591e-002	-7.007575e-002	-6.993508e-002
2.160264999992530e-002	-7.007575e-002	-6.993508e-002
2.170504999992470e-002	-7.007575e-002	-6.993508e-002
2.180744999992409e-002	-7.007575e-002	-6.993508e-002
2.190984999992348e-002	-7.007575e-002	-6.993508e-002
2.201224999992287e-002	-7.007575e-002	-6.993508e-002
2.211464999992226e-002	-7.007575e-002	-6.993508e-002
2.221704999992166e-002	-7.007575e-002	-6.993508e-002
2.231944999992105e-002	-7.007575e-002	-6.993508e-002
2.242184999992044e-002	-7.007575e-002	-6.993508e-002
2.252424999991983e-002	-7.007575e-002	-6.993508e-002
2.262664999991922e-002	-7.007575e-002	-6.993508e-002
2.272904999991861e-002	-7.007575e-002	-6.993508e-002
2.283144999991801e-002	-7.007575e-002	-6.993508e-002
2.293384999991740e-002	-7.007575e-002	-6.993508e-002
2.303624999991679e-002	-7.007575e-002	-6.993508e-002
2.313864999991618e-002	-7.007575e-002	-6.993508e-002
2.324104999991557e-002	-7.007575e-002	-6.993508e-002
2.334344999991497e-002	-7.007575e-002	-6.993508e-002
2.344584999991436e-002	-7.007575e-002	-6.993508e-002
2.354824999991375e-002	-7.007575e-002	-6.993508e-002
2.365064999991314e-002	-7.007575e-002	-6.993508e-002
2.375304999991253e-002	-7.007575e-002	-6.993508e-002
2.385544999991193e-002	-7.007575e-002	-6.993508e-002
2.395784999991132e-002	-7.007575e-002	-6.993508e-002
2.406024999991071e-002	-7.007575e-002	-6.993508e-002
2.416264999991010e-002	-7.007575e-002	-6.993508e-002
2.426504999990949e-002	-7.007575e-002	-6.993508e-002
2.436744999990888e-002	-7.007575e-002	-6.993508e-002
2.446984999990828e-002	-7.007575e-002	-6.993508e-002
2.457224999990767e-002	-7.007575e-002	-6.993508e-002
2.467464999990706e-002	-7.007575e-002	-6.993508e-002
2.477704999990645e-002	-7.007575e-002	-6.993508e-002
2.487944999990584e-002	-7.007575e-002	-6.993508e-002
2.498184999990524e-002	-7.007575e-002	-6.993508e-002
2.500000000000000e-002	-7.007575e-002	-6.993508e-002
2.500001000000000e-002	-7.006454e-002	-6.994653e-002
2.500003000000000e-002	-7.004166e-002	-6.996918e-002
2.500007000000000e-002	-6.999660e-002	-7.001424e-002
2.500020000000000e-002	-6.985092e-002	-7.015967e-002
2.500055000000000e-002	-6.947171e-002	-7.053897e-002
2.500090000000000e-002	-6.910623e-002	-7.090453e-002
2.500125000000000e-002	-6.875446e-002	-7.125635e-002
2.500159999999999e-002	-6.841642e-002	-7.159443e-002
2.500194999999999e-002	-6.809210e-002	-7.191876e-002
2.500229999999999e-002	-6.778150e-002	-7.222936e-002
2.500264999999999e-002	-6.748462e-002	-7.252622e-002
2.500333571428570e-002	-6.694162e-002	-7.306930e-002
2.500402142857141e-002	-6.643341e-002	-7.357759e-002
2.500470714285712e-002	-6.595997e-002	-7.405108e-002
2.500539285714283e-002	-6.552131e-002	-7.448977e-002
2.500607857142854e-002	-6.511744e-002	-7.489366e-002
2.500676428571425e-002	-6.474834e-002	-7.526276e-002
2.500744999999996e-002	-6.441402e-002	-7.559705e-002
2.500853571428567e-002	-6.394097e-002	-7.606996e-002
2.500962142857138e-002	-6.351083e-002	-7.650002e-002
2.501070714285708e-002	-6.312360e-002	-7.688722e-002
2.501179285714279e-002	-6.277929e-002	-7.723157e-002
2.501287857142850e-002	-6.247790e-002	-7.753306e-002
2.501396428571421e-002	-6.221942e-002	-7.779169e-002
2.501504999999991e-002	-6.200385e-002	-7.800746e-002
2.501679285714276e-002	-6.171190e-002	-7.829921e-002
2.501853571428561e-002	-6.145591e-002	-7.855505e-002
2.502027857142845e-002	-6.123588e-002	-7.877499e-002
2.502202142857130e-002	-6.105180e-002	-7.895901e-002
2.502376428571415e-002	-6.090368e-002	-7.910713e-002
2.502550714285700e-002	-6.079152e-002	-7.921934e-002
2.502724999999984e-002	-6.071532e-002	-7.929564e-002
2.503074999999982e-002	-6.059975e-002	-7.941117e-002
2.503424999999980e-002	-6.050388e-002	-7.950701e-002
2.503774999999978e-002	-6.042772e-002	-7.958313e-002
2.504124999999976e-002	-6.037127e-002	-7.963955e-002
2.504474999999974e-002	-6.033452e-002	-7.967627e-002
2.504824999999972e-002	-6.031747e-002	-7.969327e-002
2.505174999999970e-002	-6.032014e-002	-7.969058e-002
2.508364999999951e-002	-6.028473e-002	-7.972622e-002
2.518604999999890e-002	-6.024398e-002	-7.976654e-002
2.520025000000000e-002	-6.023841e-002	-7.977206e-002
2.528814999999948e-002	-6.020379e-002	-7.980609e-002
2.536000000000000e-002	-6.017542e-002	-7.983398e-002
2.536001000000000e-002	-6.018686e-002	-7.982254e-002
2.536003000000000e-002	-6.020951e-002	-7.979989e-002
2.536080428571428e-002	-6.103397e-002	-7.897543e-002
2.536157857142856e-002	-6.180028e-002	-7.820912e-002
2.536235285714284e-002	-6.250843e-002	-7.750097e-002
2.536312714285713e-002	-6.315843e-002	-7.685097e-002
2.536390142857141e-002	-6.375027e-002	-7.625913e-002
2.536467571428569e-002	-6.428396e-002	-7.572544e-002
2.536544999999997e-002	-6.475949e-002	-7.524991e-002
2.536623571428568e-002	-6.520428e-002	-7.480512e-002
2.536702142857139e-002	-6.561732e-002	-7.439208e-002
2.536780714285710e-002	-6.599862e-002	-7.401078e-002
2.536859285714281e-002	-6.634818e-002	-7.366123e-002
2.536937857142852e-002	-6.666599e-002	-7.334341e-002
2.537016428571423e-002	-6.695206e-002	-7.305734e-002
2.537094999999994e-002	-6.720638e-002	-7.280302e-002
2.537173571428565e-002	-6.744086e-002	-7.256854e-002
2.537252142857136e-002	-6.765860e-002	-7.235080e-002
2.537330714285707e-002	-6.785960e-002	-7.214980e-002
2.537409285714277e-002	-6.804386e-002	-7.196554e-002
2.537487857142848e-002	-6.821139e-002	-7.179801e-002
2.537566428571420e-002	-6.836218e-002	-7.164723e-002
2.537644999999991e-002	-6.849623e-002	-7.151318e-002
2.537723571428562e-002	-6.861987e-002	-7.138953e-002
2.537802142857133e-002	-6.873468e-002	-7.127472e-002
2.537880714285704e-002	-6.884066e-002	-7.116874e-002
2.537959285714274e-002	-6.893780e-002	-7.107161e-002
2.538037857142845e-002	-6.902610e-002	-7.098330e-002
2.538116428571416e-002	-6.910557e-002	-7.090384e-002
2.538194999999987e-002	-6.917620e-002	-7.083321e-002
2.538273571428558e-002	-6.924144e-002	-7.076797e-002
2.538352142857129e-002	-6.930200e-002	-7.070740e-002
2.538430714285700e-002	-6.935790e-002	-7.065150e-002
2.538509285714271e-002	-6.940913e-002	-7.060028e-002
2.538587857142842e-002	-6.945568e-002	-7.055372e-002
2.538666428571413e-002	-6.949757e-002	-7.051184e-002
2.538744999999984e-002	-6.953478e-002	-7.047462e-002
2.538783571428555e-002	-6.955230e-002	-7.045715e-002
2.538822142857126e-002	-6.956910e-002	-7.044036e-002
2.538860714285698e-002	-6.958518e-002	-7.042425e-002
2.538899285714269e-002	-6.960054e-002	-7.040882e-002
2.538937857142840e-002	-6.961518e-002	-7.039407e-002
2.538976428571411e-002	-6.962910e-002	-7.038001e-002
2.539014999999982e-002	-6.964231e-002	-7.036662e-002
2.539024999999982e-002	-6.964564e-002	-7.036328e-002
2.539103571428553e-002	-6.967050e-002	-7.033843e-002
2.539182142857124e-002	-6.969356e-002	-7.031537e-002
2.539260714285695e-002	-6.971483e-002	-7.029409e-002
2.539339285714266e-002	-6.973432e-002	-7.027461e-002
2.539417857142837e-002	-6.975201e-002	-7.025692e-002
2.539496428571408e-002	-6.976791e-002	-7.024102e-002
2.539574999999979e-002	-6.978202e-002	-7.022691e-002
2.539653571428550e-002	-6.979511e-002	-7.021382e-002
2.539732142857121e-002	-6.980726e-002	-7.020166e-002
2.539810714285692e-002	-6.981848e-002	-7.019044e-002
2.539889285714263e-002	-6.982877e-002	-7.018016e-002
2.539967857142834e-002	-6.983812e-002	-7.017081e-002
2.540046428571405e-002	-6.984654e-002	-7.016239e-002
2.540124999999976e-002	-6.985402e-002	-7.015491e-002
2.540203571428547e-002	-6.986090e-002	-7.014803e-002
2.540282142857118e-002	-6.986728e-002	-7.014164e-002
2.540360714285689e-002	-6.987319e-002	-7.013574e-002
2.540439285714259e-002	-6.987860e-002	-7.013032e-002
2.540517857142830e-002	-6.988353e-002	-7.012539e-002
2.540596428571402e-002	-6.988797e-002	-7.012095e-002
2.540674999999973e-002	-6.989193e-002	-7.011700e-002
2.540753571428544e-002	-6.989549e-002	-7.011344e-002
2.540832142857115e-002	-6.989882e-002	-7.011011e-002
2.540910714285686e-002	-6.990191e-002	-7.010701e-002
2.540989285714256e-002	-6.990478e-002	-7.010415e-002
2.541067857142827e-002	-6.990740e-002	-7.010152e-002
2.541146428571398e-002	-6.990980e-002	-7.009913e-002
2.541224999999969e-002	-6.991196e-002	-7.009697e-002
2.541303571428540e-002	-6.991381e-002	-7.009512e-002
2.541382142857111e-002	-6.991554e-002	-7.009339e-002
2.541460714285682e-002	-6.991715e-002	-7.009177e-002
2.541539285714253e-002	-6.991865e-002	-7.009027e-002
2.541617857142824e-002	-6.992003e-002	-7.008889e-002
2.541696428571395e-002	-6.992130e-002	-7.008763e-002
2.541774999999966e-002	-6.992245e-002	-7.008648e-002
2.541854999999966e-002	-6.992350e-002	-7.008543e-002
2.541934999999965e-002	-6.992447e-002	-7.008446e-002
2.542014999999965e-002	-6.992537e-002	-7.008356e-002
2.542094999999964e-002	-6.992618e-002	-7.008274e-002
2.542174999999964e-002	-6.992692e-002	-7.008200e-002
2.542254999999963e-002	-6.992759e-002	-7.008134e-002
2.542334999999963e-002	-6.992817e-002	-7.008076e-002
2.542416428571391e-002	-6.992869e-002	-7.008023e-002
2.542497857142819e-002	-6.992918e-002	-7.007975e-002
2.542579285714247e-002	-6.992963e-002	-7.007930e-002
2.542660714285675e-002	-6.993004e-002	-7.007889e-002
2.542742142857103e-002	-6.993041e-002	-7.007852e-002
2.542823571428531e-002	-6.993074e-002	-7.007819e-002
2.542904999999959e-002	-6.993103e-002	-7.007790e-002
2.542990714285673e-002	-6.993133e-002	-7.007760e-002
2.543076428571387e-002	-6.993160e-002	-7.007732e-002
2.543162142857101e-002	-6.993186e-002	-7.007706e-002
2.543247857142814e-002	-6.993210e-002	-7.007683e-002
2.543333571428528e-002	-6.993232e-002	-7.007661e-002
2.543419285714242e-002	-6.993252e-002	-7.007641e-002
2.543504999999956e-002	-6.993270e-002	-7.007623e-002
2.543597857142812e-002	-6.993286e-002	-7.007607e-002
2.543690714285669e-002	-6.993300e-002	-7.007593e-002
2.543783571428526e-002	-6.993312e-002	-7.007580e-002
2.543876428571382e-002	-6.993322e-002	-7.007570e-002
2.543969285714239e-002	-6.993331e-002	-7.007562e-002
2.544062142857095e-002	-6.993337e-002	-7.007556e-002
2.544154999999952e-002	-6.993341e-002	-7.007551e-002
2.544262142857094e-002	-6.993351e-002	-7.007547e-002
2.544369285714236e-002	-6.993358e-002	-7.007540e-002
2.544476428571378e-002	-6.993363e-002	-7.007532e-002
2.544583571428521e-002	-6.993367e-002	-7.007522e-002
2.544690714285663e-002	-6.993368e-002	-7.007510e-002
2.544797857142805e-002	-6.993368e-002	-7.007496e-002
2.544904999999947e-002	-6.993365e-002	-7.007480e-002
2.545040714285661e-002	-6.993363e-002	-7.007482e-002
2.545176428571374e-002	-6.993362e-002	-7.007483e-002
2.545312142857088e-002	-6.993364e-002	-7.007481e-002
2.545447857142801e-002	-6.993367e-002	-7.007478e-002
2.545583571428515e-002	-6.993373e-002	-7.007472e-002
2.545719285714228e-002	-6.993380e-002	-7.007465e-002
2.545854999999942e-002	-6.993389e-002	-7.007456e-002
2.546053571428512e-002	-6.993389e-002	-7.007456e-002
2.546252142857082e-002	-6.993389e-002	-7.007456e-002
2.546450714285653e-002	-6.993389e-002	-7.007456e-002
2.546649285714223e-002	-6.993389e-002	-7.007456e-002
2.546847857142793e-002	-6.993389e-002	-7.007456e-002
2.547046428571363e-002	-6.993389e-002	-7.007456e-002
2.547244999999934e-002	-6.993389e-002	-7.007456e-002
2.547532142857075e-002	-6.993389e-002	-7.007456e-002
2.547819285714216e-002	-6.993389e-002	-7.007456e-002
2.548106428571357e-002	-6.993389e-002	-7.007456e-002
2.548393571428498e-002	-6.993389e-002	-7.007456e-002
2.548680714285639e-002	-6.993389e-002	-7.007456e-002
2.548967857142780e-002	-6.993389e-002	-7.007456e-002
2.549254999999922e-002	-6.993389e-002	-7.007456e-002
2.549264999999922e-002	-6.993389e-002	-7.007456e-002
2.559504999999861e-002	-6.993341e-002	-7.007408e-002
2.569744999999800e-002	-6.993318e-002	-7.007384e-002
2.579984999999739e-002	-6.993270e-002	-7.007337e-002
2.590224999999678e-002	-6.993246e-002	-7.007313e-002
2.600464999999617e-002	-6.993198e-002	-7.007265e-002
2.610704999999557e-002	-6.993175e-002	-7.007241e-002
2.620944999999496e-002	-6.993151e-002	-7.007217e-002
2.631184999999435e-002	-6.993103e-002	-7.007170e-002
2.641424999999374e-002	-6.993079e-002	-7.007146e-002
2.651664999999313e-002	-6.993055e-002	-7.007122e-002
2.661904999999253e-002	-6.993032e-002	-7.007098e-002
2.672144999999192e-002	-6.993008e-002	-7.007074e-002
2.682384999999131e-002	-6.992984e-002	-7.007051e-002
2.692624999999070e-002	-6.992960e-002	-7.007027e-002
2.702864999999009e-002	-6.992936e-002	-7.007003e-002
2.713104999998948e-002	-6.992912e-002	-7.006979e-002
2.723344999998888e-002	-6.992888e-002	-7.006955e-002
2.733584999998827e-002	-6.992888e-002	-7.006955e-002
2.743824999998766e-002	-6.992865e-002	-7.006931e-002
2.754064999998705e-002	-6.992841e-002	-7.006907e-002
2.764304999998644e-002	-6.992817e-002	-7.006884e-002
2.774544999998584e-002	-6.992817e-002	-7.006884e-002
2.784784999998523e-002	-6.992793e-002	-7.006860e-002
2.795024999998462e-002	-6.992769e-002	-7.006836e-002
2.805264999998401e-002	-6.992769e-002	-7.006836e-002
2.815504999998340e-002	-6.992745e-002	-7.006812e-002
2.825744999998280e-002	-6.992745e-002	-7.006812e-002
2.835984999998219e-002	-6.992722e-002	-7.006788e-002
2.846224999998158e-002	-6.992722e-002	-7.006788e-002
2.856464999998097e-002	-6.992698e-002	-7.006764e-002
2.866704999998036e-002	-6.992698e-002	-7.006764e-002
2.876944999997975e-002	-6.992674e-002	-7.006741e-002
2.887184999997915e-002	-6.992674e-002	-7.006741e-002
2.897424999997854e-002	-6.992650e-002	-7.006717e-002
2.907664999997793e-002	-6.992650e-002	-7.006717e-002
2.917904999997732e-002	-6.992650e-002	-7.006717e-002
2.928144999997671e-002	-6.992626e-002	-7.006693e-002
2.938384999997611e-002	-6.992626e-002	-7.006693e-002
2.948624999997550e-002	-6.992626e-002	-7.006693e-002
2.958864999997489e-002	-6.992602e-002	-7.006669e-002
2.969104999997428e-002	-6.992602e-002	-7.006669e-002
2.979344999997367e-002	-6.992602e-002	-7.006669e-002
2.989584999997307e-002	-6.992579e-002	-7.006645e-002
2.999824999997246e-002	-6.992579e-002	-7.006645e-002
3.010064999997185e-002	-6.992579e-002	-7.006645e-002
3.020304999997124e-002	-6.992579e-002	-7.006645e-002
3.030544999997063e-002	-6.992579e-002	-7.006645e-002
3.040784999997002e-002	-6.992555e-002	-7.006621e-002
3.051024999996942e-002	-6.992555e-002	-7.006621e-002
3.061264999996881e-002	-6.992555e-002	-7.006621e-002
3.071504999996820e-002	-6.992555e-002	-7.006621e-002
3.081744999996759e-002	-6.992531e-002	-7.006598e-002
3.091984999996698e-002	-6.992531e-002	-7.006598e-002
3.102224999996638e-002	-6.992531e-002	-7.006598e-002
3.112464999996577e-002	-6.992531e-002	-7.006598e-002
3.122704999996516e-002	-6.992531e-002	-7.006598e-002
3.132944999996731e-002	-6.992531e-002	-7.006598e-002
3.143184999997025e-002	-6.992531e-002	-7.006598e-002
3.153424999997320e-002	-6.992507e-002	-7.006574e-002
3.163664999997614e-002	-6.992507e-002	-7.006574e-002
3.173904999997908e-002	-6.992507e-002	-7.006574e-002
3.184144999998203e-002	-6.992507e-002	-7.006574e-002
3.194384999998497e-002	-6.992507e-002	-7.006574e-002
3.204624999998792e-002	-6.992507e-002	-7.006574e-002
3.214864999999086e-002	-6.992507e-002	-7.006574e-002
3.225104999999381e-002	-6.992507e-002	-7.006574e-002
3.235344999999675e-002	-6.992483e-002	-7.006550e-002
3.245584999999970e-002	-6.992483e-002	-7.006550e-002
3.255825000000264e-002	-6.992483e-002	-7.006550e-002
3.266065000000559e-002	-6.992483e-002	-7.006550e-002
3.276305000000853e-002	-6.992483e-002	-7.006550e-002
3.286545000001147e-002	-6.992483e-002	-7.006550e-002
3.296785000001442e-002	-6.992483e-002	-7.006550e-002
3.307025000001736e-002	-6.992483e-002	-7.006550e-002
3.317265000002031e-002	-6.992483e-002	-7.006550e-002
3.327505000002325e-002	-6.992483e-002	-7.006550e-002
3.337745000002620e-002	-6.992483e-002	-7.006550e-002
3.347985000002914e-002	-6.992483e-002	-7.006550e-002
3.358225000003209e-002	-6.992483e-002	-7.006550e-002
3.368465000003503e-002	-6.992459e-002	-7.006526e-002
3.378705000003798e-002	-6.992459e-002	-7.006526e-002
3.388945000004092e-002	-6.992459e-002	-7.006526e-002
3.399185000004387e-002	-6.992459e-002	-7.006526e-002
3.409425000004681e-002	-6.992459e-002	-7.006526e-002
3.419665000004975e-002	-6.992459e-002	-7.006526e-002
3.429905000005270e-002	-6.992459e-002	-7.006526e-002
3.440145000005564e-002	-6.992459e-002	-7.006526e-002
3.450385000005859e-002	-6.992459e-002	-7.006526e-002
3.460625000006153e-002	-6.992459e-002	-7.006526e-002
3.470865000006448e-002	-6.992459e-002	-7.006526e-002
3.481105000006742e-002	-6.992459e-002	-7.006526e-002
3.491345000007037e-002	-6.992459e-002	-7.006526e-002
3.501585000007331e-002	-6.992459e-002	-7.006526e-002
3.511825000007626e-002	-6.992459e-002	-7.006526e-002
3.522065000007920e-002	-6.992459e-002	-7.006526e-002
3.532305000008214e-002	-6.992459e-002	-7.006526e-002
3.542545000008509e-002	-6.992459e-002	-7.006526e-002
3.552785000008803e-002	-6.992459e-002	-7.006526e-002
3.563025000009098e-002	-6.992459e-002	-7.006526e-002
3.573265000009392e-002	-6.992459e-002	-7.006526e-002
3.583505000009687e-002	-6.992459e-002	-7.006526e-002
3.593745000009981e-002	-6.992459e-002	-7.006526e-002
3.603985000010276e-002	-6.992459e-002	-7.006526e-002
3.614225000010570e-002	-6.992459e-002	-7.006526e-002
3.624465000010865e-002	-6.992459e-002	-7.006526e-002
3.634705000011159e-002	-6.992459e-002	-7.006526e-002
3.644945000011454e-002	-6.992459e-002	-7.006526e-002
3.655185000011748e-002	-6.992459e-002	-7.006526e-002
3.665425000012042e-002	-6.992459e-002	-7.006526e-002
3.675665000012337e-002	-6.992459e-002	-7.006526e-002
3.685905000012631e-002	-6.992435e-002	-7.006502e-002
3.696145000012926e-002	-6.992435e-002	-7.006502e-002
3.706385000013220e-002	-6.992435e-002	-7.006502e-002
3.716625000013515e-002	-6.992435e-002	-7.006502e-002
3.726865000013809e-002	-6.992435e-002	-7.006502e-002
3.737105000014104e-002	-6.992435e-002	-7.006502e-002
3.747345000014398e-002	-6.992435e-002	-7.006502e-002
3.757585000014693e-002	-6.992435e-002	-7.006502e-002
3.767825000014987e-002	-6.992435e-002	-7.006502e-002
3.778065000015281e-002	-6.992435e-002	-7.006502e-002
3.788305000015576e-002	-6.992435e-002	-7.006502e-002
3.798545000015870e-002	-6.992435e-002	-7.006502e-002
3.808785000016165e-002	-6.992435e-002	-7.006502e-002
3.819025000016459e-002	-6.992435e-002	-7.006502e-002
3.829265000016754e-002	-6.992435e-002	-7.006502e-002
3.839505000017048e-002	-6.992435e-002	-7.006502e-002
3.849745000017343e-002	-6.992435e-002	-7.006502e-002
3.859985000017637e-002	-6.992435e-002	-7.006502e-002
3.870225000017932e-002	-6.992435e-002	-7.006502e-002
3.880465000018226e-002	-6.992435e-002	-7.006502e-002
3.890705000018521e-002	-6.992435e-002	-7.006502e-002
3.900945000018815e-002	-6.992435e-002	-7.006502e-002
3.911185000019109e-002	-6.992435e-002	-7.006502e-002
3.921425000019404e-002	-6.992435e-002	-7.006502e-002
3.931665000019698e-002	-6.992435e-002	-7.006502e-002
3.941905000019993e-002	-6.992435e-002	-7.006502e-002
3.952145000020287e-002	-6.992435e-002	-7.006502e-002
3.962385000020582e-002	-6.992435e-002	-7.006502e-002
3.972625000020876e-002	-6.992435e-002	-7.006502e-002
3.982865000021171e-002	-6.992435e-002	-7.006502e-002
3.993105000021465e-002	-6.992435e-002	-7.006502e-002
4.003345000021760e-002	-6.992435e-002	-7.006502e-002
4.013585000022054e-002	-6.992435e-002	-7.006502e-002
4.023825000022348e-002	-6.992435e-002	-7.006502e-002
4.034065000022643e-002	-6.992435e-002	-7.006502e-002
4.044305000022937e-002	-6.992435e-002	-7.006502e-002
4.054545000023232e-002	-6.992435e-002	-7.006502e-002
4.064785000023526e-002	-6.992435e-002	-7.006502e-002
4.075025000023821e-002	-6.992435e-002	-7.006502e-002
4.085265000024115e-002	-6.992435e-002	-7.006502e-002
4.095505000024410e-002	-6.992435e-002	-7.006502e-002
4.105745000024704e-002	-6.992435e-002	-7.006502e-002
4.115985000024999e-002	-6.992435e-002	-7.006502e-002
4.126225000025293e-002	-6.992435e-002	-7.006502e-002
4.136465000025588e-002	-6.992435e-002	-7.006502e-002
4.146705000025882e-002	-6.992435e-002	-7.006502e-002
4.156945000026176e-002	-6.992435e-002	-7.006502e-002
4.167185000026471e-002	-6.992435e-002	-7.006502e-002
4.177425000026765e-002	-6.992435e-002	-7.006502e-002
4.187665000027060e-002	-6.992435e-002	-7.006502e-002
4.197905000027354e-002	-6.992435e-002	-7.006502e-002
4.208145000027649e-002	-6.992435e-002	-7.006502e-002
4.218385000027943e-002	-6.992435e-002	-7.006502e-002
4.228625000028238e-002	-6.992435e-002	-7.006502e-002
4.238865000028532e-002	-6.992435e-002	-7.006502e-002
4.249105000028827e-002	-6.992435e-002	-7.006502e-002
4.259345000029121e-002	-6.992435e-002	-7.006502e-002
4.269585000029415e-002	-6.992435e-002	-7.006502e-002
4.279825000029710e-002	-6.992435e-002	-7.006502e-002
4.290065000030004e-002	-6.992435e-002	-7.006502e-002
4.300305000030299e-002	-6.992435e-002	-7.006502e-002
4.310545000030593e-002	-6.992435e-002	-7.006502e-002
4.320785000030888e-002	-6.992435e-002	-7.006502e-002
4.331025000031182e-002	-6.992435e-002	-7.006502e-002
4.341265000031477e-002	-6.992435e-002	-7.006502e-002
4.351505000031771e-002	-6.992435e-002	-7.006502e-002
4.361745000032066e-002	-6.992435e-002	-7.006502e-002
4.371985000032360e-002	-6.992435e-002	-7.006502e-002
4.382225000032654e-002	-6.992435e-002	-7.006502e-002
4.392465000032949e-002	-6.992435e-002	-7.006502e-002
4.402705000033243e-002	-6.992435e-002	-7.006502e-002
4.412945000033538e-002	-6.992435e-002	-7.006502e-002
4.423185000033832e-002	-6.992435e-002	-7.006502e-002
4.433425000034127e-002	-6.992435e-002	-7.006502e-002
4.443665000034421e-002	-6.992435e-002	-7.006502e-002
4.453905000034716e-002	-6.992435e-002	-7.006502e-002
4.464145000035010e-002	-6.992435e-002	-7.006502e-002
4.474385000035305e-002	-6.992435e-002	-7.006502e-002
4.484625000035599e-002	-6.992435e-002	-7.006502e-002
4.494865000035894e-002	-6.992435e-002	-7.006502e-002
4.500000000000000e-002	-6.992435e-002	-7.006502e-002
4.500001000000000e-002	-6.993556e-002	-7.005358e-002
4.500003000000000e-002	-6.995845e-002	-7.003093e-002
4.500007000000000e-002	-7.000351e-002	-6.998587e-002
4.500010000000000e-002	-7.003736e-002	-6.995201e-002
4.500041714285715e-002	-7.038594e-002	-6.960355e-002
4.500073428571431e-002	-7.072296e-002	-6.926661e-002
4.500105142857146e-002	-7.104842e-002	-6.894119e-002
4.500136857142861e-002	-7.136231e-002	-6.862730e-002
4.500168571428576e-002	-7.166464e-002	-6.832493e-002
4.500200285714291e-002	-7.195542e-002	-6.803407e-002
4.500232000000006e-002	-7.223463e-002	-6.775475e-002
4.500297714285723e-002	-7.277687e-002	-6.721246e-002
4.500363428571438e-002	-7.328553e-002	-6.670379e-002
4.500429142857155e-002	-7.376062e-002	-6.622873e-002
4.500494857142871e-002	-7.420214e-002	-6.578728e-002
4.500560571428587e-002	-7.461008e-002	-6.537944e-002
4.500626285714303e-002	-7.498445e-002	-6.500521e-002
4.500692000000019e-002	-7.532525e-002	-6.466460e-002
4.500796285714308e-002	-7.581058e-002	-6.417918e-002
4.500900571428597e-002	-7.625315e-002	-6.373654e-002
4.501004857142885e-002	-7.665296e-002	-6.333668e-002
4.501109142857174e-002	-7.701000e-002	-6.297960e-002
4.501213428571463e-002	-7.732429e-002	-6.266529e-002
4.501317714285752e-002	-7.759582e-002	-6.239377e-002
4.501422000000040e-002	-7.782459e-002	-6.216502e-002
4.501587714285760e-002	-7.813314e-002	-6.185643e-002
4.501753428571478e-002	-7.840482e-002	-6.158472e-002
4.501919142857198e-002	-7.863963e-002	-6.134987e-002
4.502084857142916e-002	-7.883759e-002	-6.115190e-002
4.502250571428636e-002	-7.899868e-002	-6.099080e-002
4.502416285714354e-002	-7.912291e-002	-6.086657e-002
4.502582000000074e-002	-7.921028e-002	-6.077921e-002
4.502902000000083e-002	-7.933947e-002	-6.065003e-002
4.503222000000092e-002	-7.944732e-002	-6.054218e-002
4.503542000000101e-002	-7.953384e-002	-6.045566e-002
4.503862000000111e-002	-7.959903e-002	-6.039047e-002
4.504182000000120e-002	-7.964289e-002	-6.034661e-002
4.504502000000129e-002	-7.966542e-002	-6.032408e-002
4.504822000000138e-002	-7.966661e-002	-6.032288e-002
4.505042000000144e-002	-7.967556e-002	-6.031406e-002
4.510000000000000e-002	-7.972240e-002	-6.026721e-002
4.515255000000151e-002	-7.974309e-002	-6.024668e-002
4.518000000000000e-002	-7.975385e-002	-6.023602e-002
4.518001000000000e-002	-7.974253e-002	-6.024734e-002
4.518003000000000e-002	-7.971989e-002	-6.026998e-002
4.518080428571431e-002	-7.889544e-002	-6.109443e-002
4.518157857142862e-002	-7.812913e-002	-6.186074e-002
4.518235285714293e-002	-7.742098e-002	-6.256891e-002
4.518312714285723e-002	-7.677096e-002	-6.321892e-002
4.518390142857154e-002	-7.617910e-002	-6.381079e-002
4.518467571428585e-002	-7.564538e-002	-6.434451e-002
4.518545000000016e-002	-7.516981e-002	-6.482009e-002
4.518623571428589e-002	-7.472505e-002	-6.526485e-002
4.518702142857163e-002	-7.431203e-002	-6.567787e-002
4.518780714285737e-002	-7.393075e-002	-6.605916e-002
4.518859285714310e-002	-7.358121e-002	-6.640871e-002
4.518937857142884e-002	-7.326340e-002	-6.672652e-002
4.519016428571458e-002	-7.297734e-002	-6.701259e-002
4.519095000000031e-002	-7.272301e-002	-6.726692e-002
4.519173571428605e-002	-7.248854e-002	-6.750138e-002
4.519252142857179e-002	-7.227081e-002	-6.771912e-002
4.519330714285753e-002	-7.206981e-002	-6.792012e-002
4.519409285714326e-002	-7.188554e-002	-6.810439e-002
4.519487857142900e-002	-7.171800e-002	-6.827193e-002
4.519566428571473e-002	-7.156719e-002	-6.842274e-002
4.519645000000047e-002	-7.143312e-002	-6.855682e-002
4.519723571428621e-002	-7.130952e-002	-6.868043e-002
4.519802142857195e-002	-7.119474e-002	-6.879521e-002
4.519880714285769e-002	-7.108878e-002	-6.890118e-002
4.519959285714342e-002	-7.099164e-002	-6.899832e-002
4.520037857142915e-002	-7.090332e-002	-6.908665e-002
4.520116428571489e-002	-7.082382e-002	-6.916615e-002
4.520195000000063e-002	-7.075314e-002	-6.923683e-002
4.520273571428637e-002	-7.068798e-002	-6.930200e-002
4.520352142857211e-002	-7.062747e-002	-6.936251e-002
4.520430714285784e-002	-7.057161e-002	-6.941837e-002
4.520509285714357e-002	-7.052041e-002	-6.946958e-002
4.520587857142931e-002	-7.047384e-002	-6.951614e-002
4.520666428571505e-002	-7.043193e-002	-6.955806e-002
4.520745000000079e-002	-7.039467e-002	-6.959532e-002
4.520823571428653e-002	-7.036032e-002	-6.962967e-002
4.520902142857226e-002	-7.032843e-002	-6.966157e-002
4.520980714285800e-002	-7.029898e-002	-6.969102e-002
4.521059285714373e-002	-7.027198e-002	-6.971802e-002
4.521137857142947e-002	-7.024744e-002	-6.974257e-002
4.521216428571521e-002	-7.022535e-002	-6.976466e-002
4.521295000000095e-002	-7.020571e-002	-6.978431e-002
4.521373571428668e-002	-7.018760e-002	-6.980242e-002
4.521452142857242e-002	-7.017079e-002	-6.981924e-002
4.521530714285816e-002	-7.015526e-002	-6.983477e-002
4.521609285714389e-002	-7.014103e-002	-6.984900e-002
4.521687857142963e-002	-7.012810e-002	-6.986194e-002
4.521766428571537e-002	-7.011645e-002	-6.987359e-002
4.521845000000110e-002	-7.010610e-002	-6.988395e-002
4.521923571428684e-002	-7.009655e-002	-6.989349e-002
4.522002142857258e-002	-7.008769e-002	-6.990236e-002
4.522080714285832e-002	-7.007950e-002	-6.991054e-002
4.522159285714405e-002	-7.007200e-002	-6.991805e-002
4.522237857142979e-002	-7.006518e-002	-6.992487e-002
4.522316428571552e-002	-7.005904e-002	-6.993101e-002
4.522395000000126e-002	-7.005359e-002	-6.993648e-002
4.522473571428700e-002	-7.004856e-002	-6.994151e-002
4.522552142857274e-002	-7.004388e-002	-6.994619e-002
4.522630714285848e-002	-7.003957e-002	-6.995050e-002
4.522709285714421e-002	-7.003562e-002	-6.995446e-002
4.522787857142994e-002	-7.003203e-002	-6.995806e-002
4.522866428571568e-002	-7.002879e-002	-6.996130e-002
4.522945000000142e-002	-7.002591e-002	-6.996418e-002
4.523023571428716e-002	-7.002326e-002	-6.996683e-002
4.523102142857290e-002	-7.002080e-002	-6.996930e-002
4.523180714285863e-002	-7.001853e-002	-6.997157e-002
4.523259285714436e-002	-7.001645e-002	-6.997366e-002
4.523337857143010e-002	-7.001455e-002	-6.997556e-002
4.523416428571584e-002	-7.001284e-002	-6.997726e-002
4.523495000000158e-002	-7.001133e-002	-6.997878e-002
4.523575000000160e-002	-7.000991e-002	-6.998020e-002
4.523655000000162e-002	-7.000859e-002	-6.998153e-002
4.523735000000165e-002	-7.000738e-002	-6.998274e-002
4.523815000000167e-002	-7.000626e-002	-6.998386e-002
4.523895000000169e-002	-7.000526e-002	-6.998487e-002
4.523975000000172e-002	-7.000435e-002	-6.998578e-002
4.524055000000174e-002	-7.000355e-002	-6.998659e-002
4.524136428571605e-002	-7.000280e-002	-6.998734e-002
4.524217857143036e-002	-7.000210e-002	-6.998804e-002
4.524299285714466e-002	-7.000146e-002	-6.998869e-002
4.524380714285898e-002	-7.000087e-002	-6.998928e-002
4.524462142857329e-002	-7.000034e-002	-6.998981e-002
4.524543571428760e-002	-6.999987e-002	-6.999029e-002
4.524625000000190e-002	-6.999945e-002	-6.999072e-002
4.524709285714478e-002	-6.999905e-002	-6.999112e-002
4.524793571428767e-002	-6.999868e-002	-6.999149e-002
4.524877857143055e-002	-6.999834e-002	-6.999183e-002
4.524962142857343e-002	-6.999803e-002	-6.999214e-002
4.525046428571631e-002	-6.999775e-002	-6.999242e-002
4.525130714285919e-002	-6.999750e-002	-6.999267e-002
4.525215000000207e-002	-6.999729e-002	-6.999289e-002
4.525249285714494e-002	-6.999721e-002	-6.999298e-002
4.525283571428781e-002	-6.999712e-002	-6.999307e-002
4.525317857143067e-002	-6.999705e-002	-6.999315e-002
4.525352142857354e-002	-6.999697e-002	-6.999323e-002
4.525386428571641e-002	-6.999690e-002	-6.999330e-002
4.525420714285928e-002	-6.999683e-002	-6.999337e-002
4.525455000000214e-002	-6.999676e-002	-6.999344e-002
4.525465000000215e-002	-6.999674e-002	-6.999346e-002
4.525557857143074e-002	-6.999658e-002	-6.999362e-002
4.525650714285934e-002	-6.999643e-002	-6.999378e-002
4.525743571428794e-002	-6.999629e-002	-6.999392e-002
4.525836428571654e-002	-6.999617e-002	-6.999404e-002
4.525929285714513e-002	-6.999606e-002	-6.999416e-002
4.526022142857374e-002	-6.999597e-002	-6.999426e-002
4.526115000000233e-002	-6.999588e-002	-6.999434e-002
4.526220714285951e-002	-6.999580e-002	-6.999443e-002
4.526326428571668e-002	-6.999572e-002	-6.999451e-002
4.526432142857385e-002	-6.999565e-002	-6.999459e-002
4.526537857143102e-002	-6.999559e-002	-6.999465e-002
4.526643571428820e-002	-6.999554e-002	-6.999471e-002
4.526749285714537e-002	-6.999549e-002	-6.999476e-002
4.526855000000254e-002	-6.999545e-002	-6.999480e-002
4.526987857143115e-002	-6.999541e-002	-6.999485e-002
4.527120714285977e-002	-6.999537e-002	-6.999489e-002
4.527253571428837e-002	-6.999534e-002	-6.999493e-002
4.527386428571698e-002	-6.999531e-002	-6.999496e-002
4.527519285714559e-002	-6.999529e-002	-6.999499e-002
4.527652142857420e-002	-6.999527e-002	-6.999502e-002
4.527785000000281e-002	-6.999526e-002	-6.999504e-002
4.527977857143144e-002	-6.999524e-002	-6.999506e-002
4.528170714286007e-002	-6.999523e-002	-6.999508e-002
4.528363571428869e-002	-6.999521e-002	-6.999510e-002
4.528556428571732e-002	-6.999520e-002	-6.999511e-002
4.528749285714594e-002	-6.999520e-002	-6.999513e-002
4.528942142857458e-002	-6.999519e-002	-6.999514e-002
4.529135000000320e-002	-6.999520e-002	-6.999515e-002
4.529519285714617e-002	-6.999520e-002	-6.999516e-002
4.529903571428914e-002	-6.999520e-002	-6.999518e-002
4.530287857143210e-002	-6.999520e-002	-6.999519e-002
4.530672142857507e-002	-6.999521e-002	-6.999520e-002
4.531056428571804e-002	-6.999522e-002	-6.999521e-002
4.531440714286101e-002	-6.999522e-002	-6.999522e-002
4.531825000000397e-002	-6.999523e-002	-6.999523e-002
4.535705000000509e-002	-6.999531e-002	-6.999531e-002
4.545945000000803e-002	-6.999552e-002	-6.999552e-002
4.556185000001098e-002	-6.999571e-002	-6.999571e-002
4.566425000001392e-002	-6.999590e-002	-6.999590e-002
4.576665000001687e-002	-6.999607e-002	-6.999607e-002
4.586905000001981e-002	-6.999625e-002	-6.999625e-002
4.597145000002276e-002	-6.999641e-002	-6.999641e-002
4.607385000002570e-002	-6.999657e-002	-6.999657e-002
4.617625000002865e-002	-6.999671e-002	-6.999671e-002
4.627865000003159e-002	-6.999686e-002	-6.999686e-002
4.638105000003454e-002	-6.999700e-002	-6.999700e-002
4.648345000003748e-002	-6.999713e-002	-6.999713e-002
4.658585000004042e-002	-6.999726e-002	-6.999726e-002
4.668825000004337e-002	-6.999738e-002	-6.999738e-002
4.679065000004631e-002	-6.999750e-002	-6.999750e-002
4.689305000004926e-002	-6.999761e-002	-6.999761e-002
4.699545000005220e-002	-6.999771e-002	-6.999771e-002
4.709785000005515e-002	-6.999782e-002	-6.999782e-002
4.720025000005809e-002	-6.999791e-002	-6.999791e-002
4.730265000006104e-002	-6.999801e-002	-6.999801e-002
4.740505000006398e-002	-6.999810e-002	-6.999810e-002
4.750745000006693e-002	-6.999818e-002	-6.999818e-002
4.760985000006987e-002	-6.999827e-002	-6.999827e-002
4.771225000007281e-002	-6.999835e-002	-6.999835e-002
4.781465000007576e-002	-6.999842e-002	-6.999842e-002
4.791705000007870e-002	-6.999850e-002	-6.999850e-002
4.801945000008165e-002	-6.999856e-002	-6.999856e-002
4.812185000008459e-002	-6.999864e-002	-6.999864e-002
4.822425000008754e-002	-6.999870e-002	-6.999870e-002
4.832665000009048e-002	-6.999876e-002	-6.999876e-002
4.842905000009343e-002	-6.999882e-002	-6.999882e-002
4.853145000009637e-002	-6.999888e-002	-6.999888e-002
4.863385000009932e-002	-6.999893e-002	-6.999893e-002
4.873625000010226e-002	-6.999898e-002	-6.999898e-002
4.883865000010521e-002	-6.999903e-002	-6.999903e-002
4.894105000010815e-002	-6.999908e-002	-6.999908e-002
4.904345000011109e-002	-6.999912e-002	-6.999912e-002
4.914585000011404e-002	-6.999917e-002	-6.999917e-002
4.924825000011698e-002	-6.999921e-002	-6.999921e-002
4.935065000011993e-002	-6.999925e-002	-6.999925e-002
4.945305000012287e-002	-6.999929e-002	-6.999929e-002
4.955545000012582e-002	-6.999932e-002	-6.999932e-002
4.965785000012876e-002	-6.999936e-002	-6.999936e-002
4.976025000013171e-002	-6.999940e-002	-6.999940e-002
4.986265000013465e-002	-6.999943e-002	-6.999943e-002
4.996505000013760e-002	-6.999946e-002	-6.999946e-002
4.999995000013860e-002	-6.999946e-002	-6.999946e-002
5.000000000000000e-002	-6.999946e-002	-6.999946e-002
