time	V(N008,N005)	V(N009,N004)	V(n001)	V(n002)	V(n003)	V(n004)	V(n005)	V(n006)	V(n007)	V(n008)	V(n009)	I(C1)	I(C2)	I(C3)	I(C4)	I(R1)	I(R2)	I(R3)	I(R4)	I(R5)	I(R6)	I(R7)	I(R8)	I(R9)	I(V1)	I(V2)	I(V3)
0.000000000000000e+000	-7.000000e-002	-7.000000e-002	0.000000e+000	-2.100000e-020	-2.100000e-020	-2.102100e-020	-2.102100e-020	-2.102100e-020	-2.102100e-020	-7.000000e-002	-7.000000e-002	4.200000e-025	4.200000e-025	2.100000e-038	2.100000e-038	-4.361351e-036	-4.361351e-036	0.000000e+000	-3.009266e-036	4.200000e-025	4.200000e-025	0.000000e+000	4.200000e-025	4.200000e-025	-1.261169e-043	-1.261169e-043	-4.200000e-025
1.000000000000000e-003	-7.000000e-002	-7.000000e-002	0.000000e+000	-7.919646e-017	-7.919646e-017	-1.309967e-015	-1.309967e-015	-9.565618e-012	-9.565618e-012	-7.000000e-002	-7.000000e-002	2.459170e-017	2.459170e-017	2.461404e-017	2.461404e-017	2.391077e-020	2.391077e-020	0.000000e+000	1.972152e-031	2.461541e-017	2.461541e-017	-1.144553e-032	1.583929e-021	1.583929e-021	-2.391077e-020	-2.391077e-020	-2.461562e-017
1.000000100000000e-003	-7.241274e-002	-6.758723e-002	-5.000000e-001	-4.999984e-001	-1.612581e-006	-2.524271e-001	-2.475729e-001	-2.500143e-001	-2.499857e-001	-3.199857e-001	-3.200143e-001	-9.724383e-005	9.724383e-005	-1.209424e-002	1.209424e-002	-6.043417e-012	6.043417e-012	9.724384e-005	4.854182e-003	-4.951426e-003	4.951426e-003	7.142811e-003	-3.225162e-011	3.225162e-011	6.043404e-012	-6.043405e-012	1.209424e-002
1.000000300000000e-003	-7.733679e-002	-6.266320e-002	-1.500000e+000	-1.499993e+000	-6.967809e-006	-7.573521e-001	-7.426479e-001	-7.500153e-001	-7.499847e-001	-8.199847e-001	-8.200153e-001	-1.485577e-004	1.485577e-004	-3.628119e-002	3.628119e-002	-1.834319e-011	1.834319e-011	1.485577e-004	1.470426e-002	-1.485282e-002	1.485282e-002	2.142837e-002	-1.393562e-010	1.393562e-010	1.834332e-011	-1.834338e-011	3.628119e-002
1.000000906677515e-003	-9.235406e-002	-4.764581e-002	-4.533388e+000	-4.533336e+000	-5.116746e-005	-2.289063e+000	-2.244325e+000	-2.266708e+000	-2.266679e+000	-2.336679e+000	-2.336708e+000	-1.483251e-004	1.483251e-004	-1.096467e-001	1.096467e-001	-5.588436e-011	5.588436e-011	1.483251e-004	4.473716e-002	-4.488548e-002	4.488548e-002	6.476121e-002	-1.023349e-009	1.023349e-009	5.588332e-011	-5.588431e-011	1.096467e-001
1.000001000000000e-003	-9.466171e-002	-4.533839e-002	-5.000000e+000	-4.999939e+000	-6.107186e-005	-2.524677e+000	-2.475323e+000	-2.500015e+000	-2.499985e+000	-2.569985e+000	-2.570015e+000	-1.517392e-004	1.517392e-004	-1.209321e-001	1.209321e-001	-6.165395e-011	6.165395e-011	1.517393e-004	4.935350e-002	-4.950524e-002	4.950524e-002	7.142682e-002	-1.221437e-009	1.221437e-009	6.165213e-011	-6.165357e-011	1.209321e-001
1.000001009885910e-003	-9.471440e-002	-4.528546e-002	-5.000000e+000	-4.999938e+000	-6.226738e-005	-2.524719e+000	-2.475281e+000	-2.500004e+000	-2.499996e+000	-2.569996e+000	-2.570004e+000	-6.755667e-005	6.755667e-005	-1.209312e-001	1.209312e-001	-6.177915e-011	6.177915e-011	6.755674e-005	4.943683e-002	-4.950439e-002	4.950439e-002	7.142679e-002	-1.245348e-009	1.245348e-009	6.177821e-011	-6.178014e-011	1.209312e-001
1.000001029657729e-003	-9.475064e-002	-4.524922e-002	-5.000000e+000	-4.999935e+000	-6.465839e-005	-2.524749e+000	-2.475251e+000	-2.499998e+000	-2.500002e+000	-2.570002e+000	-2.569998e+000	-6.151164e-006	6.151164e-006	-1.209305e-001	1.209305e-001	-6.187044e-011	6.187044e-011	6.151226e-006	4.949758e-002	-4.950373e-002	4.950373e-002	7.142673e-002	-1.293168e-009	1.293168e-009	6.186910e-011	-6.186984e-011	1.209305e-001
1.000001069201366e-003	-9.475136e-002	-4.524875e-002	-5.000000e+000	-4.999930e+000	-6.944041e-005	-2.524753e+000	-2.475247e+000	-2.500001e+000	-2.499999e+000	-2.569999e+000	-2.570001e+000	1.572059e-006	-1.572059e-006	-1.209301e-001	1.209301e-001	-6.188181e-011	6.188181e-011	-1.571997e-006	4.950513e-002	-4.950356e-002	4.950356e-002	7.142659e-002	-1.388808e-009	1.388808e-009	6.188009e-011	-6.188065e-011	1.209302e-001
1.000001148288642e-003	-9.475255e-002	-4.524755e-002	-5.000000e+000	-4.999921e+000	-7.900442e-005	-2.524751e+000	-2.475249e+000	-2.499999e+000	-2.500001e+000	-2.570001e+000	-2.569999e+000	-5.232320e-007	5.232320e-007	-1.209297e-001	1.209297e-001	-6.187845e-011	6.187845e-011	5.232938e-007	4.950287e-002	-4.950339e-002	4.950339e-002	7.142632e-002	-1.580088e-009	1.580088e-009	6.187713e-011	-6.187883e-011	1.209297e-001
1.000001295717714e-003	-9.475064e-002	-4.524922e-002	-5.000000e+000	-4.999903e+000	-9.683286e-005	-2.524752e+000	-2.475248e+000	-2.500001e+000	-2.499999e+000	-2.569999e+000	-2.570001e+000	2.659463e-007	-2.659463e-007	-1.209288e-001	1.209288e-001	-6.187919e-011	6.187919e-011	-2.658844e-007	4.950330e-002	-4.950303e-002	4.950303e-002	7.142580e-002	-1.936657e-009	1.936657e-009	6.187856e-011	-6.187851e-011	1.209288e-001
1.000001590575857e-003	-9.475207e-002	-4.524779e-002	-5.000000e+000	-4.999867e+000	-1.324893e-004	-2.524751e+000	-2.475249e+000	-2.499999e+000	-2.500001e+000	-2.570001e+000	-2.569999e+000	-1.116479e-007	1.116479e-007	-1.209271e-001	1.209271e-001	-6.187775e-011	6.187775e-011	1.117097e-007	4.950222e-002	-4.950233e-002	4.950233e-002	7.142479e-002	-2.649785e-009	2.649785e-009	6.187759e-011	-6.187624e-011	1.209271e-001
1.000002180292143e-003	-9.474945e-002	-4.525042e-002	-5.000000e+000	-4.999796e+000	-2.038002e-004	-2.524750e+000	-2.475250e+000	-2.500001e+000	-2.499999e+000	-2.569999e+000	-2.570001e+000	6.413075e-008	-6.413075e-008	-1.209237e-001	1.209237e-001	-6.187624e-011	6.187624e-011	-6.406890e-008	4.950098e-002	-4.950091e-002	4.950091e-002	7.142275e-002	-4.076004e-009	4.076004e-009	6.187621e-011	-6.187689e-011	1.209237e-001
1.000003359724715e-003	-9.474993e-002	-4.524994e-002	-5.000000e+000	-4.999654e+000	-3.464143e-004	-2.524749e+000	-2.475251e+000	-2.499999e+000	-2.500001e+000	-2.570001e+000	-2.569999e+000	-2.069297e-008	2.069297e-008	-1.209168e-001	1.209168e-001	-6.187258e-011	6.187258e-011	2.075482e-008	4.949807e-002	-4.949809e-002	4.949809e-002	7.141867e-002	-6.928287e-009	6.928287e-009	6.187286e-011	-6.187480e-011	1.209168e-001
1.000005718589859e-003	-9.474516e-002	-4.525471e-002	-5.000000e+000	-4.999368e+000	-6.316122e-004	-2.524746e+000	-2.475254e+000	-2.500001e+000	-2.499999e+000	-2.569999e+000	-2.570001e+000	2.097340e-008	-2.097340e-008	-1.209030e-001	1.209030e-001	-6.186559e-011	6.186559e-011	-2.091156e-008	4.949246e-002	-4.949244e-002	4.949244e-002	7.141052e-002	-1.263224e-008	1.263224e-008	6.186592e-011	-6.186749e-011	1.209030e-001
1.000010436320146e-003	-9.474134e-002	-4.525852e-002	-5.000000e+000	-4.998798e+000	-1.201886e-003	-2.524740e+000	-2.475260e+000	-2.499999e+000	-2.500001e+000	-2.570001e+000	-2.569999e+000	3.218096e-010	-3.218096e-010	-1.208754e-001	1.208754e-001	-6.185144e-011	6.185144e-011	-2.599639e-010	4.948115e-002	-4.948115e-002	4.948115e-002	7.139423e-002	-2.403772e-008	2.403772e-008	6.185117e-011	-6.185264e-011	1.208754e-001
1.000019871780722e-003	-9.472823e-002	-4.527164e-002	-5.000000e+000	-4.997658e+000	-2.341945e-003	-2.524729e+000	-2.475271e+000	-2.500001e+000	-2.499999e+000	-2.569999e+000	-2.570001e+000	1.059804e-008	-1.059804e-008	-1.208202e-001	1.208202e-001	-6.182323e-011	6.182323e-011	-1.053619e-008	4.945859e-002	-4.945857e-002	4.945857e-002	7.136166e-002	-4.683890e-008	4.683890e-008	6.182173e-011	-6.182327e-011	1.208202e-001
1.000038742701873e-003	-9.470749e-002	-4.529238e-002	-5.000000e+000	-4.995380e+000	-4.620113e-003	-2.524707e+000	-2.475293e+000	-2.499999e+000	-2.500001e+000	-2.570001e+000	-2.569999e+000	5.463031e-009	-5.463031e-009	-1.207099e-001	1.207099e-001	-6.176683e-011	6.176683e-011	-5.401186e-009	4.941347e-002	-4.941346e-002	4.941346e-002	7.129657e-002	-9.240226e-008	9.240226e-008	6.176561e-011	-6.176596e-011	1.207100e-001
1.000076484544176e-003	-9.466100e-002	-4.533911e-002	-5.000000e+000	-4.990831e+000	-9.168660e-003	-2.524662e+000	-2.475338e+000	-2.500001e+000	-2.499999e+000	-2.569999e+000	-2.570001e+000	8.011436e-009	-8.011436e-009	-1.204898e-001	1.204898e-001	-6.165425e-011	6.165425e-011	-7.949590e-009	4.932340e-002	-4.932339e-002	4.932339e-002	7.116661e-002	-1.833732e-007	1.833732e-007	6.165468e-011	-6.165428e-011	1.204900e-001
1.000151968228781e-003	-9.457278e-002	-4.542708e-002	-5.000000e+000	-4.981765e+000	-1.823471e-002	-2.524572e+000	-2.475428e+000	-2.499999e+000	-2.500001e+000	-2.570001e+000	-2.569999e+000	6.705401e-009	-6.705401e-009	-1.200511e-001	1.200511e-001	-6.142985e-011	6.142985e-011	-6.643707e-009	4.914387e-002	-4.914387e-002	4.914387e-002	7.090758e-002	-3.646942e-007	3.646942e-007	6.142962e-011	-6.143058e-011	1.200514e-001
1.000302935597991e-003	-9.439278e-002	-4.560733e-002	-5.000000e+000	-4.963757e+000	-3.624346e-002	-2.524394e+000	-2.475606e+000	-2.500001e+000	-2.499999e+000	-2.569999e+000	-2.570001e+000	7.293389e-009	-7.293389e-009	-1.191796e-001	1.191796e-001	-6.098409e-011	6.098409e-011	-7.232302e-009	4.878727e-002	-4.878726e-002	4.878726e-002	7.039304e-002	-7.248692e-007	7.248692e-007	6.098249e-011	-6.098386e-011	1.191803e-001
1.000604870336410e-003	-9.404278e-002	-4.595709e-002	-5.000000e+000	-4.928226e+000	-7.177423e-002	-2.524042e+000	-2.475958e+000	-2.499999e+000	-2.500001e+000	-2.570001e+000	-2.569999e+000	6.871232e-009	-6.871232e-009	-1.174601e-001	1.174601e-001	-6.010461e-011	6.010461e-011	-6.811206e-009	4.808369e-002	-4.808368e-002	4.808368e-002	6.937788e-002	-1.435485e-006	1.435485e-006	6.010457e-011	-6.010468e-011	1.174616e-001
1.001208739813249e-003	-9.335470e-002	-4.664540e-002	-5.000000e+000	-4.858893e+000	-1.411074e-001	-2.523355e+000	-2.476645e+000	-2.500001e+000	-2.499999e+000	-2.569999e+000	-2.570001e+000	6.820617e-009	-6.820617e-009	-1.141049e-001	1.141049e-001	-5.838844e-011	5.838844e-011	-6.762355e-009	4.671075e-002	-4.671074e-002	4.671074e-002	6.739693e-002	-2.822149e-006	2.822149e-006	5.838953e-011	-5.839001e-011	1.141077e-001
1.002208739813249e-003	-9.225845e-002	-4.774141e-002	-5.000000e+000	-4.748013e+000	-2.519877e-001	-2.522258e+000	-2.477742e+000	-2.499999e+000	-2.500001e+000	-2.570001e+000	-2.569999e+000	6.459686e-009	-6.459686e-009	-1.087390e-001	1.087390e-001	-5.564388e-011	5.564388e-011	-6.404207e-009	4.451510e-002	-4.451510e-002	4.451510e-002	6.422892e-002	-5.039754e-006	5.039754e-006	5.564472e-011	-5.564511e-011	1.087440e-001
1.003208739813249e-003	-9.120560e-002	-4.879451e-002	-5.000000e+000	-4.641842e+000	-3.581577e-001	-2.521206e+000	-2.478794e+000	-2.500001e+000	-2.499999e+000	-2.569999e+000	-2.570001e+000	6.154551e-009	-6.154551e-009	-1.036011e-001	1.036011e-001	-5.301591e-011	5.301591e-011	-6.101573e-009	4.241272e-002	-4.241272e-002	4.241272e-002	6.119549e-002	-7.163154e-006	7.163154e-006	5.301688e-011	-5.301560e-011	1.036082e-001
1.004208739813249e-003	-9.020567e-002	-4.979420e-002	-5.000000e+000	-4.540689e+000	-4.593112e-001	-2.520205e+000	-2.479795e+000	-2.499999e+000	-2.500001e+000	-2.570001e+000	-2.569999e+000	5.863740e-009	-5.863740e-009	-9.870589e-002	9.870589e-002	-5.051211e-011	5.051211e-011	-5.813035e-009	4.040968e-002	-4.040968e-002	4.040968e-002	5.830539e-002	-9.186224e-006	9.186224e-006	5.051307e-011	-5.051090e-011	9.871507e-002
1.005208739813249e-003	-8.924985e-002	-5.075026e-002	-5.000000e+000	-4.444315e+000	-5.556851e-001	-2.519251e+000	-2.480749e+000	-2.500001e+000	-2.499999e+000	-2.569999e+000	-2.570001e+000	5.586571e-009	-5.586571e-009	-9.404203e-002	9.404203e-002	-4.812661e-011	4.812661e-011	-5.538368e-009	3.850129e-002	-3.850129e-002	3.850129e-002	5.555185e-002	-1.111370e-005	1.111370e-005	4.812704e-011	-4.812576e-011	9.405314e-002
1.006208739813249e-003	-8.834243e-002	-5.165744e-002	-5.000000e+000	-4.352494e+000	-6.475054e-001	-2.518342e+000	-2.481658e+000	-2.499999e+000	-2.500001e+000	-2.570001e+000	-2.569999e+000	5.322590e-009	-5.322590e-009	-8.959853e-002	8.959853e-002	-4.585383e-011	4.585383e-011	-5.276888e-009	3.668307e-002	-3.668306e-002	3.668306e-002	5.292842e-002	-1.295011e-005	1.295011e-005	4.585454e-011	-4.585414e-011	8.961148e-002
1.007208739813249e-003	-8.747458e-002	-5.252552e-002	-5.000000e+000	-4.265013e+000	-7.349871e-001	-2.517475e+000	-2.482525e+000	-2.500001e+000	-2.499999e+000	-2.569999e+000	-2.570001e+000	5.071115e-009	-5.071115e-009	-8.536499e-002	8.536499e-002	-4.368845e-011	4.368845e-011	-5.027687e-009	3.495076e-002	-3.495075e-002	3.495075e-002	5.042894e-002	-1.469974e-005	1.469974e-005	4.369001e-011	-4.368918e-011	8.537969e-002
1.009208739813249e-003	-8.586311e-002	-5.413699e-002	-5.000000e+000	-4.102254e+000	-8.977454e-001	-2.515864e+000	-2.484136e+000	-2.500001e+000	-2.499999e+000	-2.569999e+000	-2.570001e+000	4.603180e-009	-4.603180e-009	-7.748856e-002	7.748856e-002	-3.965977e-011	3.965978e-011	-4.563617e-009	3.172782e-002	-3.172781e-002	3.172781e-002	4.577870e-002	-1.795491e-005	1.795491e-005	3.966097e-011	-3.966013e-011	7.750651e-002
1.011208739813248e-003	-8.440042e-002	-5.559969e-002	-5.000000e+000	-3.954514e+000	-1.045486e+000	-2.514401e+000	-2.485599e+000	-2.500001e+000	-2.499999e+000	-2.569999e+000	-2.570001e+000	4.178446e-009	-4.178446e-009	-7.033888e-002	7.033888e-002	-3.600282e-011	3.600282e-011	-4.142748e-009	2.880226e-002	-2.880225e-002	2.880225e-002	4.155754e-002	-2.090973e-005	2.090973e-005	3.600341e-011	-3.600212e-011	7.035978e-002
1.013208739813248e-003	-8.307266e-002	-5.692744e-002	-5.000000e+000	-3.820405e+000	-1.179596e+000	-2.513073e+000	-2.486927e+000	-2.500001e+000	-2.499999e+000	-2.569999e+000	-2.570001e+000	3.793275e-009	-3.793275e-009	-6.384887e-002	6.384887e-002	-3.268328e-011	3.268328e-011	-3.760533e-009	2.614663e-002	-2.614662e-002	2.614662e-002	3.772584e-002	-2.359191e-005	2.359191e-005	3.268481e-011	-3.268353e-011	6.387246e-002
1.016208739813248e-003	-8.130860e-002	-5.869150e-002	-5.000000e+000	-3.642081e+000	-1.357919e+000	-2.511308e+000	-2.488692e+000	-2.499999e+000	-2.500001e+000	-2.570001e+000	-2.569999e+000	3.280093e-009	-3.280093e-009	-5.521918e-002	5.521918e-002	-2.826933e-011	2.826933e-011	-3.252126e-009	2.261546e-002	-2.261546e-002	2.261546e-002	3.263088e-002	-2.715838e-005	2.715838e-005	2.827079e-011	-2.827084e-011	5.524634e-002
1.019208739813248e-003	-7.978010e-002	-6.022000e-002	-5.000000e+000	-3.487859e+000	-1.512141e+000	-2.509781e+000	-2.490219e+000	-2.500001e+000	-2.499999e+000	-2.569999e+000	-2.570001e+000	2.836941e-009	-2.836941e-009	-4.775586e-002	4.775586e-002	-2.445195e-011	2.445196e-011	-2.812612e-009	1.956156e-002	-1.956156e-002	1.956156e-002	2.822454e-002	-3.024282e-005	3.024282e-005	2.445370e-011	-2.445198e-011	4.778610e-002
1.022208739813248e-003	-7.846117e-002	-6.153893e-002	-5.000000e+000	-3.354481e+000	-1.645519e+000	-2.508460e+000	-2.491540e+000	-2.499999e+000	-2.500001e+000	-2.570001e+000	-2.569999e+000	2.453817e-009	-2.453817e-009	-4.130127e-002	4.130127e-002	-2.115053e-011	2.115054e-011	-2.432216e-009	1.692042e-002	-1.692042e-002	1.692042e-002	2.441375e-002	-3.291037e-005	3.291037e-005	2.115199e-011	-2.115115e-011	4.133418e-002
1.025208739813247e-003	-7.731724e-002	-6.268287e-002	-5.000000e+000	-3.239131e+000	-1.760869e+000	-2.507318e+000	-2.492682e+000	-2.500001e+000	-2.499999e+000	-2.569999e+000	-2.570001e+000	2.122079e-009	-2.122079e-009	-3.571907e-002	3.571907e-002	-1.829532e-011	1.829533e-011	-2.103889e-009	1.463626e-002	-1.463626e-002	1.463626e-002	2.111803e-002	-3.521738e-005	3.521738e-005	1.829629e-011	-1.829589e-011	3.575429e-002
1.028208739813247e-003	-7.633138e-002	-6.366873e-002	-5.000000e+000	-3.139371e+000	-1.860629e+000	-2.506330e+000	-2.493670e+000	-2.499999e+000	-2.500001e+000	-2.570001e+000	-2.569999e+000	1.835133e-009	-1.835133e-009	-3.089134e-002	3.089134e-002	-1.582601e-011	1.582602e-011	-1.819444e-009	1.266081e-002	-1.266081e-002	1.266081e-002	1.826775e-002	-3.721258e-005	3.721258e-005	1.582672e-011	-1.582722e-011	3.092856e-002
1.031208739813247e-003	-7.547545e-002	-6.452465e-002	-5.000000e+000	-3.053095e+000	-1.946905e+000	-2.505476e+000	-2.494524e+000	-2.500001e+000	-2.499999e+000	-2.569999e+000	-2.570001e+000	1.587068e-009	-1.587068e-009	-2.671613e-002	2.671613e-002	-1.369046e-011	1.369047e-011	-1.573426e-009	1.095237e-002	-1.095237e-002	1.095237e-002	1.580270e-002	-3.893811e-005	3.893811e-005	1.368938e-011	-1.368898e-011	2.675507e-002
1.034208739813247e-003	-7.473826e-002	-6.526184e-002	-5.000000e+000	-2.978479e+000	-2.021521e+000	-2.504737e+000	-2.495263e+000	-2.499999e+000	-2.500001e+000	-2.570001e+000	-2.569999e+000	1.372655e-009	-1.372655e-009	-2.310523e-002	2.310523e-002	-1.184353e-011	1.184355e-011	-1.361059e-009	9.474833e-003	-9.474831e-003	9.474831e-003	1.367083e-002	-4.043042e-005	4.043042e-005	1.184385e-011	-1.184479e-011	2.314566e-002
1.037208739813246e-003	-7.409763e-002	-6.590247e-002	-5.000000e+000	-2.913948e+000	-2.086052e+000	-2.504098e+000	-2.495902e+000	-2.500001e+000	-2.499999e+000	-2.569999e+000	-2.570001e+000	1.187118e-009	-1.187118e-009	-1.998237e-002	1.998237e-002	-1.024624e-011	1.024625e-011	-1.176659e-009	8.196997e-003	-8.196996e-003	8.196996e-003	1.182709e-002	-4.172104e-005	4.172104e-005	1.024666e-011	-1.024627e-011	2.002409e-002
1.040208739813246e-003	-7.354689e-002	-6.645322e-002	-5.000000e+000	-2.858140e+000	-2.141860e+000	-2.503546e+000	-2.496454e+000	-2.499999e+000	-2.500001e+000	-2.570001e+000	-2.569999e+000	1.026365e-009	-1.026365e-009	-1.728159e-002	1.728159e-002	-8.864833e-012	8.864847e-012	-1.017952e-009	7.091872e-003	-7.091871e-003	7.091871e-003	1.023256e-002	-4.283721e-005	4.283721e-005	8.864394e-012	-8.863557e-012	1.732443e-002
1.043208739813246e-003	-7.306719e-002	-6.693292e-002	-5.000000e+000	-2.809874e+000	-2.190126e+000	-2.503068e+000	-2.496932e+000	-2.500001e+000	-2.499999e+000	-2.569999e+000	-2.570001e+000	8.878942e-010	-8.878942e-010	-1.494584e-002	1.494584e-002	-7.670134e-012	7.670149e-012	-8.801635e-010	6.136113e-003	-6.136112e-003	6.136112e-003	8.853533e-003	-4.380253e-005	4.380253e-005	7.669196e-012	-7.669692e-012	1.498965e-002
1.046208739813246e-003	-7.265568e-002	-6.734443e-002	-5.000000e+000	-2.768131e+000	-2.231869e+000	-2.502655e+000	-2.497345e+000	-2.499999e+000	-2.500001e+000	-2.570001e+000	-2.569999e+000	7.678409e-010	-7.678409e-010	-1.292579e-002	1.292579e-002	-6.636908e-012	6.636925e-012	-7.612471e-010	5.309533e-003	-5.309532e-003	5.309532e-003	7.660897e-003	-4.463737e-005	4.463737e-005	6.635994e-012	-6.636490e-012	1.297043e-002
1.049208739813245e-003	-7.229662e-002	-6.770349e-002	-5.000000e+000	-2.732031e+000	-2.267969e+000	-2.502297e+000	-2.497703e+000	-2.500001e+000	-2.499999e+000	-2.569999e+000	-2.570001e+000	6.641585e-010	-6.641585e-010	-1.117877e-002	1.117877e-002	-5.743331e-012	5.743349e-012	-6.582468e-010	4.594672e-003	-4.594671e-003	4.594671e-003	6.629454e-003	-4.535938e-005	4.535938e-005	5.743980e-012	-5.744476e-012	1.122413e-002
1.052208739813245e-003	-7.198906e-002	-6.801105e-002	-5.000000e+000	-2.700809e+000	-2.299191e+000	-2.501988e+000	-2.498012e+000	-2.499999e+000	-2.500001e+000	-2.570001e+000	-2.569999e+000	5.743459e-010	-5.743459e-010	-9.667865e-003	9.667865e-003	-4.970528e-012	4.970547e-012	-5.693437e-010	3.976430e-003	-3.976429e-003	3.976429e-003	5.737419e-003	-4.598380e-005	4.598380e-005	4.971577e-012	-4.972073e-012	9.713849e-003
1.055208739813245e-003	-7.172012e-002	-6.827998e-002	-5.000000e+000	-2.673808e+000	-2.326192e+000	-2.501721e+000	-2.498279e+000	-2.500001e+000	-2.499999e+000	-2.569999e+000	-2.570001e+000	4.970389e-010	-4.970389e-010	-8.361175e-003	8.361175e-003	-4.302176e-012	4.302195e-012	-4.924914e-010	3.441748e-003	-3.441748e-003	3.441748e-003	4.965951e-003	-4.652383e-005	4.652383e-005	4.303190e-012	-4.302798e-012	8.407699e-003
1.058208739813245e-003	-7.149053e-002	-6.850958e-002	-5.000000e+000	-2.650456e+000	-2.349544e+000	-2.501490e+000	-2.498510e+000	-2.499999e+000	-2.500001e+000	-2.570001e+000	-2.569999e+000	4.295089e-010	-4.295089e-010	-7.231094e-003	7.231094e-003	-3.724157e-012	3.724177e-012	-4.258709e-010	2.979334e-003	-2.979333e-003	2.979333e-003	4.298752e-003	-4.699087e-005	4.699087e-005	3.724674e-012	-3.724282e-012	7.278085e-003
1.061208739813244e-003	-7.128906e-002	-6.871104e-002	-5.000000e+000	-2.630260e+000	-2.369740e+000	-2.501290e+000	-2.498710e+000	-2.500001e+000	-2.499999e+000	-2.569999e+000	-2.570001e+000	3.715286e-010	-3.715286e-010	-6.253753e-003	6.253753e-003	-3.224261e-012	3.224283e-012	-3.683454e-010	2.579418e-003	-2.579417e-003	2.579417e-003	3.721731e-003	-4.739479e-005	4.739479e-005	3.226030e-012	-3.224306e-012	6.301148e-003
1.064208739813244e-003	-7.111764e-002	-6.888247e-002	-5.000000e+000	-2.612794e+000	-2.387206e+000	-2.501117e+000	-2.498883e+000	-2.499999e+000	-2.500001e+000	-2.570001e+000	-2.569999e+000	3.212790e-010	-3.212790e-010	-5.408508e-003	5.408508e-003	-2.791931e-012	2.791954e-012	-3.185505e-010	2.233554e-003	-2.233553e-003	2.233553e-003	3.222698e-003	-4.774411e-005	4.774411e-005	2.793172e-012	-2.793669e-012	5.456252e-003
1.067208739813244e-003	-7.096648e-002	-6.903362e-002	-5.000000e+000	-2.597689e+000	-2.402311e+000	-2.500967e+000	-2.499033e+000	-2.500001e+000	-2.499999e+000	-2.569999e+000	-2.570001e+000	2.780780e-010	-2.780780e-010	-4.677504e-003	4.677504e-003	-2.418033e-012	2.418057e-012	-2.755769e-010	1.934436e-003	-1.934436e-003	1.934436e-003	2.791115e-003	-4.804622e-005	4.804622e-005	2.418011e-012	-2.415842e-012	4.725550e-003
1.070208739813243e-003	-7.083869e-002	-6.916142e-002	-5.000000e+000	-2.584625e+000	-2.415375e+000	-2.500838e+000	-2.499162e+000	-2.499999e+000	-2.500001e+000	-2.570001e+000	-2.569999e+000	2.405613e-010	-2.405613e-010	-4.045302e-003	4.045302e-003	-2.094671e-012	2.094696e-012	-2.380602e-010	1.675747e-003	-1.675746e-003	1.675746e-003	2.417863e-003	-4.830749e-005	4.830749e-005	2.096179e-012	-2.095786e-012	4.093609e-003
1.073208739813243e-003	-7.072520e-002	-6.927490e-002	-5.000000e+000	-2.573327e+000	-2.426673e+000	-2.500726e+000	-2.499274e+000	-2.500001e+000	-2.499999e+000	-2.569999e+000	-2.570001e+000	2.075922e-010	-2.075922e-010	-3.498546e-003	3.498546e-003	-1.815013e-012	1.815039e-012	-2.057732e-010	1.452021e-003	-1.452021e-003	1.452021e-003	2.095059e-003	-4.853346e-005	4.853346e-005	1.816415e-012	-1.814691e-012	3.547080e-003
1.076208739813243e-003	-7.063031e-002	-6.936979e-002	-5.000000e+000	-2.563556e+000	-2.436444e+000	-2.500629e+000	-2.499371e+000	-2.499999e+000	-2.500001e+000	-2.570001e+000	-2.569999e+000	1.796252e-010	-1.796252e-010	-3.025689e-003	3.025689e-003	-1.573154e-012	1.573181e-012	-1.782610e-010	1.258534e-003	-1.258534e-003	1.258534e-003	1.815884e-003	-4.872888e-005	4.872888e-005	1.574061e-012	-1.574557e-012	3.074418e-003
1.079208739813243e-003	-7.054472e-002	-6.945539e-002	-5.000000e+000	-2.555105e+000	-2.444895e+000	-2.500546e+000	-2.499454e+000	-2.500001e+000	-2.499999e+000	-2.569999e+000	-2.570001e+000	1.552962e-010	-1.552962e-010	-2.616743e-003	2.616743e-003	-1.363984e-012	1.364012e-012	-1.543867e-010	1.091198e-003	-1.091198e-003	1.091198e-003	1.574443e-003	-4.889789e-005	4.889789e-005	1.363789e-012	-1.363840e-012	2.665641e-003
1.082208739813242e-003	-7.047391e-002	-6.952620e-002	-5.000000e+000	-2.547797e+000	-2.452203e+000	-2.500473e+000	-2.499527e+000	-2.499999e+000	-2.500001e+000	-2.570001e+000	-2.569999e+000	1.343778e-010	-1.343778e-010	-2.263069e-003	2.263069e-003	-1.183084e-012	1.183114e-012	-1.332410e-010	9.464792e-004	-9.464790e-004	9.464790e-004	1.365634e-003	-4.904406e-005	4.904406e-005	1.181973e-012	-1.182913e-012	2.312113e-003
1.085208739813242e-003	-7.040977e-002	-6.959033e-002	-5.000000e+000	-2.541477e+000	-2.458523e+000	-2.500411e+000	-2.499589e+000	-2.500001e+000	-2.499999e+000	-2.569999e+000	-2.570001e+000	1.161879e-010	-1.161879e-010	-1.957197e-003	1.957197e-003	-1.026635e-012	1.026665e-012	-1.152785e-010	8.213200e-004	-8.213199e-004	8.213199e-004	1.185047e-003	-4.917047e-005	4.917047e-005	1.027455e-012	-1.027063e-012	2.006367e-003
1.088208739813242e-003	-7.035732e-002	-6.964278e-002	-5.000000e+000	-2.536011e+000	-2.463989e+000	-2.500356e+000	-2.499644e+000	-2.499999e+000	-2.500001e+000	-2.570001e+000	-2.569999e+000	1.007265e-010	-1.007265e-010	-1.692666e-003	1.692666e-003	-8.913308e-013	8.913623e-013	-9.981704e-011	7.130773e-004	-7.130771e-004	7.130771e-004	1.028868e-003	-4.927979e-005	4.927979e-005	8.923747e-013	-8.924264e-013	1.741946e-003
1.091208739813242e-003	-7.030892e-002	-6.969118e-002	-5.000000e+000	-2.531283e+000	-2.468717e+000	-2.500310e+000	-2.499690e+000	-2.500001e+000	-2.499999e+000	-2.569999e+000	-2.570001e+000	8.731149e-011	-8.731149e-011	-1.463888e-003	1.463888e-003	-7.743141e-013	7.743467e-013	-8.640200e-011	6.194643e-004	-6.194642e-004	6.194642e-004	8.937984e-004	-4.937434e-005	4.937434e-005	7.757055e-013	-7.748690e-013	1.513263e-003
1.094208739813241e-003	-7.027006e-002	-6.973004e-002	-5.000000e+000	-2.527194e+000	-2.472806e+000	-2.500269e+000	-2.499731e+000	-2.499999e+000	-2.500001e+000	-2.570001e+000	-2.569999e+000	7.503331e-011	-7.503331e-011	-1.266032e-003	1.266032e-003	-6.731131e-013	6.731468e-013	-7.480594e-011	5.385039e-004	-5.385039e-004	5.385039e-004	7.769841e-004	-4.945611e-005	4.945611e-005	6.723666e-013	-6.737506e-013	1.315488e-003
1.097208739813241e-003	-7.023335e-002	-6.976676e-002	-5.000000e+000	-2.523659e+000	-2.476341e+000	-2.500234e+000	-2.499766e+000	-2.500001e+000	-2.499999e+000	-2.569999e+000	-2.570001e+000	6.502887e-011	-6.502887e-011	-1.094917e-003	1.094917e-003	-5.855902e-013	5.856249e-013	-6.434675e-011	4.684860e-004	-4.684860e-004	4.684860e-004	6.759583e-004	-4.952683e-005	4.952683e-005	5.857931e-013	-5.854007e-013	1.144444e-003
1.100208739813241e-003	-7.020497e-002	-6.979513e-002	-5.000000e+000	-2.520601e+000	-2.479399e+000	-2.500204e+000	-2.499796e+000	-2.499999e+000	-2.500001e+000	-2.570001e+000	-2.569999e+000	5.616130e-011	-5.616130e-011	-9.469304e-004	9.469304e-004	-5.098966e-013	5.099324e-013	-5.570655e-011	4.079316e-004	-4.079315e-004	4.079315e-004	5.885869e-004	-4.958799e-005	4.958799e-005	5.110747e-013	-5.106823e-013	9.965184e-004
1.103208739813241e-003	-7.017708e-002	-6.982303e-002	-5.000000e+000	-2.517956e+000	-2.482044e+000	-2.500178e+000	-2.499822e+000	-2.500001e+000	-2.499999e+000	-2.569999e+000	-2.570001e+000	4.865797e-011	-4.865797e-011	-8.189451e-004	8.189451e-004	-4.444335e-013	4.444704e-013	-4.843059e-011	3.555616e-004	-3.555615e-004	3.555615e-004	5.130245e-004	-4.964088e-005	4.964088e-005	4.465334e-013	-4.448088e-013	8.685860e-004
1.106208739813240e-003	-7.015610e-002	-6.984401e-002	-5.000000e+000	-2.515669e+000	-2.484331e+000	-2.500155e+000	-2.499845e+000	-2.499999e+000	-2.500001e+000	-2.570001e+000	-2.569999e+000	4.229150e-011	-4.229150e-011	-7.082581e-004	7.082581e-004	-3.878182e-013	3.878563e-013	-4.160938e-011	3.102698e-004	-3.102698e-004	3.102698e-004	4.476749e-004	-4.968663e-005	4.968663e-005	3.870729e-013	-3.871246e-013	7.579447e-004
1.109208739813240e-003	-7.013488e-002	-6.986523e-002	-5.000000e+000	-2.513690e+000	-2.486310e+000	-2.500136e+000	-2.499864e+000	-2.500001e+000	-2.499999e+000	-2.569999e+000	-2.570001e+000	3.660716e-011	-3.660716e-011	-6.125313e-004	6.125313e-004	-3.388549e-013	3.388940e-013	-3.592504e-011	2.710996e-004	-2.710995e-004	2.710995e-004	3.911579e-004	-4.972619e-005	4.972619e-005	3.391393e-013	-3.387469e-013	6.622574e-004
1.112208739813240e-003	-7.011962e-002	-6.988049e-002	-5.000000e+000	-2.511980e+000	-2.488020e+000	-2.500119e+000	-2.499881e+000	-2.499999e+000	-2.500001e+000	-2.570001e+000	-2.569999e+000	3.160494e-011	-3.160494e-011	-5.297427e-004	5.297427e-004	-2.965093e-013	2.965495e-013	-3.092282e-011	2.372235e-004	-2.372235e-004	2.372235e-004	3.422796e-004	-4.976041e-005	4.976041e-005	2.980819e-013	-2.963573e-013	5.795031e-004
1.115208739813240e-003	-7.010317e-002	-6.989694e-002	-5.000000e+000	-2.510500e+000	-2.489500e+000	-2.500104e+000	-2.499896e+000	-2.500001e+000	-2.499999e+000	-2.569999e+000	-2.570001e+000	2.728484e-011	-2.728484e-011	-4.581437e-004	4.581437e-004	-2.598870e-013	2.599282e-013	-2.683009e-011	2.079261e-004	-2.079261e-004	2.079261e-004	3.000076e-004	-4.979000e-005	4.979000e-005	2.597524e-013	-2.598041e-013	5.079337e-004
1.118208739813239e-003	-7.009220e-002	-6.990790e-002	-5.000000e+000	-2.509221e+000	-2.490779e+000	-2.500091e+000	-2.499909e+000	-2.499999e+000	-2.500001e+000	-2.570001e+000	-2.569999e+000	2.364686e-011	-2.364686e-011	-3.962218e-004	3.962218e-004	-2.282144e-013	2.282567e-013	-2.341949e-011	1.825884e-004	-1.825884e-004	1.825884e-004	2.634490e-004	-4.981559e-005	4.981559e-005	2.285899e-013	-2.273093e-013	4.460374e-004
1.121208739813239e-003	-7.007957e-002	-6.992054e-002	-5.000000e+000	-2.508114e+000	-2.491886e+000	-2.500080e+000	-2.499920e+000	-2.500001e+000	-2.499999e+000	-2.569999e+000	-2.570001e+000	2.023626e-011	-2.023626e-011	-3.426693e-004	3.426693e-004	-2.008225e-013	2.008659e-013	-2.023626e-011	1.606754e-004	-1.606754e-004	1.606754e-004	2.318316e-004	-4.983772e-005	4.983772e-005	2.019032e-013	-2.019549e-013	3.925069e-004
1.124208739813239e-003	-7.007170e-002	-6.992841e-002	-5.000000e+000	-2.507157e+000	-2.492843e+000	-2.500071e+000	-2.499929e+000	-2.499999e+000	-2.500001e+000	-2.570001e+000	-2.569999e+000	1.796252e-011	-1.796252e-011	-2.963547e-004	2.963547e-004	-1.771328e-013	1.771773e-013	-1.728040e-011	1.417241e-004	-1.417240e-004	1.417240e-004	2.044875e-004	-4.985686e-005	4.985686e-005	1.781912e-013	-1.782429e-013	3.462116e-004
1.127208739813239e-003	-7.006192e-002	-6.993818e-002	-5.000000e+000	-2.506329e+000	-2.493671e+000	-2.500063e+000	-2.499937e+000	-2.500001e+000	-2.499999e+000	-2.569999e+000	-2.570001e+000	1.500666e-011	-1.500666e-011	-2.563000e-004	2.563000e-004	-1.566449e-013	1.566905e-013	-1.500666e-011	1.253342e-004	-1.253341e-004	1.253341e-004	1.808393e-004	-4.987341e-005	4.987341e-005	1.576281e-013	-1.567917e-013	3.061734e-004
1.130208739813238e-003	-7.005644e-002	-6.994367e-002	-5.000000e+000	-2.505614e+000	-2.494386e+000	-2.500056e+000	-2.499944e+000	-2.499999e+000	-2.500001e+000	-2.570001e+000	-2.569999e+000	1.341505e-011	-1.341505e-011	-2.216589e-004	2.216589e-004	-1.389260e-013	1.389726e-013	-1.318767e-011	1.111595e-004	-1.111595e-004	1.111595e-004	1.603872e-004	-4.988773e-005	4.988773e-005	1.395054e-013	-1.395571e-013	2.715467e-004
1.133208739813238e-003	-7.004881e-002	-6.995130e-002	-5.000000e+000	-2.504994e+000	-2.495006e+000	-2.500050e+000	-2.499950e+000	-2.500001e+000	-2.499999e+000	-2.569999e+000	-2.570001e+000	1.136868e-011	-1.136868e-011	-1.916999e-004	1.916999e-004	-1.236019e-013	1.236496e-013	-1.136868e-011	9.890062e-005	-9.890061e-005	9.890061e-005	1.426995e-004	-4.990011e-005	4.990011e-005	1.239185e-013	-1.230820e-013	2.416001e-004
1.136208739813238e-003	-7.004499e-002	-6.995511e-002	-5.000000e+000	-2.504459e+000	-2.495541e+000	-2.500044e+000	-2.499956e+000	-2.499999e+000	-2.500001e+000	-2.570001e+000	-2.569999e+000	9.777068e-012	-9.777068e-012	-1.657901e-004	1.657901e-004	-1.103490e-013	1.103977e-013	-9.549694e-012	8.829865e-005	-8.829864e-005	8.829864e-005	1.274023e-004	-4.991082e-005	4.991082e-005	1.110768e-013	-1.106845e-013	2.157010e-004
1.139208739813238e-003	-7.003880e-002	-6.996131e-002	-5.000000e+000	-2.503996e+000	-2.496004e+000	-2.500040e+000	-2.499960e+000	-2.500001e+000	-2.499999e+000	-2.569999e+000	-2.570001e+000	8.640200e-012	-8.640200e-012	-1.433823e-004	1.433823e-004	-9.888715e-014	9.893692e-014	-8.640200e-012	7.912963e-005	-7.912962e-005	7.912962e-005	1.141727e-004	-4.992008e-005	4.992008e-005	1.003697e-013	-9.997744e-014	1.933023e-004
1.142208739813237e-003	-7.003665e-002	-6.996346e-002	-5.000000e+000	-2.503596e+000	-2.496404e+000	-2.500036e+000	-2.499964e+000	-2.499999e+000	-2.500001e+000	-2.570001e+000	-2.569999e+000	7.275958e-012	-7.275958e-012	-1.240030e-004	1.240030e-004	-8.897443e-014	8.902524e-014	-7.275958e-012	7.119987e-005	-7.119986e-005	7.119986e-005	1.027312e-004	-4.992809e-005	4.992809e-005	9.077004e-014	-8.993366e-014	1.739311e-004
1.145208739813237e-003	-7.003140e-002	-6.996870e-002	-5.000000e+000	-2.503249e+000	-2.496751e+000	-2.500032e+000	-2.499968e+000	-2.500001e+000	-2.499999e+000	-2.569999e+000	-2.570001e+000	6.366463e-012	-6.366463e-012	-1.072430e-004	1.072430e-004	-8.040142e-014	8.045327e-014	-6.139089e-012	6.434188e-005	-6.434187e-005	6.434187e-005	9.283613e-005	-4.993501e-005	4.993501e-005	8.051053e-014	-8.145051e-014	1.571780e-004
1.148208739813237e-003	-7.002997e-002	-6.997013e-002	-5.000000e+000	-2.502950e+000	-2.497050e+000	-2.500029e+000	-2.499971e+000	-2.499999e+000	-2.500001e+000	-2.570001e+000	-2.569999e+000	5.456968e-012	-5.456968e-012	-9.274823e-005	9.274823e-005	-7.298705e-014	7.303995e-014	-5.456968e-012	5.841080e-005	-5.841079e-005	5.841079e-005	8.427844e-005	-4.994101e-005	4.994101e-005	7.410096e-014	-7.326459e-014	1.426892e-004
1.151208739813237e-003	-7.002592e-002	-6.997418e-002	-5.000000e+000	-2.502691e+000	-2.497309e+000	-2.500027e+000	-2.499973e+000	-2.500001e+000	-2.499999e+000	-2.569999e+000	-2.570001e+000	4.774847e-012	-4.774847e-012	-8.021255e-005	8.021255e-005	-6.657471e-014	6.662869e-014	-4.774847e-012	5.328136e-005	-5.328135e-005	5.328135e-005	7.687738e-005	-4.994619e-005	4.994619e-005	6.782412e-014	-6.743185e-014	1.301587e-004
1.154208739813236e-003	-7.002521e-002	-6.997490e-002	-5.000000e+000	-2.502467e+000	-2.497533e+000	-2.500024e+000	-2.499976e+000	-2.499999e+000	-2.500001e+000	-2.570001e+000	-2.569999e+000	4.092726e-012	-4.092726e-012	-6.937117e-005	6.937117e-005	-6.102899e-014	6.108401e-014	-4.092726e-012	4.884520e-005	-4.884520e-005	4.884520e-005	7.047664e-005	-4.995066e-005	4.995066e-005	6.117248e-014	-6.078019e-014	1.193218e-004
1.157208739813236e-003	-7.002187e-002	-6.997824e-002	-5.000000e+000	-2.502273e+000	-2.497727e+000	-2.500023e+000	-2.499977e+000	-2.500001e+000	-2.499999e+000	-2.569999e+000	-2.570001e+000	3.410605e-012	-3.410605e-012	-5.999509e-005	5.999509e-005	-5.623276e-014	5.628882e-014	-3.410605e-012	4.500863e-005	-4.500862e-005	4.500862e-005	6.494101e-005	-4.995454e-005	4.995454e-005	5.814496e-014	-5.775266e-014	1.099496e-004
1.160208739813236e-003	-7.002187e-002	-6.997824e-002	-5.000000e+000	-2.502105e+000	-2.497895e+000	-2.500021e+000	-2.499979e+000	-2.499999e+000	-2.500001e+000	-2.570001e+000	-2.569999e+000	2.728484e-012	-2.728484e-012	-5.188627e-005	5.188627e-005	-5.208469e-014	5.214181e-014	-2.728484e-012	4.169060e-005	-4.169060e-005	4.169060e-005	6.015357e-005	-4.995789e-005	4.995789e-005	5.203321e-014	-5.164092e-014	1.018442e-004
1.163208739813236e-003	-7.001877e-002	-6.998134e-002	-5.000000e+000	-2.501960e+000	-2.498040e+000	-2.500020e+000	-2.499980e+000	-2.500001e+000	-2.499999e+000	-2.569999e+000	-2.570001e+000	2.955858e-012	-2.955858e-012	-4.487342e-005	4.487342e-005	-4.849719e-014	4.855537e-014	-2.955858e-012	3.882102e-005	-3.882102e-005	3.882102e-005	5.601319e-005	-4.996079e-005	4.996079e-005	4.990278e-014	-4.817824e-014	9.483421e-005
1.166208739813235e-003	-7.001901e-002	-6.998110e-002	-5.000000e+000	-2.501835e+000	-2.498165e+000	-2.500018e+000	-2.499982e+000	-2.499999e+000	-2.500001e+000	-2.570001e+000	-2.569999e+000	2.273737e-012	-2.273737e-012	-3.880842e-005	3.880842e-005	-4.539451e-014	4.545374e-014	-2.273737e-012	3.633930e-005	-3.633930e-005	3.633930e-005	5.243241e-005	-4.996330e-005	4.996330e-005	4.639253e-014	-4.511208e-014	8.877171e-005
1.169208739813235e-003	-7.001638e-002	-6.998372e-002	-5.000000e+000	-2.501727e+000	-2.498273e+000	-2.500017e+000	-2.499983e+000	-2.500001e+000	-2.499999e+000	-2.569999e+000	-2.570001e+000	1.818989e-012	-1.818989e-012	-3.356314e-005	3.356314e-005	-4.271111e-014	4.277138e-014	-1.818989e-012	3.419300e-005	-3.419300e-005	3.419300e-005	4.933561e-005	-4.996547e-005	4.996547e-005	4.205440e-014	-4.210620e-014	8.352860e-005
1.172208739813235e-003	-7.001710e-002	-6.998301e-002	-5.000000e+000	-2.501633e+000	-2.498367e+000	-2.500016e+000	-2.499984e+000	-2.499999e+000	-2.500001e+000	-2.570001e+000	-2.569999e+000	1.818989e-012	-1.818989e-012	-2.902681e-005	2.902681e-005	-4.039034e-014	4.045164e-014	-1.818989e-012	3.233679e-005	-3.233679e-005	3.233679e-005	4.665737e-005	-4.996734e-005	4.996734e-005	4.067125e-014	-4.072303e-014	7.899416e-005
1.175208739813235e-003	-7.001448e-002	-6.998563e-002	-5.000000e+000	-2.501552e+000	-2.498448e+000	-2.500015e+000	-2.499985e+000	-2.500001e+000	-2.499999e+000	-2.569999e+000	-2.570001e+000	1.364242e-012	-1.364242e-012	-2.510360e-005	2.510360e-005	-3.838315e-014	3.844550e-014	-1.364242e-012	3.073146e-005	-3.073146e-005	3.073146e-005	4.434110e-005	-4.996896e-005	4.996896e-005	3.857103e-014	-3.862282e-014	7.507257e-005
1.178208739813234e-003	-7.001567e-002	-6.998444e-002	-5.000000e+000	-2.501482e+000	-2.498518e+000	-2.500015e+000	-2.499985e+000	-2.499999e+000	-2.500001e+000	-2.570001e+000	-2.569999e+000	1.136868e-012	-1.136868e-012	-2.171065e-005	2.171065e-005	-3.664719e-014	3.671058e-014	-1.136868e-012	2.934311e-005	-2.934310e-005	2.934310e-005	4.233791e-005	-4.997036e-005	4.997036e-005	3.758959e-014	-3.586505e-014	7.168101e-005
1.181208739813234e-003	-7.001328e-002	-6.998682e-002	-5.000000e+000	-2.501421e+000	-2.498579e+000	-2.500014e+000	-2.499986e+000	-2.500001e+000	-2.499999e+000	-2.569999e+000	-2.570001e+000	1.136868e-012	-1.136868e-012	-1.877628e-005	1.877628e-005	-3.514578e-014	3.521021e-014	-1.136868e-012	2.814240e-005	-2.814240e-005	2.814240e-005	4.060546e-005	-4.997158e-005	4.997158e-005	3.426897e-014	-3.520897e-014	6.874785e-005
1.184208739813234e-003	-7.001448e-002	-6.998563e-002	-5.000000e+000	-2.501369e+000	-2.498631e+000	-2.500014e+000	-2.499986e+000	-2.499999e+000	-2.500001e+000	-2.570001e+000	-2.569999e+000	1.136868e-012	-1.136868e-012	-1.623851e-005	1.623851e-005	-3.384723e-014	3.391270e-014	-1.136868e-012	2.710398e-005	-2.710398e-005	2.710398e-005	3.910716e-005	-4.997263e-005	4.997263e-005	3.423221e-014	-3.428404e-014	6.621114e-005
1.187208739813234e-003	-7.001233e-002	-6.998777e-002	-5.000000e+000	-2.501323e+000	-2.498677e+000	-2.500013e+000	-2.499987e+000	-2.500001e+000	-2.499999e+000	-2.569999e+000	-2.570001e+000	9.094947e-013	-9.094947e-013	-1.404375e-005	1.404375e-005	-3.272413e-014	3.279063e-014	-9.094947e-013	2.620590e-005	-2.620590e-005	2.620590e-005	3.781138e-005	-4.997353e-005	4.997353e-005	3.585765e-014	-3.457723e-014	6.401728e-005
1.190208739813233e-003	-7.001352e-002	-6.998658e-002	-5.000000e+000	-2.501284e+000	-2.498716e+000	-2.500013e+000	-2.499987e+000	-2.499999e+000	-2.500001e+000	-2.570001e+000	-2.569999e+000	4.547474e-013	-4.547474e-013	-1.214562e-005	1.214562e-005	-3.175274e-014	3.182029e-014	-4.547474e-013	2.542921e-005	-2.542921e-005	2.542921e-005	3.669072e-005	-4.997431e-005	4.997431e-005	3.217067e-014	-3.133435e-014	6.211994e-005
1.193208739813233e-003	-7.001162e-002	-6.998849e-002	-5.000000e+000	-2.501250e+000	-2.498750e+000	-2.500012e+000	-2.499988e+000	-2.500001e+000	-2.499999e+000	-2.569999e+000	-2.570001e+000	6.821210e-013	-6.821210e-013	-1.050404e-005	1.050404e-005	-3.091258e-014	3.098117e-014	-6.821210e-013	2.475750e-005	-2.475750e-005	2.475750e-005	3.572154e-005	-4.997499e-005	4.997499e-005	3.056722e-014	-3.061909e-014	6.047904e-005
1.196208739813233e-003	-7.001281e-002	-6.998730e-002	-5.000000e+000	-2.501221e+000	-2.498779e+000	-2.500012e+000	-2.499988e+000	-2.499999e+000	-2.500001e+000	-2.570001e+000	-2.569999e+000	4.547474e-013	-4.547474e-013	-9.084335e-006	9.084335e-006	-3.018590e-014	3.025553e-014	-4.547474e-013	2.417657e-005	-2.417657e-005	2.417657e-005	3.488334e-005	-4.997558e-005	4.997558e-005	3.091226e-014	-3.185230e-014	5.905992e-005
1.199208739813233e-003	-7.001114e-002	-6.998897e-002	-5.000000e+000	-2.501195e+000	-2.498805e+000	-2.500012e+000	-2.499988e+000	-2.500001e+000	-2.499999e+000	-2.569999e+000	-2.570001e+000	6.821210e-013	-6.821210e-013	-7.856513e-006	7.856513e-006	-2.955738e-014	2.962803e-014	-4.547474e-013	2.367417e-005	-2.367417e-005	2.367417e-005	3.415844e-005	-4.997609e-005	4.997609e-005	3.000236e-014	-3.094242e-014	5.783260e-005
1.202208739813232e-003	-7.001233e-002	-6.998777e-002	-5.000000e+000	-2.501173e+000	-2.498827e+000	-2.500011e+000	-2.499989e+000	-2.499999e+000	-2.500001e+000	-2.570001e+000	-2.569999e+000	4.547474e-013	-4.547474e-013	-6.794642e-006	6.794642e-006	-2.901373e-014	2.908542e-014	-4.547474e-013	2.323966e-005	-2.323966e-005	2.323966e-005	3.353151e-005	-4.997653e-005	4.997653e-005	3.067050e-014	-3.027829e-014	5.677117e-005
1.205208739813232e-003	-7.001066e-002	-6.998944e-002	-5.000000e+000	-2.501155e+000	-2.498845e+000	-2.500011e+000	-2.499989e+000	-2.500001e+000	-2.499999e+000	-2.569999e+000	-2.570001e+000	4.547474e-013	-4.547474e-013	-5.876291e-006	5.876291e-006	-2.854350e-014	2.861621e-014	-4.547474e-013	2.286388e-005	-2.286388e-005	2.286388e-005	3.298932e-005	-4.997691e-005	4.997691e-005	2.714364e-014	-2.630735e-014	5.585320e-005
1.208208739813232e-003	-7.001209e-002	-6.998801e-002	-5.000000e+000	-2.501138e+000	-2.498862e+000	-2.500011e+000	-2.499989e+000	-2.499999e+000	-2.500001e+000	-2.570001e+000	-2.569999e+000	4.547474e-013	-4.547474e-013	-5.082062e-006	5.082062e-006	-2.813676e-014	2.821048e-014	-4.547474e-013	2.253889e-005	-2.253889e-005	2.253889e-005	3.252041e-005	-4.997724e-005	4.997724e-005	2.974276e-014	-2.801827e-014	5.505930e-005
1.211208739813232e-003	-7.001042e-002	-6.998968e-002	-5.000000e+000	-2.501124e+000	-2.498876e+000	-2.500011e+000	-2.499989e+000	-2.500001e+000	-2.499999e+000	-2.569999e+000	-2.570001e+000	0.000000e+000	0.000000e+000	-4.395180e-006	4.395180e-006	-2.778492e-014	2.785966e-014	0.000000e+000	2.225783e-005	-2.225783e-005	2.225783e-005	3.211487e-005	-4.997752e-005	4.997752e-005	2.902926e-014	-2.908112e-014	5.437270e-005
1.214208739813231e-003	-7.001185e-002	-6.998825e-002	-5.000000e+000	-2.501112e+000	-2.498888e+000	-2.500011e+000	-2.499989e+000	-2.499999e+000	-2.500001e+000	-2.570001e+000	-2.569999e+000	4.547474e-013	-4.547474e-013	-3.801136e-006	3.801136e-006	-2.748056e-014	2.755633e-014	-4.547474e-013	2.201476e-005	-2.201476e-005	2.201476e-005	3.176415e-005	-4.997777e-005	4.997777e-005	2.820542e-014	-2.870135e-014	5.377890e-005
1.217208739813231e-003	-7.001019e-002	-6.998992e-002	-5.000000e+000	-2.501101e+000	-2.498899e+000	-2.500011e+000	-2.499989e+000	-2.500001e+000	-2.499999e+000	-2.569999e+000	-2.570001e+000	0.000000e+000	0.000000e+000	-3.287382e-006	3.287382e-006	-2.721727e-014	2.729407e-014	0.000000e+000	2.180453e-005	-2.180453e-005	2.180453e-005	3.146083e-005	-4.997798e-005	4.997798e-005	2.787946e-014	-2.659907e-014	5.326536e-005
1.220208739813231e-003	-7.001185e-002	-6.998825e-002	-5.000000e+000	-2.501092e+000	-2.498908e+000	-2.500011e+000	-2.499989e+000	-2.499999e+000	-2.500001e+000	-2.570001e+000	-2.569999e+000	2.273737e-013	-2.273737e-013	-2.843065e-006	2.843065e-006	-2.698949e-014	2.706733e-014	-2.273737e-013	2.162273e-005	-2.162272e-005	2.162272e-005	3.119850e-005	-4.997816e-005	4.997816e-005	2.804870e-014	-2.676830e-014	5.282123e-005
1.223208739813231e-003	-7.000995e-002	-6.999016e-002	-5.000000e+000	-2.501084e+000	-2.498916e+000	-2.500011e+000	-2.499989e+000	-2.500001e+000	-2.499999e+000	-2.569999e+000	-2.570001e+000	2.273737e-013	-2.273737e-013	-2.458802e-006	2.458802e-006	-2.679243e-014	2.687130e-014	-2.273737e-013	2.146549e-005	-2.146549e-005	2.146549e-005	3.097163e-005	-4.997832e-005	4.997832e-005	2.732984e-014	-2.693760e-014	5.243712e-005
1.226208739813230e-003	-7.001138e-002	-6.998873e-002	-5.000000e+000	-2.501077e+000	-2.498923e+000	-2.500010e+000	-2.499990e+000	-2.499999e+000	-2.500001e+000	-2.570001e+000	-2.569999e+000	0.000000e+000	0.000000e+000	-2.126475e-006	2.126475e-006	-2.662194e-014	2.670182e-014	0.000000e+000	2.132950e-005	-2.132950e-005	2.132950e-005	3.077543e-005	-4.997846e-005	4.997846e-005	2.655442e-014	-2.749447e-014	5.210493e-005
1.229208739813230e-003	-7.000971e-002	-6.999040e-002	-5.000000e+000	-2.501071e+000	-2.498929e+000	-2.500010e+000	-2.499990e+000	-2.500001e+000	-2.499999e+000	-2.569999e+000	-2.570001e+000	0.000000e+000	0.000000e+000	-1.839065e-006	1.839065e-006	-2.647443e-014	2.655532e-014	0.000000e+000	2.121190e-005	-2.121190e-005	2.121190e-005	3.060574e-005	-4.997857e-005	4.997857e-005	2.874563e-014	-2.746521e-014	5.181764e-005
1.232208739813230e-003	-7.001138e-002	-6.998873e-002	-5.000000e+000	-2.501066e+000	-2.498934e+000	-2.500010e+000	-2.499990e+000	-2.499999e+000	-2.500001e+000	-2.570001e+000	-2.569999e+000	0.000000e+000	0.000000e+000	-1.590500e-006	1.590500e-006	-2.634679e-014	2.642869e-014	0.000000e+000	2.111019e-005	-2.111019e-005	2.111019e-005	3.045899e-005	-4.997868e-005	4.997868e-005	2.749190e-014	-2.621147e-014	5.156918e-005
1.235208739813230e-003	-7.000971e-002	-6.999040e-002	-5.000000e+000	-2.501062e+000	-2.498938e+000	-2.500010e+000	-2.499990e+000	-2.500001e+000	-2.499999e+000	-2.569999e+000	-2.570001e+000	0.000000e+000	0.000000e+000	-1.375531e-006	1.375531e-006	-2.623633e-014	2.631924e-014	0.000000e+000	2.102223e-005	-2.102223e-005	2.102223e-005	3.033207e-005	-4.997877e-005	4.997877e-005	2.591346e-014	-2.552122e-014	5.135430e-005
1.238208739813229e-003	-7.001138e-002	-6.998873e-002	-5.000000e+000	-2.501058e+000	-2.498942e+000	-2.500010e+000	-2.499990e+000	-2.499999e+000	-2.500001e+000	-2.570001e+000	-2.569999e+000	0.000000e+000	0.000000e+000	-1.189617e-006	1.189617e-006	-2.614074e-014	2.622465e-014	0.000000e+000	2.094615e-005	-2.094615e-005	2.094615e-005	3.022231e-005	-4.997884e-005	4.997884e-005	2.627656e-014	-2.721659e-014	5.116846e-005
1.241208739813229e-003	-7.000971e-002	-6.999040e-002	-5.000000e+000	-2.501055e+000	-2.498945e+000	-2.500010e+000	-2.499990e+000	-2.500001e+000	-2.499999e+000	-2.569999e+000	-2.570001e+000	2.273737e-013	-2.273737e-013	-1.028831e-006	1.028831e-006	-2.605800e-014	2.614291e-014	-2.273737e-013	2.088036e-005	-2.088036e-005	2.088036e-005	3.012738e-005	-4.997891e-005	4.997891e-005	2.578794e-014	-2.628389e-014	5.100774e-005
1.244208739813229e-003	-7.001138e-002	-6.998873e-002	-5.000000e+000	-2.501052e+000	-2.498948e+000	-2.500010e+000	-2.499990e+000	-2.499999e+000	-2.500001e+000	-2.570001e+000	-2.569999e+000	0.000000e+000	0.000000e+000	-8.897759e-007	8.897759e-007	-2.598636e-014	2.607229e-014	0.000000e+000	2.082346e-005	-2.082346e-005	2.082346e-005	3.004528e-005	-4.997897e-005	4.997897e-005	2.701262e-014	-2.484405e-014	5.086874e-005
1.247208739813229e-003	-7.000971e-002	-6.999040e-002	-5.000000e+000	-2.501049e+000	-2.498951e+000	-2.500010e+000	-2.499990e+000	-2.500001e+000	-2.499999e+000	-2.569999e+000	-2.570001e+000	0.000000e+000	0.000000e+000	-7.695155e-007	7.695155e-007	-2.592434e-014	2.601129e-014	0.000000e+000	2.077425e-005	-2.077425e-005	2.077425e-005	2.997428e-005	-4.997902e-005	4.997902e-005	2.828000e-014	-2.744369e-014	5.074853e-005
1.250208739813228e-003	-7.001138e-002	-6.998873e-002	-5.000000e+000	-2.501047e+000	-2.498953e+000	-2.500010e+000	-2.499990e+000	-2.499999e+000	-2.500001e+000	-2.570001e+000	-2.569999e+000	0.000000e+000	0.000000e+000	-6.655092e-007	6.655092e-007	-2.587065e-014	2.595859e-014	0.000000e+000	2.073170e-005	-2.073170e-005	2.073170e-005	2.991288e-005	-4.997906e-005	4.997906e-005	2.605667e-014	-2.655263e-014	5.064457e-005
1.253208739813228e-003	-7.000971e-002	-6.999040e-002	-5.000000e+000	-2.501045e+000	-2.498955e+000	-2.500010e+000	-2.499990e+000	-2.500001e+000	-2.499999e+000	-2.569999e+000	-2.570001e+000	0.000000e+000	0.000000e+000	-5.755603e-007	5.755603e-007	-2.582413e-014	2.591309e-014	0.000000e+000	2.069489e-005	-2.069489e-005	2.069489e-005	2.985977e-005	-4.997910e-005	4.997910e-005	2.618033e-014	-2.578812e-014	5.055466e-005
1.256208739813228e-003	-7.001138e-002	-6.998873e-002	-5.000000e+000	-2.501044e+000	-2.498956e+000	-2.500010e+000	-2.499990e+000	-2.499999e+000	-2.500001e+000	-2.570001e+000	-2.569999e+000	0.000000e+000	0.000000e+000	-4.977686e-007	4.977686e-007	-2.578383e-014	2.587381e-014	0.000000e+000	2.066306e-005	-2.066306e-005	2.066306e-005	2.981384e-005	-4.997913e-005	4.997913e-005	2.487794e-014	-2.670617e-014	5.047690e-005
1.258637311241799e-003	-7.001122e-002	-6.998900e-002	-5.000000e+000	-2.501042e+000	-2.498958e+000	-2.500011e+000	-2.499989e+000	-2.499999e+000	-2.500001e+000	-2.570001e+000	-2.570000e+000	0.000000e+000	0.000000e+000	-4.439924e-007	4.439924e-007	-2.575592e-014	2.584671e-014	0.000000e+000	2.064105e-005	-2.064105e-005	2.064105e-005	2.978209e-005	-4.997915e-005	4.997915e-005	2.568368e-014	-2.616839e-014	5.042315e-005
1.261065882670370e-003	-7.001103e-002	-6.998927e-002	-5.000000e+000	-2.501041e+000	-2.498959e+000	-2.500011e+000	-2.499989e+000	-2.500000e+000	-2.500000e+000	-2.570001e+000	-2.570000e+000	0.000000e+000	0.000000e+000	-3.948484e-007	3.948484e-007	-2.573038e-014	2.582198e-014	0.000000e+000	2.062094e-005	-2.062094e-005	2.062094e-005	2.975308e-005	-4.997917e-005	4.997917e-005	2.629100e-014	-2.583774e-014	5.037402e-005
1.263494454098941e-003	-7.001079e-002	-6.998955e-002	-5.000000e+000	-2.501040e+000	-2.498960e+000	-2.500011e+000	-2.499989e+000	-2.500000e+000	-2.500000e+000	-2.570000e+000	-2.570000e+000	0.000000e+000	0.000000e+000	-3.503364e-007	3.503364e-007	-2.570722e-014	2.579961e-014	0.000000e+000	2.060273e-005	-2.060273e-005	2.060273e-005	2.972680e-005	-4.997919e-005	4.997919e-005	2.669991e-014	-2.571423e-014	5.032953e-005
1.265923025527513e-003	-7.001052e-002	-6.998982e-002	-5.000000e+000	-2.501040e+000	-2.498960e+000	-2.500010e+000	-2.499990e+000	-2.500000e+000	-2.500000e+000	-2.570000e+000	-2.570000e+000	0.000000e+000	0.000000e+000	-3.104565e-007	3.104565e-007	-2.568642e-014	2.577961e-014	0.000000e+000	2.058641e-005	-2.058641e-005	2.058641e-005	2.970325e-005	-4.997921e-005	4.997921e-005	2.691039e-014	-2.579784e-014	5.028967e-005
1.268351596956084e-003	-7.001021e-002	-6.999009e-002	-5.000000e+000	-2.501039e+000	-2.498961e+000	-2.500010e+000	-2.499990e+000	-2.500000e+000	-2.500000e+000	-2.570000e+000	-2.570001e+000	0.000000e+000	0.000000e+000	-2.752087e-007	2.752087e-007	-2.566799e-014	2.576199e-014	0.000000e+000	2.057199e-005	-2.057199e-005	2.057199e-005	2.968244e-005	-4.997922e-005	4.997922e-005	2.692246e-014	-2.608858e-014	5.025443e-005
1.270780168384655e-003	-7.000986e-002	-6.999036e-002	-5.000000e+000	-2.501038e+000	-2.498962e+000	-2.500010e+000	-2.499990e+000	-2.500001e+000	-2.499999e+000	-2.570000e+000	-2.570001e+000	0.000000e+000	0.000000e+000	-2.445930e-007	2.445930e-007	-2.565193e-014	2.574673e-014	0.000000e+000	2.055946e-005	-2.055946e-005	2.055946e-005	2.966437e-005	-4.997923e-005	4.997923e-005	2.673611e-014	-2.658645e-014	5.022383e-005
1.273208739813226e-003	-7.000947e-002	-6.999063e-002	-5.000000e+000	-2.501038e+000	-2.498962e+000	-2.500010e+000	-2.499990e+000	-2.500001e+000	-2.499999e+000	-2.569999e+000	-2.570001e+000	0.000000e+000	0.000000e+000	-2.186094e-007	2.186094e-007	-2.563824e-014	2.573384e-014	0.000000e+000	2.054883e-005	-2.054883e-005	2.054883e-005	2.964903e-005	-4.997924e-005	4.997924e-005	2.635134e-014	-2.729145e-014	5.019785e-005
1.276351596956083e-003	-7.000994e-002	-6.999017e-002	-5.000000e+000	-2.501037e+000	-2.498963e+000	-2.500010e+000	-2.499990e+000	-2.500000e+000	-2.500000e+000	-2.570000e+000	-2.570000e+000	0.000000e+000	0.000000e+000	-1.889924e-007	1.889924e-007	-2.562256e-014	2.571922e-014	0.000000e+000	2.053671e-005	-2.053671e-005	2.053671e-005	2.963154e-005	-4.997926e-005	4.997926e-005	2.648651e-014	-2.672913e-014	5.016825e-005
1.279494454098940e-003	-7.001025e-002	-6.998986e-002	-5.000000e+000	-2.501037e+000	-2.498963e+000	-2.500010e+000	-2.499990e+000	-2.500000e+000	-2.500000e+000	-2.570000e+000	-2.570000e+000	0.000000e+000	0.000000e+000	-1.624268e-007	1.624268e-007	-2.560844e-014	2.570616e-014	0.000000e+000	2.052584e-005	-2.052584e-005	2.052584e-005	2.961586e-005	-4.997927e-005	4.997927e-005	2.657421e-014	-2.633069e-014	5.014170e-005
1.282637311241797e-003	-7.001040e-002	-6.998970e-002	-5.000000e+000	-2.501036e+000	-2.498964e+000	-2.500010e+000	-2.499990e+000	-2.500000e+000	-2.500000e+000	-2.570000e+000	-2.570000e+000	0.000000e+000	0.000000e+000	-1.389127e-007	1.389127e-007	-2.559589e-014	2.569466e-014	0.000000e+000	2.051622e-005	-2.051622e-005	2.051622e-005	2.960197e-005	-4.997928e-005	4.997928e-005	2.661446e-014	-2.609614e-014	5.011819e-005
1.285780168384654e-003	-7.001040e-002	-6.998970e-002	-5.000000e+000	-2.501036e+000	-2.498964e+000	-2.500010e+000	-2.499990e+000	-2.500000e+000	-2.500000e+000	-2.570000e+000	-2.570000e+000	0.000000e+000	0.000000e+000	-1.184501e-007	1.184501e-007	-2.558490e-014	2.568471e-014	0.000000e+000	2.050785e-005	-2.050785e-005	2.050785e-005	2.958989e-005	-4.997929e-005	4.997929e-005	2.660724e-014	-2.602548e-014	5.009774e-005
1.288923025527511e-003	-7.001025e-002	-6.998986e-002	-5.000000e+000	-2.501035e+000	-2.498965e+000	-2.500010e+000	-2.499990e+000	-2.500000e+000	-2.500000e+000	-2.570000e+000	-2.570000e+000	0.000000e+000	0.000000e+000	-1.010389e-007	1.010389e-007	-2.557547e-014	2.567633e-014	0.000000e+000	2.050072e-005	-2.050072e-005	2.050072e-005	2.957961e-005	-4.997930e-005	4.997930e-005	2.655255e-014	-2.611871e-014	5.008034e-005
1.292065882670368e-003	-7.000994e-002	-6.999017e-002	-5.000000e+000	-2.501035e+000	-2.498965e+000	-2.500010e+000	-2.499990e+000	-2.500000e+000	-2.500000e+000	-2.570000e+000	-2.570000e+000	0.000000e+000	0.000000e+000	-8.667928e-008	8.667928e-008	-2.556760e-014	2.566951e-014	0.000000e+000	2.049484e-005	-2.049484e-005	2.049484e-005	2.957113e-005	-4.997930e-005	4.997930e-005	2.645041e-014	-2.637583e-014	5.006598e-005
1.295208739813225e-003	-7.000947e-002	-6.999063e-002	-5.000000e+000	-2.501035e+000	-2.498965e+000	-2.500010e+000	-2.499990e+000	-2.500001e+000	-2.499999e+000	-2.569999e+000	-2.570001e+000	0.000000e+000	0.000000e+000	-7.537110e-008	7.537110e-008	-2.556130e-014	2.566425e-014	0.000000e+000	2.049022e-005	-2.049022e-005	2.049022e-005	2.956446e-005	-4.997931e-005	4.997931e-005	2.630080e-014	-2.679683e-014	5.005468e-005
1.299637311241796e-003	-7.000977e-002	-6.999045e-002	-5.000000e+000	-2.501035e+000	-2.498965e+000	-2.500010e+000	-2.499990e+000	-2.500001e+000	-2.499999e+000	-2.570000e+000	-2.570001e+000	-2.280707e-014	2.280707e-014	-6.183047e-008	6.183047e-008	-2.555363e-014	2.565806e-014	-2.381640e-014	2.048468e-005	-2.048468e-005	2.048468e-005	2.955646e-005	-4.997931e-005	4.997931e-005	2.628498e-014	-2.643977e-014	5.004114e-005
1.304065882670367e-003	-7.001004e-002	-6.999026e-002	-5.000000e+000	-2.501034e+000	-2.498966e+000	-2.500010e+000	-2.499990e+000	-2.500000e+000	-2.500000e+000	-2.570000e+000	-2.570001e+000	-2.718446e-014	2.718446e-014	-5.001472e-008	5.001472e-008	-2.554686e-014	2.565275e-014	-2.886668e-014	2.047984e-005	-2.047984e-005	2.047984e-005	2.954949e-005	-4.997932e-005	4.997932e-005	2.620582e-014	-2.615427e-014	5.002933e-005
1.308494454098938e-003	-7.001030e-002	-6.999004e-002	-5.000000e+000	-2.501034e+000	-2.498966e+000	-2.500010e+000	-2.499990e+000	-2.500000e+000	-2.500000e+000	-2.570000e+000	-2.570000e+000	-1.313218e-014	1.313218e-014	-3.992386e-008	3.992387e-008	-2.554097e-014	2.564832e-014	-1.515085e-014	2.047571e-005	-2.047571e-005	2.047571e-005	2.954353e-005	-4.997932e-005	4.997932e-005	2.606333e-014	-2.594034e-014	5.001925e-005
1.312923025527509e-003	-7.001054e-002	-6.998980e-002	-5.000000e+000	-2.501034e+000	-2.498966e+000	-2.500010e+000	-2.499990e+000	-2.500000e+000	-2.500000e+000	-2.570000e+000	-2.570000e+000	1.934977e-014	-1.934977e-014	-3.155790e-008	3.155790e-008	-2.553596e-014	2.564477e-014	1.733110e-014	2.047229e-005	-2.047229e-005	2.047229e-005	2.953859e-005	-4.997932e-005	4.997932e-005	2.585750e-014	-2.579797e-014	5.001088e-005
1.317351596956080e-003	-7.001076e-002	-6.998954e-002	-5.000000e+000	-2.501034e+000	-2.498966e+000	-2.500010e+000	-2.499990e+000	-2.500000e+000	-2.500000e+000	-2.570001e+000	-2.570000e+000	7.026140e-014	-7.026140e-014	-2.491682e-008	2.491683e-008	-2.553184e-014	2.564209e-014	6.857918e-014	2.046957e-005	-2.046957e-005	2.046957e-005	2.953467e-005	-4.997932e-005	4.997932e-005	2.558834e-014	-2.572717e-014	5.000424e-005
1.321780168384651e-003	-7.001096e-002	-6.998926e-002	-5.000000e+000	-2.501034e+000	-2.498966e+000	-2.500010e+000	-2.499990e+000	-2.499999e+000	-2.500001e+000	-2.570001e+000	-2.570000e+000	1.396027e-013	-1.396027e-013	-2.000064e-008	2.000064e-008	-2.552860e-014	2.564030e-014	1.385934e-013	2.046756e-005	-2.046756e-005	2.046756e-005	2.953177e-005	-4.997933e-005	4.997933e-005	2.525584e-014	-2.572795e-014	4.999933e-005
1.326208739813222e-003	-7.001114e-002	-6.998897e-002	-5.000000e+000	-2.501034e+000	-2.498966e+000	-2.500010e+000	-2.499990e+000	-2.499999e+000	-2.500001e+000	-2.570001e+000	-2.569999e+000	2.273737e-013	-2.273737e-013	-1.680935e-008	1.680935e-008	-2.552625e-014	2.563939e-014	2.273737e-013	2.046626e-005	-2.046626e-005	2.046626e-005	2.952988e-005	-4.997933e-005	4.997933e-005	2.486001e-014	-2.580028e-014	4.999614e-005
1.334780168384650e-003	-7.001067e-002	-6.998943e-002	-5.000000e+000	-2.501033e+000	-2.498967e+000	-2.500010e+000	-2.499990e+000	-2.500000e+000	-2.500000e+000	-2.570000e+000	-2.570000e+000	1.585815e-013	-1.585815e-013	-1.206870e-008	1.206870e-008	-2.552244e-014	2.563835e-014	9.226034e-014	2.046432e-005	-2.046432e-005	2.046432e-005	2.952708e-005	-4.997933e-005	4.997933e-005	2.516742e-014	-2.547367e-014	4.999140e-005
1.343351596956078e-003	-7.001036e-002	-6.998974e-002	-5.000000e+000	-2.501033e+000	-2.498967e+000	-2.500010e+000	-2.499990e+000	-2.500000e+000	-2.500000e+000	-2.570000e+000	-2.570000e+000	9.106548e-014	-9.106548e-014	-8.151674e-009	8.151673e-009	-2.551905e-014	2.563773e-014	2.184782e-015	2.046271e-005	-2.046271e-005	2.046271e-005	2.952477e-005	-4.997933e-005	4.997933e-005	2.547467e-014	-2.529479e-014	4.998748e-005
1.351923025527506e-003	-7.001020e-002	-6.998990e-002	-5.000000e+000	-2.501033e+000	-2.498967e+000	-2.500010e+000	-2.499990e+000	-2.500000e+000	-2.500000e+000	-2.570000e+000	-2.570000e+000	2.482549e-014	-2.482549e-014	-5.058284e-009	5.058284e-009	-2.551608e-014	2.563753e-014	-4.285300e-014	2.046145e-005	-2.046145e-005	2.046145e-005	2.952295e-005	-4.997933e-005	4.997933e-005	2.578175e-014	-2.526364e-014	4.998439e-005
1.360494454098933e-003	-7.001020e-002	-6.998990e-002	-5.000000e+000	-2.501033e+000	-2.498967e+000	-2.500010e+000	-2.499990e+000	-2.500000e+000	-2.500000e+000	-2.570000e+000	-2.570000e+000	-4.013842e-014	4.013842e-014	-2.788528e-009	2.788527e-009	-2.551355e-014	2.563775e-014	-4.285300e-014	2.046052e-005	-2.046052e-005	2.046052e-005	2.952161e-005	-4.997934e-005	4.997934e-005	2.608866e-014	-2.538022e-014	4.998212e-005
1.369065882670361e-003	-7.001036e-002	-6.998974e-002	-5.000000e+000	-2.501033e+000	-2.498967e+000	-2.500010e+000	-2.499990e+000	-2.500000e+000	-2.500000e+000	-2.570000e+000	-2.570000e+000	-1.038262e-013	1.038262e-013	-1.342404e-009	1.342404e-009	-2.551143e-014	2.563838e-014	2.184782e-015	2.045993e-005	-2.045993e-005	2.045993e-005	2.952075e-005	-4.997934e-005	4.997934e-005	2.639541e-014	-2.564453e-014	4.998068e-005
1.377637311241789e-003	-7.001067e-002	-6.998943e-002	-5.000000e+000	-2.501033e+000	-2.498967e+000	-2.500010e+000	-2.499990e+000	-2.500000e+000	-2.500000e+000	-2.570000e+000	-2.570000e+000	-1.662380e-013	1.662380e-013	-7.199122e-010	7.199131e-010	-2.550974e-014	2.563944e-014	9.226034e-014	2.045967e-005	-2.045967e-005	2.045967e-005	2.952038e-005	-4.997934e-005	4.997934e-005	2.670199e-014	-2.605657e-014	4.998006e-005
1.386208739813217e-003	-7.001114e-002	-6.998897e-002	-5.000000e+000	-2.501033e+000	-2.498967e+000	-2.500010e+000	-2.499990e+000	-2.499999e+000	-2.500001e+000	-2.570001e+000	-2.569999e+000	-2.273737e-013	2.273737e-013	-9.210535e-010	9.210552e-010	-2.550848e-014	2.564091e-014	2.273737e-013	2.045975e-005	-2.045975e-005	2.045975e-005	2.952050e-005	-4.997934e-005	4.997934e-005	2.700840e-014	-2.661635e-014	4.998026e-005
2.008208739813177e-003	-7.001090e-002	-6.998920e-002	-5.000000e+000	-2.501033e+000	-2.498967e+000	-2.500010e+000	-2.499990e+000	-2.499999e+000	-2.500001e+000	-2.570001e+000	-2.569999e+000	2.273737e-013	-2.273737e-013	-1.776357e-015	1.776357e-015	-2.542081e-014	2.572763e-014	-2.273737e-013	2.045938e-005	-2.045938e-005	2.045938e-005	2.951996e-005	-4.997934e-005	4.997934e-005	2.571679e-014	-2.532514e-014	4.997934e-005
3.032208739813312e-003	-7.001114e-002	-6.998897e-002	-5.000000e+000	-2.501033e+000	-2.498967e+000	-2.500010e+000	-2.499990e+000	-2.499999e+000	-2.500001e+000	-2.570001e+000	-2.569999e+000	-2.273737e-013	2.273737e-013	-1.776357e-015	1.776357e-015	-2.531836e-014	2.583009e-014	2.273737e-013	2.045938e-005	-2.045938e-005	2.045938e-005	2.951996e-005	-4.997934e-005	4.997934e-005	2.749310e-014	-2.621336e-014	4.997934e-005
4.056208739813448e-003	-7.001114e-002	-6.998897e-002	-5.000000e+000	-2.501033e+000	-2.498967e+000	-2.500010e+000	-2.499990e+000	-2.499999e+000	-2.500001e+000	-2.570001e+000	-2.569999e+000	-2.273737e-013	2.273737e-013	-1.776357e-015	1.776357e-015	-2.525144e-014	2.589700e-014	2.273737e-013	2.045938e-005	-2.045938e-005	2.045938e-005	2.951996e-005	-4.997934e-005	4.997934e-005	2.482850e-014	-2.532525e-014	4.997934e-005
4.999208739813573e-003	-7.000947e-002	-6.999063e-002	-5.000000e+000	-2.501033e+000	-2.498967e+000	-2.500010e+000	-2.499990e+000	-2.500001e+000	-2.499999e+000	-2.569999e+000	-2.570001e+000	-1.598649e-011	1.598649e-011	-1.592182e-013	1.592182e-013	-2.521060e-014	2.593779e-014	1.598649e-011	2.045936e-005	-2.045938e-005	2.045938e-005	2.951996e-005	-4.997934e-005	4.997934e-005	2.609500e-014	-2.712650e-014	4.997934e-005
5.000000000000000e-003	-7.001114e-002	-6.998897e-002	-5.000000e+000	-2.501033e+000	-2.498967e+000	-2.500010e+000	-2.499990e+000	-2.499999e+000	-2.500001e+000	-2.570001e+000	-2.569999e+000	-7.685230e-011	7.685230e-011	-7.602807e-013	7.602807e-013	-2.521050e-014	2.593772e-014	7.685230e-011	2.045930e-005	-2.045938e-005	2.045938e-005	2.951996e-005	-4.997934e-005	4.997934e-005	2.562601e-014	-2.708063e-014	4.997934e-005
