time	V(N008,N005)	V(N009,N004)	V(n001)	V(n002)	V(n003)	V(n004)	V(n005)	V(n006)	V(n007)	V(n008)	V(n009)	I(C1)	I(C2)	I(C3)	I(C4)	I(R1)	I(R2)	I(R3)	I(R4)	I(R5)	I(R6)	I(R7)	I(R8)	I(R9)	I(V1)	I(V2)	I(V3)
0.000000000000000e+000	-7.000000e-002	-7.000000e-002	0.000000e+000	-2.100000e-020	-2.100000e-020	-2.104200e-020	-2.104200e-020	-2.104200e-020	-2.104200e-020	-7.000000e-002	-7.000000e-002	4.200000e-025	4.200000e-025	2.100000e-038	2.100000e-038	-4.365708e-036	-4.365708e-036	0.000000e+000	0.000000e+000	4.200000e-025	4.200000e-025	0.000000e+000	4.200000e-025	4.200000e-025	-1.261169e-043	-1.261169e-043	-4.200000e-025
1.000000000000000e-003	-7.000000e-002	-7.000000e-002	0.000000e+000	-7.923817e-017	-7.923817e-017	-2.628320e-015	-2.628320e-015	-9.566937e-012	-9.566937e-012	-7.000000e-002	-7.000000e-002	2.546689e-017	2.546689e-017	2.548924e-017	2.548924e-017	2.391077e-020	2.391077e-020	0.000000e+000	0.000000e+000	2.549082e-017	2.549082e-017	1.408680e-033	1.584763e-021	1.584763e-021	-2.391077e-020	-2.391077e-020	-2.549082e-017
1.000000100000000e-003	-7.024729e-002	-6.975272e-002	-5.000000e-001	-4.999987e-001	-1.285377e-006	-2.502488e-001	-2.497512e-001	-2.500015e-001	-2.499985e-001	-3.199985e-001	-3.200015e-001	-9.930051e-006	9.930051e-006	-9.640319e-003	9.640320e-003	-6.194099e-013	6.194099e-013	9.930051e-006	2.487570e-003	-2.497500e-003	2.497500e-003	7.142820e-003	-2.570753e-011	2.570753e-011	6.193428e-013	-6.195658e-013	9.640319e-003
1.000000300000000e-003	-7.074624e-002	-6.925380e-002	-1.500000e+000	-1.499994e+000	-5.554116e-006	-7.507477e-001	-7.492523e-001	-7.500015e-001	-7.499985e-001	-8.199985e-001	-8.200015e-001	-1.498546e-005	1.498546e-005	-2.892088e-002	2.892088e-002	-1.865624e-012	1.865624e-012	1.498546e-005	7.477481e-003	-7.492467e-003	7.492467e-003	2.142841e-002	-1.110823e-010	1.110823e-010	1.865132e-012	-1.865977e-012	2.892088e-002
1.000000906659477e-003	-7.226133e-002	-6.773853e-002	-4.533298e+000	-4.533257e+000	-4.078637e-005	-2.268912e+000	-2.264386e+000	-2.266650e+000	-2.266647e+000	-2.336647e+000	-2.336650e+000	-1.498172e-005	1.498172e-005	-8.740368e-002	8.740368e-002	-5.653372e-012	5.653372e-012	1.498173e-005	2.262847e-002	-2.264345e-002	2.264345e-002	6.476022e-002	-8.157274e-010	8.157274e-010	5.652741e-012	-5.653450e-012	8.740368e-002
1.000001000000000e-003	-7.249451e-002	-6.750560e-002	-5.000000e+000	-4.999951e+000	-4.868318e-005	-2.502496e+000	-2.497504e+000	-2.500001e+000	-2.499999e+000	-2.569999e+000	-2.570002e+000	-1.513662e-005	1.513662e-005	-9.640174e-002	9.640174e-002	-6.236070e-012	6.236070e-012	1.513663e-005	2.495942e-002	-2.497455e-002	2.497455e-002	7.142718e-002	-9.736636e-010	9.736636e-010	6.235346e-012	-6.236067e-012	9.640174e-002
1.000001060585351e-003	-7.249689e-002	-6.750298e-002	-5.000000e+000	-4.999946e+000	-5.452369e-005	-2.502497e+000	-2.497503e+000	-2.500000e+000	-2.500000e+000	-2.570000e+000	-2.570000e+000	-5.145008e-006	5.145008e-006	-9.640150e-002	9.640150e-002	-6.241049e-012	6.241049e-012	5.145015e-006	2.496934e-002	-2.497448e-002	2.497448e-002	7.142701e-002	-1.090474e-009	1.090474e-009	6.240244e-012	-6.241905e-012	9.640150e-002
1.000001181756052e-003	-7.249737e-002	-6.750250e-002	-5.000000e+000	-4.999934e+000	-6.620467e-005	-2.502497e+000	-2.497503e+000	-2.500000e+000	-2.500000e+000	-2.570000e+000	-2.570000e+000	-2.302343e-009	2.302339e-009	-9.640104e-002	9.640104e-002	-6.243590e-012	6.243590e-012	2.308577e-009	2.497436e-002	-2.497436e-002	2.497436e-002	7.142668e-002	-1.324094e-009	1.324094e-009	6.241944e-012	-6.244042e-012	9.640104e-002
1.000001424097454e-003	-7.249737e-002	-6.750250e-002	-5.000000e+000	-4.999910e+000	-8.956645e-005	-2.502497e+000	-2.497503e+000	-2.500000e+000	-2.500000e+000	-2.570000e+000	-2.570000e+000	1.968800e-009	-1.968814e-009	-9.640014e-002	9.640014e-002	-6.243533e-012	6.243533e-012	-1.962576e-009	2.497413e-002	-2.497413e-002	2.497413e-002	7.142601e-002	-1.791329e-009	1.791329e-009	6.241462e-012	-6.242926e-012	9.640014e-002
1.000001908780258e-003	-7.249737e-002	-6.750250e-002	-5.000000e+000	-4.999864e+000	-1.362892e-004	-2.502497e+000	-2.497503e+000	-2.500000e+000	-2.500000e+000	-2.570000e+000	-2.570000e+000	-1.057430e-010	1.057335e-010	-9.639834e-002	9.639834e-002	-6.243416e-012	6.243416e-012	1.119721e-010	2.497366e-002	-2.497366e-002	2.497366e-002	7.142468e-002	-2.725784e-009	2.725784e-009	6.242012e-012	-6.242144e-012	9.639834e-002
1.000019495842012e-003	-7.249566e-002	-6.750420e-002	-5.000000e+000	-4.998169e+000	-1.830916e-003	-2.502496e+000	-2.497504e+000	-2.500000e+000	-2.500000e+000	-2.570000e+000	-2.570000e+000	3.214890e-010	-3.214925e-010	-9.633296e-002	9.633296e-002	-6.239184e-012	6.239184e-012	-3.152508e-010	2.495673e-002	-2.495673e-002	2.495673e-002	7.137626e-002	-3.661831e-008	3.661831e-008	6.238559e-012	-6.238699e-012	9.633299e-002
1.000037082903766e-003	-7.249396e-002	-6.750590e-002	-5.000000e+000	-4.996476e+000	-3.524109e-003	-2.502494e+000	-2.497506e+000	-2.500000e+000	-2.500000e+000	-2.570000e+000	-2.570000e+000	6.389804e-010	-6.389795e-010	-9.626763e-002	9.626763e-002	-6.234955e-012	6.234955e-012	-6.327363e-010	2.493982e-002	-2.493982e-002	2.493982e-002	7.132789e-002	-7.048219e-008	7.048219e-008	6.234822e-012	-6.234998e-012	9.626770e-002
1.000054669965521e-003	-7.249226e-002	-6.750761e-002	-5.000000e+000	-4.994784e+000	-5.215870e-003	-2.502492e+000	-2.497508e+000	-2.500000e+000	-2.500000e+000	-2.570000e+000	-2.570000e+000	8.467312e-010	-8.467274e-010	-9.620236e-002	9.620236e-002	-6.230730e-012	6.230730e-012	-8.404845e-010	2.492292e-002	-2.492292e-002	2.492292e-002	7.127955e-002	-1.043174e-007	1.043174e-007	6.230800e-012	-6.231042e-012	9.620246e-002
1.000072257027275e-003	-7.249056e-002	-6.750931e-002	-5.000000e+000	-4.993094e+000	-6.906198e-003	-2.502491e+000	-2.497509e+000	-2.500000e+000	-2.500000e+000	-2.570000e+000	-2.570000e+000	9.447414e-010	-9.447363e-010	-9.613715e-002	9.613715e-002	-6.226509e-012	6.226508e-012	-9.384954e-010	2.490603e-002	-2.490603e-002	2.490603e-002	7.123126e-002	-1.381240e-007	1.381240e-007	6.226494e-012	-6.226831e-012	9.613728e-002
1.000089844089029e-003	-7.248885e-002	-6.751101e-002	-5.000000e+000	-4.991405e+000	-8.595092e-003	-2.502489e+000	-2.497511e+000	-2.500000e+000	-2.500000e+000	-2.570000e+000	-2.570000e+000	9.330111e-010	-9.330061e-010	-9.607199e-002	9.607199e-002	-6.222291e-012	6.222290e-012	-9.267690e-010	2.488916e-002	-2.488916e-002	2.488916e-002	7.118300e-002	-1.719019e-007	1.719019e-007	6.221904e-012	-6.222365e-012	9.607216e-002
1.000107431150783e-003	-7.248715e-002	-6.751272e-002	-5.000000e+000	-4.989718e+000	-1.028255e-002	-2.502487e+000	-2.497513e+000	-2.500000e+000	-2.500000e+000	-2.570000e+000	-2.570000e+000	8.115402e-010	-8.115369e-010	-9.600688e-002	9.600688e-002	-6.218076e-012	6.218076e-012	-8.053053e-010	2.487230e-002	-2.487230e-002	2.487230e-002	7.113479e-002	-2.056511e-007	2.056511e-007	6.217029e-012	-6.217645e-012	9.600709e-002
1.000125018212537e-003	-7.248545e-002	-6.751442e-002	-5.000000e+000	-4.988031e+000	-1.196858e-002	-2.502486e+000	-2.497514e+000	-2.500000e+000	-2.500000e+000	-2.570000e+000	-2.570000e+000	5.803287e-010	-5.803287e-010	-9.594183e-002	9.594183e-002	-6.213865e-012	6.213865e-012	-5.741043e-010	2.485546e-002	-2.485546e-002	2.485546e-002	7.108662e-002	-2.393717e-007	2.393717e-007	6.211871e-012	-6.212669e-012	9.594207e-002
1.000249097010425e-003	-7.247353e-002	-6.752634e-002	-5.000000e+000	-4.976177e+000	-2.382329e-002	-2.502474e+000	-2.497526e+000	-2.500000e+000	-2.500000e+000	-2.570000e+000	-2.570000e+000	5.697037e-010	-5.697084e-010	-9.548446e-002	9.548446e-002	-6.184258e-012	6.184258e-012	-5.635267e-010	2.473703e-002	-2.473703e-002	2.473703e-002	7.074790e-002	-4.764659e-007	4.764659e-007	6.182520e-012	-6.185428e-012	9.548493e-002
1.000497254606201e-003	-7.245016e-002	-6.754971e-002	-5.000000e+000	-4.952678e+000	-4.732180e-002	-2.502450e+000	-2.497550e+000	-2.500000e+000	-2.500000e+000	-2.570000e+000	-2.570000e+000	5.682021e-010	-5.682163e-010	-9.457786e-002	9.457786e-002	-6.125571e-012	6.125570e-012	-5.620914e-010	2.450228e-002	-2.450228e-002	2.450228e-002	7.007653e-002	-9.464360e-007	9.464360e-007	6.124994e-012	-6.128517e-012	9.457880e-002
1.000993569797752e-003	-7.240415e-002	-6.759572e-002	-5.000000e+000	-4.906510e+000	-9.348999e-002	-2.502404e+000	-2.497596e+000	-2.500000e+000	-2.500000e+000	-2.570000e+000	-2.570000e+000	5.555592e-010	-5.555686e-010	-9.279662e-002	9.279662e-002	-6.010265e-012	6.010265e-012	-5.495622e-010	2.404106e-002	-2.404106e-002	2.404106e-002	6.875743e-002	-1.869800e-006	1.869800e-006	6.010422e-012	-6.012474e-012	9.279849e-002
1.001986200180855e-003	-7.231426e-002	-6.768560e-002	-5.000000e+000	-4.816563e+000	-1.834373e-001	-2.502314e+000	-2.497686e+000	-2.500000e+000	-2.500000e+000	-2.570000e+000	-2.570000e+000	5.354202e-010	-5.354202e-010	-8.932632e-002	8.932632e-002	-5.785622e-012	5.785621e-012	-5.296431e-010	2.314248e-002	-2.314248e-002	2.314248e-002	6.618751e-002	-3.668746e-006	3.668746e-006	5.784358e-012	-5.786962e-012	8.933000e-002
1.002986200180855e-003	-7.222676e-002	-6.777310e-002	-5.000000e+000	-4.728933e+000	-2.710668e-001	-2.502227e+000	-2.497773e+000	-2.500000e+000	-2.500000e+000	-2.570000e+000	-2.570000e+000	5.151506e-010	-5.151506e-010	-8.594545e-002	8.594545e-002	-5.566767e-012	5.566766e-012	-5.095870e-010	2.226707e-002	-2.226706e-002	2.226706e-002	6.368381e-002	-5.421336e-006	5.421336e-006	5.566778e-012	-5.568658e-012	8.595087e-002
1.003986200180854e-003	-7.214236e-002	-6.785750e-002	-5.000000e+000	-4.644614e+000	-3.553857e-001	-2.502142e+000	-2.497858e+000	-2.500000e+000	-2.500000e+000	-2.570000e+000	-2.570000e+000	4.956533e-010	-4.956533e-010	-8.269230e-002	8.269230e-002	-5.356180e-012	5.356179e-012	-4.902958e-010	2.142472e-002	-2.142472e-002	2.142472e-002	6.127469e-002	-7.107714e-006	7.107714e-006	5.358537e-012	-5.358144e-012	8.269941e-002
1.004986200180854e-003	-7.206130e-002	-6.793857e-002	-5.000000e+000	-4.563487e+000	-4.365130e-001	-2.502061e+000	-2.497939e+000	-2.500000e+000	-2.500000e+000	-2.570000e+000	-2.570000e+000	4.768950e-010	-4.768950e-010	-7.956230e-002	7.956230e-002	-5.153564e-012	5.153564e-012	-4.717364e-010	2.061426e-002	-2.061426e-002	2.061426e-002	5.895677e-002	-8.730261e-006	8.730261e-006	5.156181e-012	-5.154900e-012	7.957102e-002
1.005986200180854e-003	-7.198334e-002	-6.801653e-002	-5.000000e+000	-4.485431e+000	-5.145695e-001	-2.501983e+000	-2.498017e+000	-2.500000e+000	-2.500000e+000	-2.570000e+000	-2.570000e+000	4.588401e-010	-4.588401e-010	-7.655077e-002	7.655077e-002	-4.958618e-012	4.958618e-012	-4.538876e-010	1.983447e-002	-1.983447e-002	1.983447e-002	5.672659e-002	-1.029139e-005	1.029139e-005	4.959938e-012	-4.959100e-012	7.656106e-002
1.007986200180854e-003	-7.183623e-002	-6.816363e-002	-5.000000e+000	-4.338069e+000	-6.619308e-001	-2.501836e+000	-2.498164e+000	-2.500000e+000	-2.500000e+000	-2.570000e+000	-2.570000e+000	4.247624e-010	-4.247624e-010	-7.086535e-002	7.086535e-002	-4.590582e-012	4.590583e-012	-4.201794e-010	1.836233e-002	-1.836233e-002	1.836233e-002	5.251626e-002	-1.323862e-005	1.323862e-005	4.589716e-012	-4.589767e-012	7.087860e-002
1.009986200180854e-003	-7.169986e-002	-6.830001e-002	-5.000000e+000	-4.201653e+000	-7.983476e-001	-2.501700e+000	-2.498300e+000	-2.500000e+000	-2.500000e+000	-2.570000e+000	-2.570000e+000	3.932286e-010	-3.932143e-010	-6.560220e-002	6.560220e-002	-4.249880e-012	4.249883e-012	-3.889724e-010	1.699952e-002	-1.699952e-002	1.699952e-002	4.861864e-002	-1.596695e-005	1.596695e-005	4.250466e-012	-4.250073e-012	6.561816e-002
1.011986200180854e-003	-7.157373e-002	-6.842613e-002	-5.000000e+000	-4.075367e+000	-9.246328e-001	-2.501574e+000	-2.498426e+000	-2.500000e+000	-2.500000e+000	-2.570000e+000	-2.570000e+000	3.640110e-010	-3.640110e-010	-6.072994e-002	6.072994e-002	-3.934483e-012	3.934485e-012	-3.600888e-010	1.573793e-002	-1.573793e-002	1.573793e-002	4.501049e-002	-1.849265e-005	1.849265e-005	3.934390e-012	-3.933553e-012	6.074843e-002
1.014986200180854e-003	-7.140183e-002	-6.859803e-002	-5.000000e+000	-3.903306e+000	-1.096694e+000	-2.501402e+000	-2.498598e+000	-2.500000e+000	-2.500000e+000	-2.570000e+000	-2.570000e+000	3.242278e-010	-3.242278e-010	-5.409156e-002	5.409156e-002	-3.504758e-012	3.504762e-012	-3.207248e-010	1.401904e-002	-1.401904e-002	1.401904e-002	4.009445e-002	-2.193388e-005	2.193388e-005	3.505086e-012	-3.505137e-012	5.411349e-002
1.017986200180853e-003	-7.124877e-002	-6.875110e-002	-5.000000e+000	-3.750052e+000	-1.249948e+000	-2.501249e+000	-2.498751e+000	-2.500000e+000	-2.500000e+000	-2.570000e+000	-2.570000e+000	2.887859e-010	-2.887859e-010	-4.817881e-002	4.817881e-002	-3.122006e-012	3.122011e-012	-2.856595e-010	1.248803e-002	-1.248803e-002	1.248803e-002	3.571578e-002	-2.499896e-005	2.499896e-005	3.122400e-012	-3.121562e-012	4.820381e-002
1.020986200180853e-003	-7.111239e-002	-6.888747e-002	-5.000000e+000	-3.613551e+000	-1.386449e+000	-2.501112e+000	-2.498888e+000	-2.500000e+000	-2.500000e+000	-2.570000e+000	-2.570000e+000	2.572165e-010	-2.572165e-010	-4.291239e-002	4.291239e-002	-2.781093e-012	2.781099e-012	-2.544311e-010	1.112438e-002	-1.112438e-002	1.112438e-002	3.181574e-002	-2.772898e-005	2.772898e-005	2.780672e-012	-2.780723e-012	4.294012e-002
1.023986200180853e-003	-7.099080e-002	-6.900907e-002	-5.000000e+000	-3.491971e+000	-1.508030e+000	-2.500991e+000	-2.499009e+000	-2.500000e+000	-2.500000e+000	-2.570000e+000	-2.570000e+000	2.291074e-010	-2.291074e-010	-3.822165e-002	3.822165e-002	-2.477445e-012	2.477452e-012	-2.266276e-010	9.909796e-003	-9.909795e-003	9.909795e-003	2.834201e-002	-3.016059e-005	3.016059e-005	2.478903e-012	-2.478066e-012	3.825181e-002
1.026986200180853e-003	-7.088256e-002	-6.911731e-002	-5.000000e+000	-3.383680e+000	-1.616320e+000	-2.500883e+000	-2.499117e+000	-2.500000e+000	-2.500000e+000	-2.570000e+000	-2.570000e+000	2.040679e-010	-2.040679e-010	-3.404364e-002	3.404364e-002	-2.206989e-012	2.206997e-012	-2.018510e-010	8.827972e-003	-8.827971e-003	8.827971e-003	2.524800e-002	-3.232640e-005	3.232640e-005	2.207490e-012	-2.207541e-012	3.407597e-002
1.029986200180852e-003	-7.078624e-002	-6.921363e-002	-5.000000e+000	-3.287227e+000	-1.712773e+000	-2.500786e+000	-2.499214e+000	-2.500000e+000	-2.500000e+000	-2.570000e+000	-2.570000e+000	1.817497e-010	-1.817497e-010	-3.032234e-002	3.032234e-002	-1.966096e-012	1.966105e-012	-1.797815e-010	7.864403e-003	-7.864403e-003	7.864403e-003	2.249219e-002	-3.425547e-005	3.425547e-005	1.965384e-012	-1.964102e-012	3.035659e-002
1.032986200180852e-003	-7.070065e-002	-6.929922e-002	-5.000000e+000	-3.201317e+000	-1.798683e+000	-2.500701e+000	-2.499299e+000	-2.500000e+000	-2.500000e+000	-2.570000e+000	-2.570000e+000	1.618758e-010	-1.618758e-010	-2.700781e-002	2.700781e-002	-1.751535e-012	1.751546e-012	-1.601350e-010	7.006161e-003	-7.006161e-003	7.006161e-003	2.003762e-002	-3.597367e-005	3.597367e-005	1.752576e-012	-1.751294e-012	2.704378e-002
1.035986200180852e-003	-7.062411e-002	-6.937575e-002	-5.000000e+000	-3.124798e+000	-1.875202e+000	-2.500624e+000	-2.499376e+000	-2.500000e+000	-2.500000e+000	-2.570000e+000	-2.570000e+000	1.441904e-010	-1.441904e-010	-2.405559e-002	2.405559e-002	-1.560428e-012	1.560439e-012	-1.426272e-010	6.241734e-003	-6.241734e-003	6.241734e-003	1.785136e-002	-3.750405e-005	3.750405e-005	1.561472e-012	-1.560635e-012	2.409309e-002
1.038986200180852e-003	-7.055593e-002	-6.944394e-002	-5.000000e+000	-3.056643e+000	-1.943357e+000	-2.500556e+000	-2.499444e+000	-2.500000e+000	-2.500000e+000	-2.570000e+000	-2.570000e+000	1.284306e-010	-1.284306e-010	-2.142608e-002	2.142608e-002	-1.390210e-012	1.390223e-012	-1.270379e-010	5.560866e-003	-5.560866e-003	5.560866e-003	1.590408e-002	-3.886715e-005	3.886715e-005	1.391261e-012	-1.391757e-012	2.146494e-002
1.041986200180851e-003	-7.049537e-002	-6.950450e-002	-5.000000e+000	-2.995938e+000	-2.004062e+000	-2.500495e+000	-2.499505e+000	-2.500000e+000	-2.500000e+000	-2.570000e+000	-2.570000e+000	1.143903e-010	-1.143903e-010	-1.908399e-002	1.908399e-002	-1.238599e-012	1.238613e-012	-1.131468e-010	4.954424e-003	-4.954424e-003	4.954424e-003	1.416965e-002	-4.008124e-005	4.008124e-005	1.239358e-012	-1.239409e-012	1.912408e-002
1.044986200180851e-003	-7.044148e-002	-6.955838e-002	-5.000000e+000	-2.941869e+000	-2.058131e+000	-2.500442e+000	-2.499558e+000	-2.500000e+000	-2.500000e+000	-2.570000e+000	-2.570000e+000	1.018847e-010	-1.018847e-010	-1.699793e-002	1.699793e-002	-1.103560e-012	1.103575e-012	-1.007834e-010	4.414272e-003	-4.414272e-003	4.414272e-003	1.262482e-002	-4.116263e-005	4.116263e-005	1.103666e-012	-1.104161e-012	1.703909e-002
1.047986200180851e-003	-7.039332e-002	-6.960654e-002	-5.000000e+000	-2.893710e+000	-2.106290e+000	-2.500393e+000	-2.499607e+000	-2.500000e+000	-2.500000e+000	-2.570000e+000	-2.570000e+000	9.075052e-011	-9.075052e-011	-1.513989e-002	1.513989e-002	-9.832829e-013	9.832989e-013	-8.976997e-011	3.933163e-003	-3.933163e-003	3.933163e-003	1.124885e-002	-4.212580e-005	4.212580e-005	9.843142e-013	-9.834771e-013	1.518201e-002
1.050986200180851e-003	-7.035041e-002	-6.964946e-002	-5.000000e+000	-2.850815e+000	-2.149185e+000	-2.500350e+000	-2.499650e+000	-2.500000e+000	-2.500000e+000	-2.570000e+000	-2.570000e+000	8.083134e-011	-8.083134e-011	-1.348495e-002	1.348495e-002	-8.761527e-013	8.761699e-013	-7.995027e-011	3.504645e-003	-3.504645e-003	3.504645e-003	1.002328e-002	-4.298370e-005	4.298370e-005	8.759625e-013	-8.755696e-013	1.352793e-002
1.053986200180850e-003	-7.031226e-002	-6.968760e-002	-5.000000e+000	-2.812609e+000	-2.187391e+000	-2.500312e+000	-2.499688e+000	-2.500000e+000	-2.500000e+000	-2.570000e+000	-2.570000e+000	7.199930e-011	-7.199930e-011	-1.201091e-002	1.201091e-002	-7.807329e-013	7.807511e-013	-7.121059e-011	3.122968e-003	-3.122968e-003	3.122968e-003	8.931688e-003	-4.374782e-005	4.374782e-005	7.819910e-013	-7.811541e-013	1.205466e-002
1.056986200180850e-003	-7.027817e-002	-6.972170e-002	-5.000000e+000	-2.778579e+000	-2.221421e+000	-2.500278e+000	-2.499722e+000	-2.500000e+000	-2.500000e+000	-2.570000e+000	-2.570000e+000	6.411938e-011	-6.411938e-011	-1.069800e-002	1.069800e-002	-6.957434e-013	6.957627e-013	-6.343015e-011	2.783012e-003	-2.783012e-003	2.783012e-003	7.959414e-003	-4.442841e-005	4.442841e-005	6.951321e-013	-6.951834e-013	1.074243e-002
1.059986200180850e-003	-7.024789e-002	-6.975198e-002	-5.000000e+000	-2.748270e+000	-2.251730e+000	-2.500248e+000	-2.499752e+000	-2.500000e+000	-2.500000e+000	-2.570000e+000	-2.570000e+000	5.711343e-011	-5.711343e-011	-9.528601e-003	9.528601e-003	-6.200439e-013	6.200644e-013	-5.649525e-011	2.480217e-003	-2.480217e-003	2.480217e-003	7.093419e-003	-4.503461e-005	4.503461e-005	6.194997e-013	-6.186629e-013	9.573636e-003
1.062986200180850e-003	-7.022095e-002	-6.977892e-002	-5.000000e+000	-2.721273e+000	-2.278727e+000	-2.500221e+000	-2.499779e+000	-2.500000e+000	-2.500000e+000	-2.570000e+000	-2.570000e+000	5.086775e-011	-5.086775e-011	-8.487031e-003	8.487031e-003	-5.526191e-013	5.526407e-013	-5.031353e-011	2.210520e-003	-2.210520e-003	2.210520e-003	6.322086e-003	-4.557454e-005	4.557454e-005	5.525224e-013	-5.521296e-013	8.532606e-003
1.065986200180849e-003	-7.019687e-002	-6.980300e-002	-5.000000e+000	-2.697227e+000	-2.302773e+000	-2.500197e+000	-2.499803e+000	-2.500000e+000	-2.500000e+000	-2.570000e+000	-2.570000e+000	4.531131e-011	-4.531131e-011	-7.559315e-003	7.559315e-003	-4.925645e-013	4.925871e-013	-4.482814e-011	1.970303e-003	-1.970303e-003	1.970303e-003	5.635067e-003	-4.605545e-005	4.605545e-005	4.930461e-013	-4.917653e-013	7.605371e-003
1.068986200180849e-003	-7.017565e-002	-6.982422e-002	-5.000000e+000	-2.675810e+000	-2.324190e+000	-2.500176e+000	-2.499824e+000	-2.500000e+000	-2.500000e+000	-2.570000e+000	-2.570000e+000	4.035883e-011	-4.035883e-011	-6.733007e-003	6.733007e-003	-4.390744e-013	4.390981e-013	-3.991119e-011	1.756345e-003	-1.756345e-003	1.756345e-003	5.023146e-003	-4.648380e-005	4.648380e-005	4.405133e-013	-4.396767e-013	6.779491e-003
1.071986200180849e-003	-7.015634e-002	-6.984353e-002	-5.000000e+000	-2.656734e+000	-2.343266e+000	-2.500156e+000	-2.499844e+000	-2.500000e+000	-2.500000e+000	-2.570000e+000	-2.570000e+000	3.594636e-011	-3.593925e-011	-5.997023e-003	5.997023e-003	-3.914312e-013	3.914560e-013	-3.555556e-011	1.565774e-003	-1.565774e-003	1.565774e-003	4.478114e-003	-4.686532e-005	4.686532e-005	3.917721e-013	-3.918236e-013	6.043889e-003
1.074986200180849e-003	-7.013941e-002	-6.986046e-002	-5.000000e+000	-2.639743e+000	-2.360257e+000	-2.500139e+000	-2.499861e+000	-2.500000e+000	-2.500000e+000	-2.570000e+000	-2.570000e+000	3.202416e-011	-3.202416e-011	-5.341489e-003	5.341489e-003	-3.489958e-013	3.490217e-013	-3.166178e-011	1.396035e-003	-1.396035e-003	1.396035e-003	3.992660e-003	-4.720514e-005	4.720514e-005	3.508660e-013	-3.495854e-013	5.388695e-003
1.077986200180848e-003	-7.012439e-002	-6.987548e-002	-5.000000e+000	-2.624609e+000	-2.375391e+000	-2.500124e+000	-2.499876e+000	-2.500000e+000	-2.500000e+000	-2.570000e+000	-2.570000e+000	2.851408e-011	-2.851408e-011	-4.757612e-003	4.757612e-003	-3.111990e-013	3.112259e-013	-2.820855e-011	1.244850e-003	-1.244850e-003	1.244850e-003	3.560270e-003	-4.750781e-005	4.750781e-005	3.106816e-013	-3.098450e-013	4.805120e-003
1.080986200180848e-003	-7.011104e-002	-6.988883e-002	-5.000000e+000	-2.611130e+000	-2.388870e+000	-2.500111e+000	-2.499889e+000	-2.500000e+000	-2.500000e+000	-2.570000e+000	-2.570000e+000	2.540190e-011	-2.540190e-011	-4.237558e-003	4.237558e-003	-2.775336e-013	2.775617e-013	-2.511769e-011	1.110191e-003	-1.110191e-003	1.110191e-003	3.175145e-003	-4.777740e-005	4.777740e-005	2.776136e-013	-2.781094e-013	4.285336e-003
1.083986200180848e-003	-7.009888e-002	-6.990099e-002	-5.000000e+000	-2.599124e+000	-2.400876e+000	-2.500099e+000	-2.499901e+000	-2.500000e+000	-2.500000e+000	-2.570000e+000	-2.570000e+000	2.263079e-011	-2.263079e-011	-3.774351e-003	3.774351e-003	-2.475482e-013	2.475773e-013	-2.238210e-011	9.902511e-004	-9.902510e-004	9.902510e-004	2.832118e-003	-4.801752e-005	4.801752e-005	2.487037e-013	-2.474232e-013	3.822369e-003
1.086986200180847e-003	-7.008839e-002	-6.991148e-002	-5.000000e+000	-2.588431e+000	-2.411569e+000	-2.500088e+000	-2.499912e+000	-2.500000e+000	-2.500000e+000	-2.570000e+000	-2.570000e+000	2.014389e-011	-2.014389e-011	-3.361777e-003	3.361777e-003	-2.208404e-013	2.208706e-013	-1.993072e-011	8.834220e-004	-8.834220e-004	8.834220e-004	2.526587e-003	-4.823139e-005	4.823139e-005	2.211808e-013	-2.203444e-013	3.410009e-003
1.089986200180847e-003	-7.007861e-002	-6.992126e-002	-5.000000e+000	-2.578906e+000	-2.421094e+000	-2.500079e+000	-2.499921e+000	-2.500000e+000	-2.500000e+000	-2.570000e+000	-2.570000e+000	1.794831e-011	-1.794831e-011	-2.994302e-003	2.994302e-003	-1.970520e-013	1.970833e-013	-1.774936e-011	7.882704e-004	-7.882704e-004	7.882704e-004	2.254453e-003	-4.842188e-005	4.842188e-005	1.974904e-013	-1.966540e-013	3.042724e-003
1.092986200180847e-003	-7.007027e-002	-6.992960e-002	-5.000000e+000	-2.570422e+000	-2.429578e+000	-2.500070e+000	-2.499930e+000	-2.500000e+000	-2.500000e+000	-2.570000e+000	-2.570000e+000	1.598721e-011	-1.598721e-011	-2.666995e-003	2.666995e-003	-1.758638e-013	1.758962e-013	-1.580958e-011	7.035199e-004	-7.035199e-004	7.035199e-004	2.012067e-003	-4.859155e-005	4.859155e-005	1.777229e-013	-1.777747e-013	2.715587e-003
1.095986200180847e-003	-7.006288e-002	-6.993699e-002	-5.000000e+000	-2.562866e+000	-2.437134e+000	-2.500063e+000	-2.499937e+000	-2.500000e+000	-2.500000e+000	-2.570000e+000	-2.570000e+000	1.423928e-011	-1.423928e-011	-2.375466e-003	2.375466e-003	-1.569916e-013	1.570251e-013	-1.408296e-011	6.280335e-004	-6.280334e-004	6.280334e-004	1.796176e-003	-4.874268e-005	4.874268e-005	1.561814e-013	-1.553452e-013	2.424209e-003
1.098986200180846e-003	-7.005596e-002	-6.994390e-002	-5.000000e+000	-2.556136e+000	-2.443864e+000	-2.500056e+000	-2.499944e+000	-2.500000e+000	-2.500000e+000	-2.570000e+000	-2.570000e+000	1.268319e-011	-1.268319e-011	-2.115804e-003	2.115804e-003	-1.401823e-013	1.402169e-013	-1.254108e-011	5.607984e-004	-5.607984e-004	5.607984e-004	1.603883e-003	-4.887728e-005	4.887728e-005	1.419046e-013	-1.406244e-013	2.164682e-003
1.101986200180846e-003	-7.005000e-002	-6.994987e-002	-5.000000e+000	-2.550141e+000	-2.449859e+000	-2.500050e+000	-2.499950e+000	-2.500000e+000	-2.500000e+000	-2.570000e+000	-2.570000e+000	1.129763e-011	-1.129763e-011	-1.884526e-003	1.884526e-003	-1.252104e-013	1.252460e-013	-1.116973e-011	5.009128e-004	-5.009128e-004	5.009128e-004	1.432611e-003	-4.899717e-005	4.899717e-005	1.270066e-013	-1.257264e-013	1.933523e-003
1.104986200180846e-003	-7.004476e-002	-6.995511e-002	-5.000000e+000	-2.544802e+000	-2.455198e+000	-2.500045e+000	-2.499955e+000	-2.500000e+000	-2.500000e+000	-2.570000e+000	-2.570000e+000	1.006129e-011	-1.006129e-011	-1.678529e-003	1.678529e-003	-1.118750e-013	1.119117e-013	-9.947598e-012	4.475733e-004	-4.475733e-004	4.475733e-004	1.280060e-003	-4.910396e-005	4.910396e-005	1.105230e-013	-1.105750e-013	1.727633e-003
1.107986200180846e-003	-7.003999e-002	-6.995988e-002	-5.000000e+000	-2.540046e+000	-2.459954e+000	-2.500040e+000	-2.499960e+000	-2.500000e+000	-2.500000e+000	-2.570000e+000	-2.570000e+000	8.952838e-012	-8.952838e-012	-1.495049e-003	1.495049e-003	-9.999720e-014	1.000350e-013	-8.867573e-012	4.000643e-004	-4.000643e-004	4.000643e-004	1.144184e-003	-4.919907e-005	4.919907e-005	9.935256e-014	-1.007369e-013	1.544248e-003
1.110986200180845e-003	-7.003570e-002	-6.996417e-002	-5.000000e+000	-2.535811e+000	-2.464189e+000	-2.500036e+000	-2.499964e+000	-2.500000e+000	-2.500000e+000	-2.570000e+000	-2.570000e+000	7.979395e-012	-7.979395e-012	-1.331626e-003	1.331626e-003	-8.941772e-014	8.945657e-014	-7.887024e-012	3.577485e-004	-3.577485e-004	3.577485e-004	1.023161e-003	-4.928379e-005	4.928379e-005	9.046705e-014	-8.963104e-014	1.380909e-003
1.113986200180845e-003	-7.003188e-002	-6.996799e-002	-5.000000e+000	-2.532038e+000	-2.467962e+000	-2.500032e+000	-2.499968e+000	-2.500000e+000	-2.500000e+000	-2.570000e+000	-2.570000e+000	7.112533e-012	-7.112533e-012	-1.186066e-003	1.186066e-003	-7.999462e-014	8.003453e-014	-7.027268e-012	3.200583e-004	-3.200583e-004	3.200583e-004	9.153667e-004	-4.935924e-005	4.935924e-005	8.072645e-014	-8.166685e-014	1.235425e-003
1.116986200180845e-003	-7.002854e-002	-6.997132e-002	-5.000000e+000	-2.528677e+000	-2.471323e+000	-2.500029e+000	-2.499971e+000	-2.500000e+000	-2.500000e+000	-2.570000e+000	-2.570000e+000	6.323830e-012	-6.323830e-012	-1.056417e-003	1.056417e-003	-7.160150e-014	7.164249e-014	-6.259882e-012	2.864880e-004	-2.864880e-004	2.864880e-004	8.193556e-004	-4.942645e-005	4.942645e-005	7.157663e-014	-7.029661e-014	1.105844e-003
1.119986200180845e-003	-7.002568e-002	-6.997418e-002	-5.000000e+000	-2.525684e+000	-2.474316e+000	-2.500026e+000	-2.499974e+000	-2.500000e+000	-2.500000e+000	-2.570000e+000	-2.570000e+000	5.634604e-012	-5.634604e-012	-9.409403e-004	9.409403e-004	-6.412577e-014	6.416783e-014	-5.577760e-012	2.565872e-004	-2.565872e-004	2.565872e-004	7.338394e-004	-4.948631e-005	4.948631e-005	6.519827e-014	-6.391831e-014	9.904266e-004
1.122986200180844e-003	-7.002306e-002	-6.997681e-002	-5.000000e+000	-2.523019e+000	-2.476981e+000	-2.500023e+000	-2.499977e+000	-2.500000e+000	-2.500000e+000	-2.570000e+000	-2.570000e+000	5.030643e-012	-5.030643e-012	-8.380862e-004	8.380862e-004	-5.746716e-014	5.751028e-014	-4.959588e-012	2.299549e-004	-2.299549e-004	2.299549e-004	6.576710e-004	-4.953963e-005	4.953963e-005	5.798994e-014	-5.671003e-014	8.876259e-004
1.125986200180844e-003	-7.002044e-002	-6.997943e-002	-5.000000e+000	-2.520644e+000	-2.479356e+000	-2.500021e+000	-2.499979e+000	-2.500000e+000	-2.500000e+000	-2.570000e+000	-2.570000e+000	4.476419e-012	-4.476419e-012	-7.464752e-004	7.464752e-004	-5.153634e-014	5.158054e-014	-4.419576e-012	2.062337e-004	-2.062337e-004	2.062337e-004	5.898285e-004	-4.958712e-005	4.958712e-005	5.235430e-014	-5.196263e-014	7.960623e-004
1.128986200180844e-003	-7.001853e-002	-6.998134e-002	-5.000000e+000	-2.518529e+000	-2.481471e+000	-2.500019e+000	-2.499981e+000	-2.500000e+000	-2.500000e+000	-2.570000e+000	-2.570000e+000	3.986145e-012	-3.986145e-012	-6.648781e-004	6.648781e-004	-4.625375e-014	4.629903e-014	-3.943512e-012	1.851056e-004	-1.851056e-004	1.851056e-004	5.294019e-004	-4.962942e-005	4.962942e-005	4.735054e-014	-4.740300e-014	7.145075e-004
1.131986200180844e-003	-7.001662e-002	-6.998324e-002	-5.000000e+000	-2.516645e+000	-2.483355e+000	-2.500017e+000	-2.499983e+000	-2.500000e+000	-2.500000e+000	-2.570000e+000	-2.570000e+000	3.545608e-012	-3.545608e-012	-5.922003e-004	5.922003e-004	-4.154856e-014	4.159489e-014	-3.517187e-012	1.662869e-004	-1.662869e-004	1.662869e-004	4.755805e-004	-4.966709e-005	4.966709e-005	4.159666e-014	-4.120504e-014	6.418674e-004
1.134986200180843e-003	-7.001495e-002	-6.998491e-002	-5.000000e+000	-2.514967e+000	-2.485033e+000	-2.500015e+000	-2.499985e+000	-2.500000e+000	-2.500000e+000	-2.570000e+000	-2.570000e+000	3.161915e-012	-3.161915e-012	-5.274670e-004	5.274670e-004	-3.735764e-014	3.740502e-014	-3.119283e-012	1.495253e-004	-1.495253e-004	1.495253e-004	4.276424e-004	-4.970065e-005	4.970065e-005	3.783213e-014	-3.744056e-014	5.771677e-004
1.137986200180843e-003	-7.001328e-002	-6.998658e-002	-5.000000e+000	-2.513473e+000	-2.486527e+000	-2.500013e+000	-2.499987e+000	-2.500000e+000	-2.500000e+000	-2.570000e+000	-2.570000e+000	2.813749e-012	-2.813749e-012	-4.698097e-004	4.698097e-004	-3.362476e-014	3.367320e-014	-2.778222e-012	1.345959e-004	-1.345959e-004	1.345959e-004	3.849443e-004	-4.973054e-005	4.973054e-005	3.365938e-014	-3.415600e-014	5.195402e-004
1.140986200180843e-003	-7.001209e-002	-6.998777e-002	-5.000000e+000	-2.512142e+000	-2.487858e+000	-2.500012e+000	-2.499988e+000	-2.500000e+000	-2.500000e+000	-2.570000e+000	-2.570000e+000	2.508216e-012	-2.508216e-012	-4.184548e-004	4.184548e-004	-3.029987e-014	3.034935e-014	-2.479794e-012	1.212984e-004	-1.212984e-004	1.212984e-004	3.469135e-004	-4.975716e-005	4.975716e-005	3.049248e-014	-2.876870e-014	4.682120e-004
1.143986200180843e-003	-7.001090e-002	-6.998897e-002	-5.000000e+000	-2.510956e+000	-2.489044e+000	-2.500011e+000	-2.499989e+000	-2.500000e+000	-2.500000e+000	-2.570000e+000	-2.570000e+000	2.231104e-012	-2.231104e-012	-3.727136e-004	3.727136e-004	-2.733836e-014	2.738891e-014	-2.216893e-012	1.094545e-004	-1.094545e-004	1.094545e-004	3.130399e-004	-4.978087e-005	4.978087e-005	2.878777e-014	-2.706402e-014	4.224945e-004
1.146986200180842e-003	-7.000995e-002	-6.998992e-002	-5.000000e+000	-2.509900e+000	-2.490100e+000	-2.500010e+000	-2.499990e+000	-2.500000e+000	-2.500000e+000	-2.570000e+000	-2.570000e+000	1.989520e-012	-1.989520e-012	-3.319723e-004	3.319723e-004	-2.470051e-014	2.475212e-014	-1.968203e-012	9.890526e-005	-9.890526e-005	9.890526e-005	2.828690e-004	-4.980199e-005	4.980199e-005	2.558631e-014	-2.519489e-014	3.817743e-004
1.149986200180842e-003	-7.000875e-002	-6.999111e-002	-5.000000e+000	-2.508960e+000	-2.491040e+000	-2.500009e+000	-2.499991e+000	-2.500000e+000	-2.500000e+000	-2.570000e+000	-2.570000e+000	1.776357e-012	-1.769251e-012	-2.956845e-004	2.956845e-004	-2.235095e-014	2.240362e-014	-1.747935e-012	8.950914e-005	-8.950914e-005	8.950914e-005	2.559961e-004	-4.982080e-005	4.982080e-005	2.373311e-014	-2.334177e-014	3.455053e-004
1.152986200180842e-003	-7.000804e-002	-6.999183e-002	-5.000000e+000	-2.508122e+000	-2.491878e+000	-2.500008e+000	-2.499992e+000	-2.500000e+000	-2.500000e+000	-2.570000e+000	-2.570000e+000	1.570299e-012	-1.570299e-012	-2.633632e-004	2.633632e-004	-2.025817e-014	2.031188e-014	-1.563194e-012	8.114010e-005	-8.114010e-005	8.114010e-005	2.320607e-004	-4.983756e-005	4.983756e-005	2.216487e-014	-2.132946e-014	3.132008e-004
1.155986200180842e-003	-7.000732e-002	-6.999254e-002	-5.000000e+000	-2.507376e+000	-2.492624e+000	-2.500007e+000	-2.499993e+000	-2.500000e+000	-2.500000e+000	-2.570000e+000	-2.570000e+000	1.406875e-012	-1.406875e-012	-2.345750e-004	2.345750e-004	-1.839410e-014	1.844885e-014	-1.385558e-012	7.368589e-005	-7.368589e-005	7.368589e-005	2.107416e-004	-4.985248e-005	4.985248e-005	1.705086e-014	-1.754775e-014	2.844275e-004
1.158986200180841e-003	-7.000661e-002	-6.999326e-002	-5.000000e+000	-2.506711e+000	-2.493289e+000	-2.500007e+000	-2.499993e+000	-2.500000e+000	-2.500000e+000	-2.570000e+000	-2.570000e+000	1.250555e-012	-1.250555e-012	-2.089337e-004	2.089337e-004	-1.673372e-014	1.678952e-014	-1.236344e-012	6.704649e-005	-6.704649e-005	6.704649e-005	1.917530e-004	-4.986577e-005	4.986577e-005	1.736711e-014	-1.653180e-014	2.587995e-004
1.161986200180841e-003	-7.000613e-002	-6.999373e-002	-5.000000e+000	-2.506119e+000	-2.493881e+000	-2.500006e+000	-2.499994e+000	-2.500000e+000	-2.500000e+000	-2.570000e+000	-2.570000e+000	1.108447e-012	-1.108447e-012	-1.860952e-004	1.860952e-004	-1.525477e-014	1.531165e-014	-1.101341e-012	6.113284e-005	-6.113284e-005	6.113284e-005	1.748399e-004	-4.987761e-005	4.987761e-005	1.675227e-014	-1.636106e-014	2.359728e-004
1.164986200180841e-003	-7.000566e-002	-6.999421e-002	-5.000000e+000	-2.505592e+000	-2.494408e+000	-2.500006e+000	-2.499994e+000	-2.500000e+000	-2.500000e+000	-2.570000e+000	-2.570000e+000	9.876544e-013	-9.876544e-013	-1.657531e-004	1.657531e-004	-1.393746e-014	1.399535e-014	-9.805490e-013	5.586562e-005	-5.586562e-005	5.586562e-005	1.597757e-004	-4.988816e-005	4.988816e-005	1.270482e-014	-1.231365e-014	2.156413e-004
1.167986200180841e-003	-7.000494e-002	-6.999493e-002	-5.000000e+000	-2.505122e+000	-2.494878e+000	-2.500005e+000	-2.499995e+000	-2.500000e+000	-2.500000e+000	-2.570000e+000	-2.570000e+000	8.810730e-013	-8.810730e-013	-1.476347e-004	1.476347e-004	-1.276407e-014	1.282301e-014	-8.810730e-013	5.117415e-005	-5.117415e-005	5.117415e-005	1.463581e-004	-4.989755e-005	4.989755e-005	1.363349e-014	-1.279830e-014	1.975322e-004
1.170986200180840e-003	-7.000470e-002	-6.999516e-002	-5.000000e+000	-2.504704e+000	-2.495296e+000	-2.500005e+000	-2.499995e+000	-2.500000e+000	-2.500000e+000	-2.570000e+000	-2.570000e+000	7.815970e-013	-7.815970e-013	-1.314968e-004	1.314968e-004	-1.171888e-014	1.177887e-014	-7.744916e-013	4.699551e-005	-4.699551e-005	4.699551e-005	1.344071e-004	-4.990591e-005	4.990591e-005	1.290523e-014	-1.162604e-014	1.814027e-004
1.173986200180840e-003	-7.000422e-002	-6.999564e-002	-5.000000e+000	-2.504332e+000	-2.495668e+000	-2.500004e+000	-2.499996e+000	-2.500000e+000	-2.500000e+000	-2.570000e+000	-2.570000e+000	6.963319e-013	-6.963319e-013	-1.171229e-004	1.171229e-004	-1.078789e-014	1.084893e-014	-6.892265e-013	4.327363e-005	-4.327363e-005	4.327363e-005	1.237626e-004	-4.991337e-005	4.991337e-005	1.028655e-014	-9.895523e-015	1.670362e-004
1.176986200180840e-003	-7.000399e-002	-6.999588e-002	-5.000000e+000	-2.504000e+000	-2.496000e+000	-2.500004e+000	-2.499996e+000	-2.500000e+000	-2.500000e+000	-2.570000e+000	-2.570000e+000	6.252776e-013	-6.252776e-013	-1.043202e-004	1.043202e-004	-9.958609e-015	1.002069e-014	-6.252776e-013	3.995860e-005	-3.995860e-005	3.995860e-005	1.142816e-004	-4.992000e-005	4.992000e-005	1.151345e-014	-1.067832e-014	1.542402e-004
1.179986200180840e-003	-7.000351e-002	-6.999636e-002	-5.000000e+000	-2.503704e+000	-2.496296e+000	-2.500004e+000	-2.499996e+000	-2.500000e+000	-2.500000e+000	-2.570000e+000	-2.570000e+000	5.613288e-013	-5.613288e-013	-9.291695e-005	9.291695e-005	-9.219919e-015	9.283044e-015	-5.471179e-013	3.700593e-005	-3.700593e-005	3.700593e-005	1.058369e-004	-4.992591e-005	4.992591e-005	9.999479e-015	-8.276245e-015	1.428429e-004
1.182986200180839e-003	-7.000351e-002	-6.999636e-002	-5.000000e+000	-2.503441e+000	-2.496559e+000	-2.500004e+000	-2.499996e+000	-2.500000e+000	-2.500000e+000	-2.570000e+000	-2.570000e+000	4.973799e-013	-4.973799e-013	-8.276022e-005	8.276022e-005	-8.561910e-015	8.626095e-015	-4.831691e-013	3.437601e-005	-3.437601e-005	3.437601e-005	9.831539e-005	-4.993118e-005	4.993118e-005	7.535790e-015	-7.588937e-015	1.326914e-004
1.185986200180839e-003	-7.000303e-002	-6.999683e-002	-5.000000e+000	-2.503206e+000	-2.496794e+000	-2.500003e+000	-2.499997e+000	-2.500000e+000	-2.500000e+000	-2.570000e+000	-2.570000e+000	4.476419e-013	-4.476419e-013	-7.371371e-005	7.371371e-005	-7.975769e-015	8.041016e-015	-4.334311e-013	3.203357e-005	-3.203357e-005	3.203357e-005	9.161601e-005	-4.993587e-005	4.993587e-005	9.155365e-015	-8.764465e-015	1.236496e-004
1.188986200180839e-003	-7.000303e-002	-6.999683e-002	-5.000000e+000	-2.502998e+000	-2.497002e+000	-2.500003e+000	-2.499997e+000	-2.500000e+000	-2.500000e+000	-2.570000e+000	-2.570000e+000	3.907985e-013	-3.907985e-013	-6.565607e-005	6.565607e-005	-7.453663e-015	7.519929e-015	-3.836931e-013	2.994718e-005	-2.994718e-005	2.994718e-005	8.564894e-005	-4.994005e-005	4.994005e-005	8.602129e-015	-7.767107e-015	1.155961e-004
1.191986200180839e-003	-7.000279e-002	-6.999707e-002	-5.000000e+000	-2.502812e+000	-2.497188e+000	-2.500003e+000	-2.499997e+000	-2.500000e+000	-2.500000e+000	-2.570000e+000	-2.570000e+000	3.481659e-013	-3.481659e-013	-5.847922e-005	5.847922e-005	-6.988562e-015	7.055867e-015	-3.481659e-013	2.808886e-005	-2.808886e-005	2.808886e-005	8.033413e-005	-4.994377e-005	4.994377e-005	7.488350e-015	-7.541586e-015	1.084230e-004
1.194986200180838e-003	-7.000256e-002	-6.999731e-002	-5.000000e+000	-2.502646e+000	-2.497354e+000	-2.500003e+000	-2.499997e+000	-2.500000e+000	-2.500000e+000	-2.570000e+000	-2.570000e+000	3.197442e-013	-3.126388e-013	-5.208686e-005	5.208686e-005	-6.574244e-015	6.642589e-015	-3.055334e-013	2.643366e-005	-2.643366e-005	2.643366e-005	7.560028e-005	-4.994708e-005	4.994708e-005	8.195987e-015	-8.249254e-015	1.020339e-004
1.197986200180838e-003	-7.000232e-002	-6.999755e-002	-5.000000e+000	-2.502498e+000	-2.497502e+000	-2.500002e+000	-2.499998e+000	-2.500000e+000	-2.500000e+000	-2.570000e+000	-2.570000e+000	2.700062e-013	-2.700062e-013	-4.639326e-005	4.639326e-005	-6.205173e-015	6.274527e-015	-2.700062e-013	2.495940e-005	-2.495940e-005	2.495940e-005	7.138388e-005	-4.995003e-005	4.995003e-005	6.728228e-015	-8.113790e-015	9.634328e-005
1.200986200180838e-003	-7.000232e-002	-6.999755e-002	-5.000000e+000	-2.502367e+000	-2.497633e+000	-2.500002e+000	-2.499998e+000	-2.500000e+000	-2.500000e+000	-2.570000e+000	-2.570000e+000	2.486900e-013	-2.486900e-013	-4.132202e-005	4.132202e-005	-5.876381e-015	5.946764e-015	-2.486900e-013	2.364629e-005	-2.364629e-005	2.364629e-005	6.762839e-005	-4.995266e-005	4.995266e-005	7.721981e-015	-6.887163e-015	9.127468e-005
1.203986200180838e-003	-7.000208e-002	-6.999779e-002	-5.000000e+000	-2.502250e+000	-2.497750e+000	-2.500002e+000	-2.499998e+000	-2.500000e+000	-2.500000e+000	-2.570000e+000	-2.570000e+000	2.273737e-013	-2.202682e-013	-3.680511e-005	3.680511e-005	-5.583467e-015	5.654890e-015	-2.131628e-013	2.247671e-005	-2.247671e-005	2.247671e-005	6.428340e-005	-4.995500e-005	4.995500e-005	4.338198e-015	-5.279771e-015	8.676011e-005
1.206986200180837e-003	-7.000208e-002	-6.999779e-002	-5.000000e+000	-2.502146e+000	-2.497854e+000	-2.500002e+000	-2.499998e+000	-2.500000e+000	-2.500000e+000	-2.570000e+000	-2.570000e+000	1.918465e-013	-1.918465e-013	-3.278195e-005	3.278195e-005	-5.322514e-015	5.394978e-015	-1.918465e-013	2.143498e-005	-2.143498e-005	2.143498e-005	6.130405e-005	-4.995709e-005	4.995709e-005	4.746598e-015	-4.800047e-015	8.273904e-005
1.209986200180837e-003	-7.000184e-002	-6.999803e-002	-5.000000e+000	-2.502053e+000	-2.497947e+000	-2.500002e+000	-2.499998e+000	-2.500000e+000	-2.500000e+000	-2.570000e+000	-2.570000e+000	1.705303e-013	-1.705303e-013	-2.919856e-005	2.919856e-005	-5.090029e-015	5.163534e-015	-1.705303e-013	2.050713e-005	-2.050713e-005	2.050713e-005	5.865038e-005	-4.995894e-005	4.995894e-005	6.621163e-015	-5.342417e-015	7.915750e-005
1.212986200180837e-003	-7.000184e-002	-6.999803e-002	-5.000000e+000	-2.501970e+000	-2.498030e+000	-2.500002e+000	-2.499998e+000	-2.500000e+000	-2.500000e+000	-2.570000e+000	-2.570000e+000	1.492140e-013	-1.492140e-013	-2.600687e-005	2.600687e-005	-4.882900e-015	4.957446e-015	-1.492140e-013	1.968069e-005	-1.968069e-005	1.968069e-005	5.628678e-005	-4.996060e-005	4.996060e-005	4.470510e-015	-4.080006e-015	7.596747e-005
1.215986200180837e-003	-7.000184e-002	-6.999803e-002	-5.000000e+000	-2.501896e+000	-2.498104e+000	-2.500002e+000	-2.499998e+000	-2.500000e+000	-2.500000e+000	-2.570000e+000	-2.570000e+000	1.278977e-013	-1.278977e-013	-2.316406e-005	2.316406e-005	-4.698355e-015	4.773942e-015	-1.278977e-013	1.894459e-005	-1.894459e-005	1.894459e-005	5.418154e-005	-4.996207e-005	4.996207e-005	3.605027e-015	-4.546814e-015	7.312614e-005
1.218986200180836e-003	-7.000184e-002	-6.999803e-002	-5.000000e+000	-2.501831e+000	-2.498169e+000	-2.500002e+000	-2.499998e+000	-2.500000e+000	-2.500000e+000	-2.570000e+000	-2.570000e+000	1.207923e-013	-1.207923e-013	-2.063200e-005	2.063200e-005	-4.533938e-015	4.610542e-015	-1.136868e-013	1.828896e-005	-1.828896e-005	1.828896e-005	5.230643e-005	-4.996339e-005	4.996339e-005	6.548541e-015	-4.825819e-015	7.059539e-005
1.221986200180836e-003	-7.000160e-002	-6.999826e-002	-5.000000e+000	-2.501772e+000	-2.498228e+000	-2.500002e+000	-2.499998e+000	-2.500000e+000	-2.500000e+000	-2.570000e+000	-2.570000e+000	1.136868e-013	-1.136868e-013	-1.837672e-005	1.837672e-005	-4.387444e-015	4.465053e-015	-1.136868e-013	1.770500e-005	-1.770500e-005	1.770500e-005	5.063628e-005	-4.996455e-005	4.996455e-005	3.427366e-015	-2.592878e-015	6.834127e-005
1.224986200180836e-003	-7.000160e-002	-6.999826e-002	-5.000000e+000	-2.501720e+000	-2.498280e+000	-2.500002e+000	-2.499998e+000	-2.500000e+000	-2.500000e+000	-2.570000e+000	-2.570000e+000	9.947598e-014	-9.947598e-014	-1.636796e-005	1.636796e-005	-4.256907e-015	4.335523e-015	-9.947598e-014	1.718486e-005	-1.718486e-005	1.718486e-005	4.914870e-005	-4.996559e-005	4.996559e-005	3.642240e-015	-4.584175e-015	6.633356e-005
1.227986200180836e-003	-7.000160e-002	-6.999826e-002	-5.000000e+000	-2.501674e+000	-2.498326e+000	-2.500002e+000	-2.499998e+000	-2.500000e+000	-2.500000e+000	-2.570000e+000	-2.570000e+000	8.526513e-014	-8.526513e-014	-1.457878e-005	1.457878e-005	-4.140589e-015	4.220202e-015	-8.526513e-014	1.672158e-005	-1.672158e-005	1.672158e-005	4.782373e-005	-4.996652e-005	4.996652e-005	4.908176e-015	-3.185619e-015	6.454530e-005
1.230986200180835e-003	-7.000160e-002	-6.999826e-002	-5.000000e+000	-2.501632e+000	-2.498368e+000	-2.500002e+000	-2.499998e+000	-2.500000e+000	-2.500000e+000	-2.570000e+000	-2.570000e+000	8.526513e-014	-8.526513e-014	-1.298518e-005	1.298518e-005	-4.036921e-015	4.117551e-015	-6.394885e-014	1.630894e-005	-1.630895e-005	1.630895e-005	4.664358e-005	-4.996735e-005	4.996735e-005	4.913062e-015	-4.966909e-015	6.295253e-005
1.233986200180835e-003	-7.000160e-002	-6.999826e-002	-5.000000e+000	-2.501596e+000	-2.498404e+000	-2.500002e+000	-2.499998e+000	-2.500000e+000	-2.500000e+000	-2.570000e+000	-2.570000e+000	7.105427e-014	-7.105427e-014	-1.156577e-005	1.156577e-005	-3.944519e-015	4.026187e-015	-7.105427e-014	1.594141e-005	-1.594141e-005	1.594141e-005	4.559244e-005	-4.996809e-005	4.996809e-005	4.082315e-015	-3.692111e-015	6.153386e-005
1.236986200180835e-003	-7.000136e-002	-6.999850e-002	-5.000000e+000	-2.501563e+000	-2.498437e+000	-2.500001e+000	-2.499999e+000	-2.500000e+000	-2.500000e+000	-2.570000e+000	-2.570000e+000	5.684342e-014	-5.684342e-014	-1.030152e-005	1.030152e-005	-3.862160e-015	3.944868e-015	-5.684342e-014	1.561406e-005	-1.561406e-005	1.561406e-005	4.465620e-005	-4.996874e-005	4.996874e-005	3.891570e-015	-3.945500e-015	6.027026e-005
1.239986200180835e-003	-7.000136e-002	-6.999850e-002	-5.000000e+000	-2.501534e+000	-2.498466e+000	-2.500001e+000	-2.499999e+000	-2.500000e+000	-2.500000e+000	-2.570000e+000	-2.570000e+000	5.684342e-014	-5.684342e-014	-9.175461e-006	9.175461e-006	-3.788752e-015	3.872490e-015	-4.973799e-014	1.532248e-005	-1.532248e-005	1.532248e-005	4.382230e-005	-4.996932e-005	4.996932e-005	3.837492e-015	-4.779619e-015	5.914478e-005
1.242986200180834e-003	-7.000136e-002	-6.999850e-002	-5.000000e+000	-2.501508e+000	-2.498492e+000	-2.500001e+000	-2.499999e+000	-2.500000e+000	-2.500000e+000	-2.570000e+000	-2.570000e+000	4.973799e-014	-4.973799e-014	-8.172493e-006	8.172493e-006	-3.723324e-015	3.808067e-015	-4.263256e-014	1.506278e-005	-1.506278e-005	1.506278e-005	4.307956e-005	-4.996984e-005	4.996984e-005	5.505197e-015	-4.226927e-015	5.814234e-005
1.245986200180834e-003	-7.000136e-002	-6.999850e-002	-5.000000e+000	-2.501485e+000	-2.498515e+000	-2.500001e+000	-2.499999e+000	-2.500000e+000	-2.500000e+000	-2.570000e+000	-2.570000e+000	4.263256e-014	-4.263256e-014	-7.279159e-006	7.279159e-006	-3.664987e-015	3.750747e-015	-3.552714e-014	1.483147e-005	-1.483147e-005	1.483147e-005	4.241800e-005	-4.997031e-005	4.997031e-005	5.525859e-015	-4.247662e-015	5.724947e-005
1.248986200180834e-003	-7.000136e-002	-6.999850e-002	-5.000000e+000	-2.501464e+000	-2.498536e+000	-2.500001e+000	-2.499999e+000	-2.500000e+000	-2.500000e+000	-2.570000e+000	-2.570000e+000	3.552714e-014	-3.552714e-014	-6.483475e-006	6.483475e-006	-3.612971e-015	3.699749e-015	-3.552714e-014	1.462544e-005	-1.462544e-005	1.462544e-005	4.182876e-005	-4.997072e-005	4.997072e-005	4.958696e-015	-5.012764e-015	5.645420e-005
1.251986200180834e-003	-7.000136e-002	-6.999850e-002	-5.000000e+000	-2.501446e+000	-2.498554e+000	-2.500001e+000	-2.499999e+000	-2.500000e+000	-2.500000e+000	-2.570000e+000	-2.570000e+000	4.263256e-014	-4.263256e-014	-5.774767e-006	5.774767e-006	-3.566585e-015	3.654381e-015	-3.552714e-014	1.444193e-005	-1.444193e-005	1.444193e-005	4.130392e-005	-4.997109e-005	4.997109e-005	3.567576e-015	-4.065800e-015	5.574586e-005
1.254986200180833e-003	-7.000136e-002	-6.999850e-002	-5.000000e+000	-2.501429e+000	-2.498571e+000	-2.500001e+000	-2.499999e+000	-2.500000e+000	-2.500000e+000	-2.570000e+000	-2.570000e+000	2.842171e-014	-2.842171e-014	-5.143528e-006	5.143528e-006	-3.525212e-015	3.614029e-015	-2.131628e-014	1.427848e-005	-1.427848e-005	1.427848e-005	4.083646e-005	-4.997142e-005	4.997142e-005	4.750779e-015	-4.804925e-015	5.511494e-005
1.257986200180833e-003	-7.000136e-002	-6.999850e-002	-5.000000e+000	-2.501415e+000	-2.498585e+000	-2.500001e+000	-2.499999e+000	-2.500000e+000	-2.500000e+000	-2.570000e+000	-2.570000e+000	2.842171e-014	-2.842171e-014	-4.581289e-006	4.581289e-006	-3.488314e-015	3.578136e-015	-2.842171e-014	1.413290e-005	-1.413290e-005	1.413290e-005	4.042009e-005	-4.997171e-005	4.997171e-005	3.589965e-015	-4.532283e-015	5.455299e-005
1.260986200180833e-003	-7.000136e-002	-6.999850e-002	-5.000000e+000	-2.501402e+000	-2.498598e+000	-2.500001e+000	-2.499999e+000	-2.500000e+000	-2.500000e+000	-2.570000e+000	-2.570000e+000	2.131628e-014	-1.421085e-014	-4.080510e-006	4.080510e-006	-3.455401e-015	3.546215e-015	-1.421085e-014	1.400323e-005	-1.400323e-005	1.400323e-005	4.004924e-005	-4.997197e-005	4.997197e-005	5.981426e-015	-4.259221e-015	5.405248e-005
1.263986200180833e-003	-7.000136e-002	-6.999850e-002	-5.000000e+000	-2.501390e+000	-2.498610e+000	-2.500001e+000	-2.499999e+000	-2.500000e+000	-2.500000e+000	-2.570000e+000	-2.570000e+000	1.421085e-014	-1.421085e-014	-3.634470e-006	3.634470e-006	-3.426036e-015	3.517833e-015	-1.421085e-014	1.388774e-005	-1.388774e-005	1.388774e-005	3.971893e-005	-4.997220e-005	4.997220e-005	3.354407e-015	-2.964537e-015	5.360667e-005
1.266986200180832e-003	-7.000136e-002	-6.999850e-002	-5.000000e+000	-2.501380e+000	-2.498620e+000	-2.500001e+000	-2.499999e+000	-2.500000e+000	-2.500000e+000	-2.570000e+000	-2.570000e+000	2.131628e-014	-2.131628e-014	-3.237186e-006	3.237186e-006	-3.399821e-015	3.492612e-015	-2.131628e-014	1.378487e-005	-1.378487e-005	1.378487e-005	3.942472e-005	-4.997240e-005	4.997240e-005	3.341356e-015	-2.063334e-015	5.320959e-005
1.269986200180832e-003	-7.000136e-002	-6.999850e-002	-5.000000e+000	-2.501371e+000	-2.498629e+000	-2.500001e+000	-2.499999e+000	-2.500000e+000	-2.500000e+000	-2.570000e+000	-2.570000e+000	2.131628e-014	-2.131628e-014	-2.883330e-006	2.883330e-006	-3.376412e-015	3.470209e-015	-1.421085e-014	1.369324e-005	-1.369324e-005	1.369324e-005	3.916267e-005	-4.997259e-005	4.997259e-005	4.045532e-015	-4.099815e-015	5.285592e-005
1.272986200180832e-003	-7.000136e-002	-6.999850e-002	-5.000000e+000	-2.501363e+000	-2.498637e+000	-2.500001e+000	-2.499999e+000	-2.500000e+000	-2.500000e+000	-2.570000e+000	-2.570000e+000	1.421085e-014	-1.421085e-014	-2.568153e-006	2.568153e-006	-3.355513e-015	3.450304e-015	-1.421085e-014	1.361163e-005	-1.361163e-005	1.361163e-005	3.892927e-005	-4.997275e-005	4.997275e-005	2.501045e-015	-2.555348e-015	5.254090e-005
1.275986200180832e-003	-7.000136e-002	-6.999850e-002	-5.000000e+000	-2.501355e+000	-2.498645e+000	-2.500001e+000	-2.499999e+000	-2.500000e+000	-2.500000e+000	-2.570000e+000	-2.570000e+000	7.105427e-015	-7.105427e-015	-2.287429e-006	2.287429e-006	-3.336839e-015	3.432633e-015	-7.105427e-015	1.353894e-005	-1.353894e-005	1.353894e-005	3.872138e-005	-4.997290e-005	4.997290e-005	5.350681e-015	-4.516890e-015	5.226032e-005
1.278986200180831e-003	-7.000136e-002	-6.999850e-002	-5.000000e+000	-2.501349e+000	-2.498651e+000	-2.500001e+000	-2.499999e+000	-2.500000e+000	-2.500000e+000	-2.570000e+000	-2.570000e+000	7.105427e-015	-7.105427e-015	-2.037390e-006	2.037390e-006	-3.320160e-015	3.416940e-015	-7.105427e-015	1.347420e-005	-1.347420e-005	1.347420e-005	3.853621e-005	-4.997303e-005	4.997303e-005	5.326961e-015	-5.825451e-015	5.201041e-005
1.281557628752260e-003	-7.000136e-002	-6.999850e-002	-5.000000e+000	-2.501344e+000	-2.498656e+000	-2.500001e+000	-2.499999e+000	-2.500000e+000	-2.500000e+000	-2.570000e+000	-2.570000e+000	7.932084e-015	-7.932084e-015	-1.848648e-006	1.848648e-006	-3.307522e-015	3.405143e-015	-6.652057e-015	1.342533e-005	-1.342533e-005	1.342533e-005	3.839644e-005	-4.997312e-005	4.997312e-005	4.708046e-015	-5.186941e-015	5.182177e-005
1.284129057323688e-003	-7.000136e-002	-6.999850e-002	-5.000000e+000	-2.501339e+000	-2.498661e+000	-2.500001e+000	-2.499999e+000	-2.500000e+000	-2.500000e+000	-2.570000e+000	-2.570000e+000	8.144835e-015	-8.144835e-015	-1.674243e-006	1.674243e-006	-3.295811e-015	3.394275e-015	-6.011456e-015	1.338017e-005	-1.338017e-005	1.338017e-005	3.826728e-005	-4.997321e-005	4.997321e-005	4.184616e-015	-4.565870e-015	5.164746e-005
1.286700485895117e-003	-7.000136e-002	-6.999850e-002	-5.000000e+000	-2.501335e+000	-2.498665e+000	-2.500001e+000	-2.499999e+000	-2.500000e+000	-2.500000e+000	-2.570000e+000	-2.570000e+000	7.743680e-015	-7.743680e-015	-1.514174e-006	1.514174e-006	-3.285026e-015	3.384336e-015	-5.183625e-015	1.333872e-005	-1.333872e-005	1.333872e-005	3.814875e-005	-4.997330e-005	4.997330e-005	3.756670e-015	-3.962239e-015	5.148747e-005
1.289271914466545e-003	-7.000136e-002	-6.999850e-002	-5.000000e+000	-2.501331e+000	-2.498669e+000	-2.500001e+000	-2.499999e+000	-2.500000e+000	-2.500000e+000	-2.570000e+000	-2.570000e+000	6.728619e-015	-6.728619e-015	-1.368442e-006	1.368442e-006	-3.275167e-015	3.375327e-015	-4.168564e-015	1.330099e-005	-1.330099e-005	1.330099e-005	3.804082e-005	-4.997337e-005	4.997337e-005	3.424209e-015	-3.376047e-015	5.134181e-005
1.291843343037973e-003	-7.000136e-002	-6.999850e-002	-5.000000e+000	-2.501328e+000	-2.498672e+000	-2.500001e+000	-2.499999e+000	-2.500000e+000	-2.500000e+000	-2.570000e+000	-2.570000e+000	5.099652e-015	-5.099652e-015	-1.237046e-006	1.237046e-006	-3.266236e-015	3.367247e-015	-2.966273e-015	1.326696e-005	-1.326697e-005	1.326697e-005	3.794352e-005	-4.997344e-005	4.997344e-005	3.187232e-015	-2.807294e-015	5.121049e-005
1.294414771609401e-003	-7.000136e-002	-6.999850e-002	-5.000000e+000	-2.501325e+000	-2.498675e+000	-2.500001e+000	-2.499999e+000	-2.500000e+000	-2.500000e+000	-2.570000e+000	-2.570000e+000	2.856779e-015	-2.856779e-015	-1.119987e-006	1.119987e-006	-3.258231e-015	3.360097e-015	-1.576751e-015	1.323665e-005	-1.323666e-005	1.323666e-005	3.785683e-005	-4.997350e-005	4.997350e-005	3.045740e-015	-2.255981e-015	5.109349e-005
1.296986200180830e-003	-7.000136e-002	-6.999850e-002	-5.000000e+000	-2.501322e+000	-2.498678e+000	-2.500001e+000	-2.499999e+000	-2.500000e+000	-2.500000e+000	-2.570000e+000	-2.570000e+000	0.000000e+000	0.000000e+000	-1.017265e-006	1.017265e-006	-3.251153e-015	3.353876e-015	0.000000e+000	1.321006e-005	-1.321006e-005	1.321006e-005	3.778076e-005	-4.997355e-005	4.997355e-005	2.999732e-015	-1.722107e-015	5.099082e-005
1.299700485895115e-003	-7.000136e-002	-6.999850e-002	-5.000000e+000	-2.501320e+000	-2.498680e+000	-2.500001e+000	-2.499999e+000	-2.500000e+000	-2.500000e+000	-2.570000e+000	-2.570000e+000	2.207177e-015	-3.094855e-015	-9.182542e-007	9.182542e-007	-3.244296e-015	3.347913e-015	-6.745710e-016	1.318442e-005	-1.318442e-005	1.318442e-005	3.770744e-005	-4.997360e-005	4.997360e-005	3.420510e-015	-2.584845e-015	5.089186e-005
1.302414771609401e-003	-7.000136e-002	-6.999850e-002	-5.000000e+000	-2.501317e+000	-2.498683e+000	-2.500001e+000	-2.499999e+000	-2.500000e+000	-2.500000e+000	-2.570000e+000	-2.570000e+000	3.678628e-015	-4.819737e-015	-8.270768e-007	8.270768e-007	-3.237949e-015	3.342457e-015	-7.859312e-016	1.316081e-005	-1.316081e-005	1.316081e-005	3.763992e-005	-4.997365e-005	4.997365e-005	3.782026e-015	-3.241014e-015	5.080073e-005
1.305129057323686e-003	-7.000136e-002	-6.999850e-002	-5.000000e+000	-2.501315e+000	-2.498685e+000	-2.500001e+000	-2.499999e+000	-2.500000e+000	-2.500000e+000	-2.570000e+000	-2.570000e+000	4.414354e-015	-5.174648e-015	-7.437329e-007	7.437329e-007	-3.232109e-015	3.337506e-015	-3.340809e-016	1.313923e-005	-1.313923e-005	1.313923e-005	3.757820e-005	-4.997369e-005	4.997369e-005	4.084278e-015	-3.690613e-015	5.071743e-005
1.307843343037972e-003	-7.000136e-002	-6.999850e-002	-5.000000e+000	-2.501313e+000	-2.498687e+000	-2.500001e+000	-2.499999e+000	-2.500000e+000	-2.500000e+000	-2.570000e+000	-2.570000e+000	4.414354e-015	-4.159587e-015	-6.682226e-007	6.682226e-007	-3.226778e-015	3.333061e-015	6.809802e-016	1.311968e-005	-1.311968e-005	1.311968e-005	3.752228e-005	-4.997373e-005	4.997373e-005	4.327268e-015	-3.933643e-015	5.064196e-005
1.310557628752257e-003	-7.000136e-002	-6.999850e-002	-5.000000e+000	-2.501311e+000	-2.498689e+000	-2.500001e+000	-2.499999e+000	-2.500000e+000	-2.500000e+000	-2.570000e+000	-2.570000e+000	3.678628e-015	-1.774554e-015	-6.005459e-007	6.005459e-007	-3.221956e-015	3.329121e-015	2.259252e-015	1.310215e-005	-1.310215e-005	1.310215e-005	3.747216e-005	-4.997377e-005	4.997377e-005	4.510995e-015	-3.970103e-015	5.057432e-005
1.313271914466543e-003	-7.000136e-002	-6.999850e-002	-5.000000e+000	-2.501310e+000	-2.498690e+000	-2.500001e+000	-2.499999e+000	-2.500000e+000	-2.500000e+000	-2.570000e+000	-2.570000e+000	2.207177e-015	1.980451e-015	-5.407027e-007	5.407027e-007	-3.217642e-015	3.325688e-015	4.400734e-015	1.308666e-005	-1.308666e-005	1.308666e-005	3.742784e-005	-4.997380e-005	4.997380e-005	4.635459e-015	-3.799993e-015	5.051450e-005
1.315986200180828e-003	-7.000136e-002	-6.999850e-002	-5.000000e+000	-2.501309e+000	-2.498691e+000	-2.500001e+000	-2.499999e+000	-2.500000e+000	-2.500000e+000	-2.570000e+000	-2.570000e+000	0.000000e+000	7.105427e-015	-4.886932e-007	4.886932e-007	-3.213836e-015	3.322760e-015	7.105427e-015	1.307319e-005	-1.307319e-005	1.307319e-005	3.738933e-005	-4.997383e-005	4.997383e-005	4.700661e-015	-3.423314e-015	5.046252e-005
1.319129057323685e-003	-7.000136e-002	-6.999850e-002	-5.000000e+000	-2.501307e+000	-2.498693e+000	-2.500001e+000	-2.499999e+000	-2.500000e+000	-2.500000e+000	-2.570000e+000	-2.570000e+000	-8.457062e-016	6.089141e-015	-4.344047e-007	4.344047e-007	-3.209796e-015	3.319771e-015	6.089141e-015	1.305914e-005	-1.305913e-005	1.305913e-005	3.734912e-005	-4.997386e-005	4.997386e-005	4.128256e-015	-3.353372e-015	5.040826e-005
1.322271914466542e-003	-7.000136e-002	-6.999850e-002	-5.000000e+000	-2.501306e+000	-2.498694e+000	-2.500001e+000	-2.499999e+000	-2.500000e+000	-2.500000e+000	-2.570000e+000	-2.570000e+000	-1.409510e-015	5.073263e-015	-3.848987e-007	3.848987e-007	-3.206068e-015	3.317090e-015	5.073263e-015	1.304632e-005	-1.304632e-005	1.304632e-005	3.731246e-005	-4.997388e-005	4.997388e-005	3.738644e-015	-3.383338e-015	5.035878e-005
1.325414771609399e-003	-7.000136e-002	-6.999850e-002	-5.000000e+000	-2.501305e+000	-2.498695e+000	-2.500001e+000	-2.499999e+000	-2.500000e+000	-2.500000e+000	-2.570000e+000	-2.570000e+000	-1.691412e-015	4.057793e-015	-3.401752e-007	3.401752e-007	-3.202651e-015	3.314717e-015	4.057793e-015	1.303474e-005	-1.303474e-005	1.303474e-005	3.727934e-005	-4.997390e-005	4.997390e-005	3.531825e-015	-3.513212e-015	5.031408e-005
1.328557628752256e-003	-7.000136e-002	-6.999850e-002	-5.000000e+000	-2.501304e+000	-2.498696e+000	-2.500001e+000	-2.499999e+000	-2.500000e+000	-2.500000e+000	-2.570000e+000	-2.570000e+000	-1.691412e-015	3.042732e-015	-3.002341e-007	3.002341e-007	-3.199546e-015	3.312651e-015	3.042732e-015	1.302439e-005	-1.302439e-005	1.302439e-005	3.724977e-005	-4.997392e-005	4.997392e-005	3.507799e-015	-3.742995e-015	5.027416e-005
1.331700485895113e-003	-7.000136e-002	-6.999850e-002	-5.000000e+000	-2.501303e+000	-2.498697e+000	-2.500001e+000	-2.499999e+000	-2.500000e+000	-2.500000e+000	-2.570000e+000	-2.570000e+000	-1.409510e-015	2.028079e-015	-2.650754e-007	2.650754e-007	-3.196752e-015	3.310893e-015	2.028079e-015	1.301529e-005	-1.301529e-005	1.301529e-005	3.722373e-005	-4.997394e-005	4.997394e-005	3.666566e-015	-4.072686e-015	5.023902e-005
1.334843343037969e-003	-7.000136e-002	-6.999850e-002	-5.000000e+000	-2.501302e+000	-2.498698e+000	-2.500001e+000	-2.499999e+000	-2.500000e+000	-2.500000e+000	-2.570000e+000	-2.570000e+000	-8.457062e-016	1.013835e-015	-2.346991e-007	2.346991e-007	-3.194269e-015	3.309443e-015	1.013835e-015	1.300742e-005	-1.300742e-005	1.300742e-005	3.720124e-005	-4.997396e-005	4.997396e-005	4.008126e-015	-4.502285e-015	5.020866e-005
1.337986200180826e-003	-7.000136e-002	-6.999850e-002	-5.000000e+000	-2.501301e+000	-2.498699e+000	-2.500001e+000	-2.499999e+000	-2.500000e+000	-2.500000e+000	-2.570000e+000	-2.570000e+000	0.000000e+000	0.000000e+000	-2.091053e-007	2.091053e-007	-3.192098e-015	3.308300e-015	0.000000e+000	1.300080e-005	-1.300080e-005	1.300080e-005	3.718228e-005	-4.997397e-005	4.997397e-005	4.532479e-015	-5.031793e-015	5.018308e-005
1.341986200180826e-003	-7.000136e-002	-6.999850e-002	-5.000000e+000	-2.501301e+000	-2.498699e+000	-2.500001e+000	-2.499999e+000	-2.500000e+000	-2.500000e+000	-2.570000e+000	-2.570000e+000	-4.649112e-016	2.189006e-015	-1.804220e-007	1.804220e-007	-3.189594e-015	3.307091e-015	2.189006e-015	1.299337e-005	-1.299337e-005	1.299337e-005	3.716104e-005	-4.997399e-005	4.997399e-005	4.280561e-015	-4.434481e-015	5.015441e-005
1.345986200180826e-003	-7.000136e-002	-6.999850e-002	-5.000000e+000	-2.501300e+000	-2.498700e+000	-2.500001e+000	-2.499999e+000	-2.500000e+000	-2.500000e+000	-2.570000e+000	-2.570000e+000	-7.748520e-016	3.648344e-015	-1.547226e-007	1.547226e-007	-3.187284e-015	3.306074e-015	3.648344e-015	1.298672e-005	-1.298672e-005	1.298672e-005	3.714201e-005	-4.997400e-005	4.997400e-005	4.020449e-015	-3.901829e-015	5.012872e-005
1.349986200180825e-003	-7.000136e-002	-6.999850e-002	-5.000000e+000	-2.501299e+000	-2.498701e+000	-2.500001e+000	-2.499999e+000	-2.500000e+000	-2.500000e+000	-2.570000e+000	-2.570000e+000	-9.298224e-016	4.378013e-015	-1.320069e-007	1.320069e-007	-3.185167e-015	3.305250e-015	4.378013e-015	1.298083e-005	-1.298083e-005	1.298083e-005	3.712519e-005	-4.997401e-005	4.997401e-005	3.752141e-015	-3.433837e-015	5.010602e-005
1.353986200180825e-003	-7.000136e-002	-6.999850e-002	-5.000000e+000	-2.501299e+000	-2.498701e+000	-2.500001e+000	-2.499999e+000	-2.500000e+000	-2.500000e+000	-2.570000e+000	-2.570000e+000	-9.298224e-016	4.378013e-015	-1.122749e-007	1.122749e-007	-3.183243e-015	3.304619e-015	4.378013e-015	1.297572e-005	-1.297572e-005	1.297572e-005	3.711057e-005	-4.997402e-005	4.997402e-005	3.475638e-015	-3.030506e-015	5.008630e-005
1.357986200180825e-003	-7.000136e-002	-6.999850e-002	-5.000000e+000	-2.501298e+000	-2.498702e+000	-2.500001e+000	-2.499999e+000	-2.500000e+000	-2.500000e+000	-2.570000e+000	-2.570000e+000	-7.748520e-016	3.648344e-015	-9.552678e-008	9.552678e-008	-3.181514e-015	3.304180e-015	3.648344e-015	1.297139e-005	-1.297139e-005	1.297139e-005	3.709817e-005	-4.997403e-005	4.997403e-005	3.190939e-015	-2.691835e-015	5.006956e-005
1.361986200180824e-003	-7.000136e-002	-6.999850e-002	-5.000000e+000	-2.501298e+000	-2.498702e+000	-2.500001e+000	-2.499999e+000	-2.500000e+000	-2.500000e+000	-2.570000e+000	-2.570000e+000	-4.649112e-016	2.189006e-015	-8.176240e-008	8.176240e-008	-3.179977e-015	3.303935e-015	2.189006e-015	1.296782e-005	-1.296782e-005	1.296782e-005	3.708798e-005	-4.997404e-005	4.997404e-005	2.898046e-015	-2.417825e-015	5.005580e-005
1.365986200180824e-003	-7.000136e-002	-6.999850e-002	-5.000000e+000	-2.501298e+000	-2.498702e+000	-2.500001e+000	-2.499999e+000	-2.500000e+000	-2.500000e+000	-2.570000e+000	-2.570000e+000	0.000000e+000	0.000000e+000	-7.098180e-008	7.098180e-008	-3.178635e-015	3.303881e-015	0.000000e+000	1.296503e-005	-1.296503e-005	1.296503e-005	3.707999e-005	-4.997405e-005	4.997405e-005	2.596958e-015	-2.208476e-015	5.004503e-005
1.371700485895109e-003	-7.000148e-002	-6.999848e-002	-5.000000e+000	-2.501297e+000	-2.498703e+000	-2.500001e+000	-2.499999e+000	-2.500000e+000	-2.500000e+000	-2.570000e+000	-2.570000e+000	-1.653826e-015	2.264766e-015	-5.794564e-008	5.794564e-008	-3.176866e-015	3.303963e-015	-2.998518e-016	1.296166e-005	-1.296166e-005	1.296166e-005	3.707034e-005	-4.997405e-005	4.997405e-005	2.986997e-015	-2.344369e-015	5.003200e-005
1.377414771609394e-003	-7.000156e-002	-6.999847e-002	-5.000000e+000	-2.501297e+000	-2.498703e+000	-2.500001e+000	-2.499999e+000	-2.500000e+000	-2.500000e+000	-2.570000e+000	-2.570000e+000	-2.418022e-015	3.436256e-015	-4.659691e-008	4.659691e-008	-3.175211e-015	3.304148e-015	1.769544e-016	1.295872e-005	-1.295872e-005	1.295872e-005	3.706194e-005	-4.997406e-005	4.997406e-005	3.332741e-015	-2.563000e-015	5.002065e-005
1.383129057323680e-003	-7.000160e-002	-6.999849e-002	-5.000000e+000	-2.501297e+000	-2.498703e+000	-2.500001e+000	-2.499999e+000	-2.500000e+000	-2.500000e+000	-2.570000e+000	-2.570000e+000	-2.292590e-015	3.514470e-015	-3.693561e-008	3.693561e-008	-3.173669e-015	3.304439e-015	1.430419e-015	1.295622e-005	-1.295622e-005	1.295622e-005	3.705478e-005	-4.997406e-005	4.997406e-005	3.634190e-015	-2.864369e-015	5.001100e-005
1.388843343037965e-003	-7.000160e-002	-6.999852e-002	-5.000000e+000	-2.501297e+000	-2.498703e+000	-2.500001e+000	-2.499999e+000	-2.500000e+000	-2.500000e+000	-2.570000e+000	-2.570000e+000	-1.277529e-015	2.499409e-015	-2.896175e-008	2.896175e-008	-3.172241e-015	3.304835e-015	3.460541e-015	1.295415e-005	-1.295415e-005	1.295415e-005	3.704888e-005	-4.997407e-005	4.997407e-005	3.891345e-015	-3.248477e-015	5.000303e-005
1.394557628752250e-003	-7.000156e-002	-6.999858e-002	-5.000000e+000	-2.501296e+000	-2.498704e+000	-2.500001e+000	-2.499999e+000	-2.500000e+000	-2.500000e+000	-2.570000e+000	-2.570000e+000	6.271610e-016	3.910725e-016	-2.267532e-008	2.267532e-008	-3.170927e-015	3.305335e-015	6.267321e-015	1.295252e-005	-1.295252e-005	1.295252e-005	3.704422e-005	-4.997407e-005	4.997407e-005	4.104204e-015	-3.715323e-015	4.999674e-005
1.400271914466535e-003	-7.000148e-002	-6.999865e-002	-5.000000e+000	-2.501296e+000	-2.498704e+000	-2.500001e+000	-2.499999e+000	-2.500000e+000	-2.500000e+000	-2.570000e+000	-2.570000e+000	3.421480e-015	-2.810540e-015	-1.807632e-008	1.807633e-008	-3.169726e-015	3.305940e-015	9.850759e-015	1.295133e-005	-1.295133e-005	1.295133e-005	3.704081e-005	-4.997407e-005	4.997407e-005	4.272769e-015	-4.264908e-015	4.999215e-005
1.405986200180821e-003	-7.000136e-002	-6.999874e-002	-5.000000e+000	-2.501296e+000	-2.498704e+000	-2.500001e+000	-2.499999e+000	-2.500000e+000	-2.500000e+000	-2.570000e+000	-2.570000e+000	7.105427e-015	-7.105427e-015	-1.516476e-008	1.516476e-008	-3.168639e-015	3.306651e-015	1.421085e-014	1.295058e-005	-1.295058e-005	1.295058e-005	3.703866e-005	-4.997407e-005	4.997407e-005	4.397040e-015	-4.897230e-015	4.998924e-005
1.417414771609391e-003	-7.000148e-002	-6.999862e-002	-5.000000e+000	-2.501296e+000	-2.498704e+000	-2.500001e+000	-2.499999e+000	-2.500000e+000	-2.500000e+000	-2.570000e+000	-2.570000e+000	4.090231e-015	-3.912720e-015	-1.074122e-008	1.074123e-008	-3.166558e-015	3.308159e-015	1.034705e-014	1.294943e-005	-1.294943e-005	1.294943e-005	3.703538e-005	-4.997408e-005	4.997408e-005	4.038787e-015	-4.152588e-015	4.998482e-005
1.428843343037962e-003	-7.000156e-002	-6.999855e-002	-5.000000e+000	-2.501296e+000	-2.498704e+000	-2.500001e+000	-2.499999e+000	-2.500000e+000	-2.500000e+000	-2.570000e+000	-2.570000e+000	1.741747e-015	-1.445895e-015	-7.103029e-009	7.103031e-009	-3.164538e-015	3.309708e-015	7.094467e-015	1.294849e-005	-1.294849e-005	1.294849e-005	3.703269e-005	-4.997408e-005	4.997408e-005	3.802599e-015	-3.637701e-015	4.998118e-005
1.440271914466532e-003	-7.000160e-002	-6.999851e-002	-5.000000e+000	-2.501296e+000	-2.498704e+000	-2.500001e+000	-2.499999e+000	-2.500000e+000	-2.500000e+000	-2.570000e+000	-2.570000e+000	5.997458e-017	2.950476e-016	-4.250175e-009	4.250176e-009	-3.162578e-015	3.311299e-015	4.453116e-015	1.294775e-005	-1.294775e-005	1.294775e-005	3.703057e-005	-4.997408e-005	4.997408e-005	3.688477e-015	-3.352570e-015	4.997833e-005
1.451700485895103e-003	-7.000160e-002	-6.999851e-002	-5.000000e+000	-2.501296e+000	-2.498704e+000	-2.500001e+000	-2.499999e+000	-2.500000e+000	-2.500000e+000	-2.570000e+000	-2.570000e+000	-9.550865e-016	1.310109e-015	-2.182662e-009	2.182663e-009	-3.160679e-015	3.312930e-015	2.422994e-015	1.294722e-005	-1.294722e-005	1.294722e-005	3.702904e-005	-4.997408e-005	4.997408e-005	3.696420e-015	-3.297194e-015	4.997626e-005
1.463129057323673e-003	-7.000156e-002	-6.999855e-002	-5.000000e+000	-2.501296e+000	-2.498704e+000	-2.500001e+000	-2.499999e+000	-2.500000e+000	-2.500000e+000	-2.570000e+000	-2.570000e+000	-1.303436e-015	1.599288e-015	-9.004900e-010	9.004907e-010	-3.158841e-015	3.314602e-015	1.004100e-015	1.294689e-005	-1.294689e-005	1.294689e-005	3.702809e-005	-4.997408e-005	4.997408e-005	3.826428e-015	-3.471573e-015	4.997498e-005
1.474557628752244e-003	-7.000148e-002	-6.999862e-002	-5.000000e+000	-2.501296e+000	-2.498704e+000	-2.500001e+000	-2.499999e+000	-2.500000e+000	-2.500000e+000	-2.570000e+000	-2.570000e+000	-9.850738e-016	1.162585e-015	-4.036594e-010	4.036600e-010	-3.157064e-015	3.316315e-015	1.964358e-016	1.294676e-005	-1.294676e-005	1.294676e-005	3.702773e-005	-4.997408e-005	4.997408e-005	4.078501e-015	-3.875709e-015	4.997449e-005
1.485986200180814e-003	-7.000136e-002	-6.999874e-002	-5.000000e+000	-2.501296e+000	-2.498704e+000	-2.500001e+000	-2.499999e+000	-2.500000e+000	-2.500000e+000	-2.570000e+000	-2.570000e+000	0.000000e+000	0.000000e+000	-6.921701e-010	6.921705e-010	-3.155348e-015	3.318068e-015	0.000000e+000	1.294683e-005	-1.294683e-005	1.294683e-005	3.702794e-005	-4.997408e-005	4.997408e-005	4.452639e-015	-4.509599e-015	4.997477e-005
2.010986200180782e-003	-7.000160e-002	-6.999850e-002	-5.000000e+000	-2.501296e+000	-2.498704e+000	-2.500001e+000	-2.499999e+000	-2.500000e+000	-2.500000e+000	-2.570000e+000	-2.570000e+000	7.105427e-015	-7.105427e-015	0.000000e+000	6.661338e-016	-3.083119e-015	3.390208e-015	7.105427e-015	1.294665e-005	-1.294665e-005	1.294665e-005	3.702743e-005	-4.997408e-005	4.997408e-005	2.444275e-015	-2.951302e-015	4.997408e-005
3.034986200180918e-003	-7.000160e-002	-6.999874e-002	-5.000000e+000	-2.501296e+000	-2.498704e+000	-2.500001e+000	-2.499999e+000	-2.500000e+000	-2.500000e+000	-2.570000e+000	-2.570000e+000	7.105427e-015	-7.105427e-015	2.220446e-016	6.661338e-016	-2.980654e-015	3.492672e-015	0.000000e+000	1.294665e-005	-1.294665e-005	1.294665e-005	3.702743e-005	-4.997408e-005	4.997408e-005	3.775141e-015	-4.729056e-015	4.997408e-005
4.058986200181054e-003	-7.000160e-002	-6.999874e-002	-5.000000e+000	-2.501296e+000	-2.498704e+000	-2.500001e+000	-2.499999e+000	-2.500000e+000	-2.500000e+000	-2.570000e+000	-2.570000e+000	7.105427e-015	-7.105427e-015	2.220446e-016	2.220446e-016	-2.913774e-015	3.559552e-015	7.105427e-015	1.294665e-005	-1.294665e-005	1.294665e-005	3.702743e-005	-4.997408e-005	4.997408e-005	1.997067e-015	-2.954423e-015	4.997408e-005
4.999986200181179e-003	-7.000160e-002	-6.999874e-002	-5.000000e+000	-2.501296e+000	-2.498704e+000	-2.500001e+000	-2.499999e+000	-2.500000e+000	-2.500000e+000	-2.570000e+000	-2.570000e+000	-4.564602e-011	4.564602e-011	1.402951e-014	7.052513e-014	-2.873378e-015	3.599903e-015	4.564602e-011	1.294661e-005	-1.294665e-005	1.294665e-005	3.702743e-005	-4.997408e-005	4.997408e-005	2.454408e-015	-3.817005e-015	4.997408e-005
5.000000000000000e-003	-7.000160e-002	-6.999874e-002	-5.000000e+000	-2.501296e+000	-2.498704e+000	-2.500001e+000	-2.499999e+000	-2.500000e+000	-2.500000e+000	-2.570000e+000	-2.570000e+000	-4.628475e-011	4.628475e-011	1.421085e-014	7.149836e-014	-2.873377e-015	3.599903e-015	4.628475e-011	1.294661e-005	-1.294665e-005	1.294665e-005	3.702743e-005	-4.997408e-005	4.997408e-005	1.097213e-015	-3.804377e-015	4.997408e-005
