time	V(N008,N005)	V(N009,N004)	V(n001)	V(n002)	V(n003)	V(n004)	V(n005)	V(n006)	V(n007)	V(n008)	V(n009)	I(C1)	I(C2)	I(C3)	I(C4)	I(R1)	I(R2)	I(R3)	I(R4)	I(R5)	I(R6)	I(R7)	I(R8)	I(R9)	I(V1)	I(V2)	I(V3)
0.000000000000000e+000	-7.000000e-002	-7.000000e-002	0.000000e+000	-2.100000e-020	-2.100000e-020	-2.102100e-020	-2.102100e-020	-2.102100e-020	-2.102100e-020	-7.000000e-002	-7.000000e-002	4.200000e-025	4.200000e-025	2.100000e-038	2.100000e-038	2.536958e-037	2.536958e-037	0.000000e+000	0.000000e+000	4.200000e-025	4.200000e-025	-4.298951e-038	4.200000e-025	4.200000e-025	-1.261169e-043	-1.261169e-043	-4.200000e-025
1.000000000000000e-003	-7.000000e-002	-7.000000e-002	0.000000e+000	-8.268006e-015	-8.268006e-015	-8.234877e-015	-8.234877e-015	-1.151710e-009	-1.151710e-009	-7.000000e-002	-7.000000e-002	-3.541868e-018	-3.541868e-018	-8.281634e-019	-8.281634e-019	2.879255e-018	2.879255e-018	0.000000e+000	0.000000e+000	-6.625915e-019	-6.625915e-019	-1.803111e-031	1.653601e-019	1.653601e-019	-2.879255e-018	-2.879255e-018	6.628033e-019
1.000000100000000e-003	-7.048258e-002	-6.951740e-002	-5.000000e-001	-4.999984e-001	-1.617713e-006	-2.504970e-001	-2.495030e-001	-2.500145e-001	-2.499855e-001	-3.199855e-001	-3.200144e-001	-1.960121e-005	1.960121e-005	-1.213284e-002	1.213284e-002	-1.218102e-012	1.218108e-012	1.960121e-005	4.970426e-003	-4.990027e-003	4.990027e-003	7.142811e-003	-3.235426e-011	3.235426e-011	1.218131e-012	-1.218110e-012	1.213284e-002
1.000000300000000e-003	-7.147861e-002	-6.852138e-002	-1.500000e+000	-1.499993e+000	-6.990138e-006	-7.514941e-001	-7.485059e-001	-7.500154e-001	-7.499846e-001	-8.199846e-001	-8.200154e-001	-2.994887e-005	2.994887e-005	-3.639835e-002	3.639835e-002	-3.697569e-012	3.697575e-012	2.994888e-005	1.494003e-002	-1.496998e-002	1.496998e-002	2.142837e-002	-1.398028e-010	1.398028e-010	3.697656e-012	-3.697645e-012	3.639835e-002
1.000000906660785e-003	-7.450652e-002	-6.549358e-002	-4.533304e+000	-4.533253e+000	-5.133170e-005	-2.271173e+000	-2.262131e+000	-2.266667e+000	-2.266637e+000	-2.336637e+000	-2.336667e+000	-2.990140e-005	2.990140e-005	-1.100016e-001	1.100016e-001	-1.126554e-011	1.126555e-011	2.990142e-005	4.521169e-002	-4.524159e-002	4.524159e-002	6.476002e-002	-1.026634e-009	1.026634e-009	1.126546e-011	-1.126522e-011	1.100016e-001
1.000001000000000e-003	-7.497144e-002	-6.502843e-002	-5.000000e+000	-4.999939e+000	-6.127005e-005	-2.504987e+000	-2.495013e+000	-2.500015e+000	-2.499985e+000	-2.569985e+000	-2.570015e+000	-3.059276e-005	3.059276e-005	-1.213259e-001	1.213259e-001	-1.242887e-011	1.242887e-011	3.059277e-005	4.986845e-002	-4.989904e-002	4.989904e-002	7.142682e-002	-1.225401e-009	1.225401e-009	1.242895e-011	-1.242850e-011	1.213259e-001
1.000001060585476e-003	-7.498789e-002	-6.501222e-002	-5.000000e+000	-4.999931e+000	-6.862060e-005	-2.504989e+000	-2.495011e+000	-2.500001e+000	-2.499999e+000	-2.569999e+000	-2.570001e+000	-1.080048e-005	1.080048e-005	-1.213255e-001	1.213255e-001	-1.245851e-011	1.245852e-011	1.080050e-005	4.988805e-002	-4.989885e-002	4.989885e-002	7.142661e-002	-1.372412e-009	1.372412e-009	1.245842e-011	-1.245804e-011	1.213255e-001
1.000001181756428e-003	-7.499051e-002	-6.500936e-002	-5.000000e+000	-4.999917e+000	-8.332165e-005	-2.504990e+000	-2.495010e+000	-2.499999e+000	-2.500001e+000	-2.570001e+000	-2.569999e+000	-4.802557e-008	4.802557e-008	-1.213247e-001	1.213247e-001	-1.247456e-011	1.247456e-011	4.803807e-008	4.989849e-002	-4.989854e-002	4.989854e-002	7.142619e-002	-1.666433e-009	1.666433e-009	1.247440e-011	-1.247433e-011	1.213247e-001
1.000001424098331e-003	-7.498908e-002	-6.501079e-002	-5.000000e+000	-4.999887e+000	-1.127234e-004	-2.504990e+000	-2.495010e+000	-2.500001e+000	-2.499999e+000	-2.569999e+000	-2.570001e+000	2.373946e-008	-2.373946e-008	-1.213233e-001	1.213233e-001	-1.247452e-011	1.247453e-011	-2.372695e-008	4.989797e-002	-4.989795e-002	4.989795e-002	7.142535e-002	-2.254468e-009	2.254468e-009	1.247432e-011	-1.247435e-011	1.213233e-001
1.000001908782138e-003	-7.499027e-002	-6.500959e-002	-5.000000e+000	-4.999828e+000	-1.715256e-004	-2.504990e+000	-2.495010e+000	-2.499999e+000	-2.500001e+000	-2.570001e+000	-2.569999e+000	-9.124847e-009	9.124847e-009	-1.213204e-001	1.213204e-001	-1.247418e-011	1.247418e-011	9.137334e-009	4.989677e-002	-4.989678e-002	4.989678e-002	7.142367e-002	-3.430513e-009	3.430513e-009	1.247402e-011	-1.247401e-011	1.213204e-001
1.000002878149751e-003	-7.498884e-002	-6.501102e-002	-5.000000e+000	-4.999711e+000	-2.891249e-004	-2.504990e+000	-2.495010e+000	-2.500001e+000	-2.499999e+000	-2.569999e+000	-2.570001e+000	6.605944e-009	-6.605963e-009	-1.213147e-001	1.213147e-001	-1.247361e-011	1.247362e-011	-6.593515e-009	4.989443e-002	-4.989443e-002	4.989443e-002	7.142031e-002	-5.782498e-009	5.782498e-009	1.247355e-011	-1.247369e-011	1.213147e-001
1.000004816884978e-003	-7.498980e-002	-6.501007e-002	-5.000000e+000	-4.999475e+000	-5.243027e-004	-2.504989e+000	-2.495011e+000	-2.499999e+000	-2.500001e+000	-2.570001e+000	-2.569999e+000	-1.090579e-009	1.090522e-009	-1.213033e-001	1.213033e-001	-1.247243e-011	1.247243e-011	1.102990e-009	4.988973e-002	-4.988974e-002	4.988974e-002	7.141359e-002	-1.048605e-008	1.048605e-008	1.247253e-011	-1.247255e-011	1.213033e-001
1.000008694355433e-003	-7.498741e-002	-6.501245e-002	-5.000000e+000	-4.999005e+000	-9.945752e-004	-2.504988e+000	-2.495012e+000	-2.500001e+000	-2.499999e+000	-2.569999e+000	-2.570001e+000	2.715865e-009	-2.715903e-009	-1.212805e-001	1.212805e-001	-1.247009e-011	1.247009e-011	-2.703397e-009	4.988035e-002	-4.988035e-002	4.988035e-002	7.140015e-002	-1.989151e-008	1.989151e-008	1.247030e-011	-1.247011e-011	1.212805e-001
1.000016449296341e-003	-7.498693e-002	-6.501293e-002	-5.000000e+000	-4.998065e+000	-1.934788e-003	-2.504986e+000	-2.495014e+000	-2.499999e+000	-2.500001e+000	-2.570001e+000	-2.569999e+000	8.222780e-010	-8.222780e-010	-1.212348e-001	1.212348e-001	-1.246539e-011	1.246540e-011	-8.097913e-010	4.986158e-002	-4.986158e-002	4.986158e-002	7.137329e-002	-3.869577e-008	3.869577e-008	1.246562e-011	-1.246551e-011	1.212349e-001
1.000125018469059e-003	-7.495928e-002	-6.504059e-002	-5.000000e+000	-4.984948e+000	-1.505146e-002	-2.504960e+000	-2.495040e+000	-2.500001e+000	-2.499999e+000	-2.569999e+000	-2.570001e+000	1.522740e-009	-1.522740e-009	-1.205980e-001	1.205980e-001	-1.239994e-011	1.239995e-011	-1.510367e-009	4.959977e-002	-4.959977e-002	4.959977e-002	7.099853e-002	-3.010291e-007	3.010291e-007	1.240012e-011	-1.240030e-011	1.205983e-001
1.000249097523595e-003	-7.493091e-002	-6.506896e-002	-5.000000e+000	-4.970063e+000	-2.993672e-002	-2.504930e+000	-2.495070e+000	-2.499999e+000	-2.500001e+000	-2.570001e+000	-2.569999e+000	1.396378e-009	-1.396378e-009	-1.198753e-001	1.198753e-001	-1.232566e-011	1.232567e-011	-1.384080e-009	4.930266e-002	-4.930266e-002	4.930266e-002	7.057323e-002	-5.987344e-007	5.987344e-007	1.232583e-011	-1.232591e-011	1.198759e-001
1.000497255632665e-003	-7.487082e-002	-6.512904e-002	-5.000000e+000	-4.940625e+000	-5.937473e-002	-2.504872e+000	-2.495128e+000	-2.500001e+000	-2.499999e+000	-2.569999e+000	-2.570001e+000	1.438120e-009	-1.438120e-009	-1.184460e-001	1.184460e-001	-1.217877e-011	1.217877e-011	-1.425955e-009	4.871507e-002	-4.871507e-002	4.871507e-002	6.973215e-002	-1.187495e-006	1.187495e-006	1.217901e-011	-1.217915e-011	1.184472e-001
1.000993571850806e-003	-7.475710e-002	-6.524277e-002	-5.000000e+000	-4.883050e+000	-1.169500e-001	-2.504756e+000	-2.495244e+000	-2.499999e+000	-2.500001e+000	-2.570001e+000	-2.569999e+000	1.375251e-009	-1.375251e-009	-1.156507e-001	1.156507e-001	-1.189147e-011	1.189147e-011	-1.363333e-009	4.756587e-002	-4.756587e-002	4.756587e-002	6.808715e-002	-2.339001e-006	2.339001e-006	1.189155e-011	-1.189184e-011	1.156530e-001
1.001986204287088e-003	-7.453346e-002	-6.546640e-002	-5.000000e+000	-4.771629e+000	-2.283706e-001	-2.504534e+000	-2.495466e+000	-2.500001e+000	-2.499999e+000	-2.569999e+000	-2.570001e+000	1.320371e-009	-1.320371e-009	-1.102410e-001	1.102410e-001	-1.133548e-011	1.133548e-011	-1.309001e-009	4.534191e-002	-4.534191e-002	4.534191e-002	6.490370e-002	-4.567413e-006	4.567413e-006	1.133542e-011	-1.133551e-011	1.102456e-001
1.002986204287088e-003	-7.432008e-002	-6.567979e-002	-5.000000e+000	-4.664011e+000	-3.359893e-001	-2.504319e+000	-2.495681e+000	-2.499999e+000	-2.500001e+000	-2.570001e+000	-2.569999e+000	1.257717e-009	-1.257717e-009	-1.050160e-001	1.050160e-001	-1.079846e-011	1.079846e-011	-1.246889e-009	4.319382e-002	-4.319382e-002	4.319382e-002	6.182888e-002	-6.719786e-006	6.719786e-006	1.079834e-011	-1.079826e-011	1.050227e-001
1.003986204287088e-003	-7.411408e-002	-6.588578e-002	-5.000000e+000	-4.561483e+000	-4.385163e-001	-2.504115e+000	-2.495885e+000	-2.500001e+000	-2.499999e+000	-2.569999e+000	-2.570001e+000	1.198089e-009	-1.198089e-009	-1.000381e-001	1.000381e-001	-1.028684e-011	1.028685e-011	-1.187772e-009	4.114738e-002	-4.114738e-002	4.114738e-002	5.889953e-002	-8.770327e-006	8.770327e-006	1.028689e-011	-1.028661e-011	1.000469e-001
1.004986204287088e-003	-7.392049e-002	-6.607938e-002	-5.000000e+000	-4.463817e+000	-5.361835e-001	-2.503920e+000	-2.496080e+000	-2.499999e+000	-2.500001e+000	-2.570001e+000	-2.569999e+000	1.141302e-009	-1.141302e-009	-9.529625e-002	9.529625e-002	-9.799482e-012	9.799488e-012	-1.131497e-009	3.919793e-002	-3.919793e-002	3.919793e-002	5.610904e-002	-1.072367e-005	1.072367e-005	9.799760e-012	-9.799480e-012	9.530698e-002
1.005986204287087e-003	-7.373333e-002	-6.626654e-002	-5.000000e+000	-4.370779e+000	-6.292212e-001	-2.503734e+000	-2.496266e+000	-2.500001e+000	-2.499999e+000	-2.569999e+000	-2.570001e+000	1.087216e-009	-1.087216e-009	-9.077913e-002	9.077913e-002	-9.335222e-012	9.335228e-012	-1.077865e-009	3.734089e-002	-3.734089e-002	3.734089e-002	5.345082e-002	-1.258443e-005	1.258443e-005	9.335453e-012	-9.335284e-012	9.079172e-002
1.006986204287087e-003	-7.355785e-002	-6.644201e-002	-5.000000e+000	-4.282151e+000	-7.178488e-001	-2.503557e+000	-2.496443e+000	-2.499999e+000	-2.500001e+000	-2.570001e+000	-2.569999e+000	1.035659e-009	-1.035659e-009	-8.647612e-002	8.647612e-002	-8.892968e-012	8.892975e-012	-1.026734e-009	3.557188e-002	-3.557188e-002	3.557188e-002	5.091860e-002	-1.435698e-005	1.435698e-005	8.893166e-012	-8.892886e-012	8.649048e-002
1.008986204287087e-003	-7.322884e-002	-6.677103e-002	-5.000000e+000	-4.117300e+000	-8.827002e-001	-2.503228e+000	-2.496772e+000	-2.499999e+000	-2.500001e+000	-2.570001e+000	-2.569999e+000	9.397922e-010	-9.397922e-010	-7.847235e-002	7.847235e-002	-8.070356e-012	8.070364e-012	-9.317489e-010	3.228143e-002	-3.228143e-002	3.228143e-002	4.620856e-002	-1.765400e-005	1.765400e-005	8.070766e-012	-8.070376e-012	7.849000e-002
1.010986204287087e-003	-7.293034e-002	-6.706953e-002	-5.000000e+000	-3.967706e+000	-1.032294e+000	-2.502930e+000	-2.497070e+000	-2.499999e+000	-2.500001e+000	-2.570001e+000	-2.569999e+000	8.527650e-010	-8.527650e-010	-7.120936e-002	7.120936e-002	-7.323881e-012	7.323889e-012	-8.454890e-010	2.929554e-002	-2.929553e-002	2.929553e-002	4.193446e-002	-2.064588e-005	2.064588e-005	7.323911e-012	-7.323520e-012	7.122999e-002
1.012986204287087e-003	-7.265925e-002	-6.734061e-002	-5.000000e+000	-3.831958e+000	-1.168042e+000	-2.502659e+000	-2.497341e+000	-2.499999e+000	-2.500001e+000	-2.570001e+000	-2.569999e+000	7.738663e-010	-7.738663e-010	-6.461859e-002	6.461859e-002	-6.646495e-012	6.646504e-012	-7.672440e-010	2.658600e-002	-2.658599e-002	2.658599e-002	3.805595e-002	-2.336083e-005	2.336083e-005	6.646464e-012	-6.646295e-012	6.464195e-002
1.015986204287087e-003	-7.229757e-002	-6.770229e-002	-5.000000e+000	-3.651526e+000	-1.348474e+000	-2.502298e+000	-2.497702e+000	-2.500001e+000	-2.499999e+000	-2.569999e+000	-2.570001e+000	6.689334e-010	-6.689334e-010	-5.585834e-002	5.585834e-002	-5.746136e-012	5.746146e-012	-6.632206e-010	2.298456e-002	-2.298456e-002	2.298456e-002	3.290075e-002	-2.696947e-005	2.696947e-005	5.746340e-012	-5.746061e-012	5.588531e-002
1.018986204287086e-003	-7.198763e-002	-6.801224e-002	-5.000000e+000	-3.495555e+000	-1.504445e+000	-2.501987e+000	-2.498013e+000	-2.499999e+000	-2.500001e+000	-2.570001e+000	-2.569999e+000	5.782397e-010	-5.782397e-010	-4.828572e-002	4.828572e-002	-4.967837e-012	4.967847e-012	-5.733227e-010	1.987137e-002	-1.987137e-002	1.987137e-002	2.844444e-002	-3.008889e-005	3.008889e-005	4.968286e-012	-4.968006e-012	4.831580e-002
1.021986204287086e-003	-7.171726e-002	-6.828260e-002	-5.000000e+000	-3.360729e+000	-1.639271e+000	-2.501718e+000	-2.498282e+000	-2.500001e+000	-2.499999e+000	-2.569999e+000	-2.570001e+000	4.998526e-010	-4.998526e-010	-4.173969e-002	4.173969e-002	-4.295050e-012	4.295062e-012	-4.955609e-010	1.718022e-002	-1.718022e-002	1.718022e-002	2.459226e-002	-3.278542e-005	3.278542e-005	4.295266e-012	-4.294987e-012	4.177248e-002
1.024986204287086e-003	-7.148600e-002	-6.851387e-002	-5.000000e+000	-3.244181e+000	-1.755819e+000	-2.501485e+000	-2.498515e+000	-2.499999e+000	-2.500001e+000	-2.570001e+000	-2.569999e+000	4.320952e-010	-4.320952e-010	-3.608111e-002	3.608111e-002	-3.713473e-012	3.713485e-012	-4.284288e-010	1.485391e-002	-1.485391e-002	1.485391e-002	2.126231e-002	-3.511638e-005	3.511638e-005	3.713578e-012	-3.713410e-012	3.611623e-002
1.027986204287086e-003	-7.128358e-002	-6.871629e-002	-5.000000e+000	-3.143433e+000	-1.856567e+000	-2.501284e+000	-2.498716e+000	-2.500001e+000	-2.499999e+000	-2.569999e+000	-2.570001e+000	3.735465e-010	-3.735465e-010	-3.118965e-002	3.118965e-002	-3.210739e-012	3.210752e-012	-3.703065e-010	1.284298e-002	-1.284298e-002	1.284298e-002	1.838380e-002	-3.713134e-005	3.713134e-005	3.210811e-012	-3.210754e-012	3.122678e-002
1.030986204287085e-003	-7.111120e-002	-6.888866e-002	-5.000000e+000	-3.056344e+000	-1.943656e+000	-2.501111e+000	-2.498889e+000	-2.499999e+000	-2.500001e+000	-2.570001e+000	-2.569999e+000	3.228990e-010	-3.228990e-010	-2.696132e-002	2.696132e-002	-2.776159e-012	2.776173e-012	-3.201137e-010	1.110466e-002	-1.110466e-002	1.110466e-002	1.589553e-002	-3.887313e-005	3.887313e-005	2.776084e-012	-2.776027e-012	2.700019e-002
1.033986204287085e-003	-7.095933e-002	-6.904054e-002	-5.000000e+000	-2.981061e+000	-2.018939e+000	-2.500960e+000	-2.499040e+000	-2.500001e+000	-2.499999e+000	-2.569999e+000	-2.570001e+000	2.791296e-010	-2.791296e-010	-2.330621e-002	2.330621e-002	-2.400495e-012	2.400509e-012	-2.767422e-010	9.602007e-003	-9.602007e-003	9.602007e-003	1.374459e-002	-4.037879e-005	4.037879e-005	2.400509e-012	-2.400119e-012	2.334659e-002
1.036986204287085e-003	-7.083082e-002	-6.916904e-002	-5.000000e+000	-2.915984e+000	-2.084016e+000	-2.500830e+000	-2.499170e+000	-2.499999e+000	-2.500001e+000	-2.570001e+000	-2.569999e+000	2.413003e-010	-2.413003e-010	-2.014663e-002	2.014663e-002	-2.075759e-012	2.075774e-012	-2.391971e-010	8.303065e-003	-8.303065e-003	8.303065e-003	1.188524e-002	-4.168033e-005	4.168033e-005	2.076112e-012	-2.075722e-012	2.018831e-002
1.039986204287085e-003	-7.071733e-002	-6.928253e-002	-5.000000e+000	-2.859729e+000	-2.140271e+000	-2.500718e+000	-2.499282e+000	-2.500001e+000	-2.499999e+000	-2.569999e+000	-2.570001e+000	2.085301e-010	-2.085301e-010	-1.741538e-002	1.741538e-002	-1.795046e-012	1.795063e-012	-2.067679e-010	7.180218e-003	-7.180218e-003	7.180218e-003	1.027797e-002	-4.280542e-005	4.280542e-005	1.795144e-012	-1.795087e-012	1.745819e-002
1.042986204287084e-003	-7.062149e-002	-6.937838e-002	-5.000000e+000	-2.811100e+000	-2.188900e+000	-2.500621e+000	-2.499379e+000	-2.499999e+000	-2.500001e+000	-2.570001e+000	-2.569999e+000	1.803073e-010	-1.802505e-010	-1.505440e-002	1.505440e-002	-1.552390e-012	1.552407e-012	-1.787441e-010	6.209593e-003	-6.209593e-003	6.209593e-003	8.888589e-003	-4.377799e-005	4.377799e-005	1.552797e-012	-1.552519e-012	1.509818e-002
1.045986204287084e-003	-7.053638e-002	-6.946349e-002	-5.000000e+000	-2.769065e+000	-2.230935e+000	-2.500537e+000	-2.499463e+000	-2.500001e+000	-2.499999e+000	-2.569999e+000	-2.570001e+000	1.558647e-010	-1.558647e-010	-1.301350e-002	1.301350e-002	-1.342630e-012	1.342648e-012	-1.545004e-010	5.370555e-003	-5.370555e-003	5.370555e-003	7.687566e-003	-4.461870e-005	4.461870e-005	1.342340e-012	-1.342062e-012	1.305812e-002
1.048986204287084e-003	-7.046509e-002	-6.953478e-002	-5.000000e+000	-2.732728e+000	-2.267272e+000	-2.500464e+000	-2.499536e+000	-2.499999e+000	-2.500001e+000	-2.570001e+000	-2.569999e+000	1.347189e-010	-1.347189e-010	-1.124928e-002	1.124928e-002	-1.161307e-012	1.161326e-012	-1.335820e-010	4.645264e-003	-4.645264e-003	4.645264e-003	6.649364e-003	-4.534544e-005	4.534544e-005	1.161147e-012	-1.161091e-012	1.129463e-002
1.051986204287084e-003	-7.040119e-002	-6.959867e-002	-5.000000e+000	-2.701317e+000	-2.298683e+000	-2.500402e+000	-2.499598e+000	-2.500001e+000	-2.499999e+000	-2.569999e+000	-2.570001e+000	1.164153e-010	-1.164153e-010	-9.724234e-003	9.724234e-003	-1.004565e-012	1.004585e-012	-1.154774e-010	4.018299e-003	-4.018299e-003	4.018299e-003	5.751909e-003	-4.597366e-005	4.597366e-005	1.004534e-012	-1.004478e-012	9.770208e-003
1.054986204287083e-003	-7.034826e-002	-6.965160e-002	-5.000000e+000	-2.674164e+000	-2.325836e+000	-2.500348e+000	-2.499652e+000	-2.499999e+000	-2.500001e+000	-2.570001e+000	-2.569999e+000	1.006697e-010	-1.006697e-010	-8.405935e-003	8.405935e-003	-8.690726e-013	8.690934e-013	-9.978862e-011	3.476331e-003	-3.476331e-003	3.476331e-003	4.976120e-003	-4.651671e-005	4.651671e-005	8.689453e-013	-8.688891e-013	8.452452e-003
1.057986204287083e-003	-7.030010e-002	-6.969976e-002	-5.000000e+000	-2.650693e+000	-2.349307e+000	-2.500301e+000	-2.499699e+000	-2.500001e+000	-2.499999e+000	-2.569999e+000	-2.570001e+000	8.699885e-011	-8.699885e-011	-7.266356e-003	7.266356e-003	-7.519486e-013	7.519703e-013	-8.628831e-011	3.007837e-003	-3.007837e-003	3.007837e-003	4.305504e-003	-4.698615e-005	4.698615e-005	7.522054e-013	-7.520382e-013	7.313342e-003
1.060986204287083e-003	-7.026100e-002	-6.973886e-002	-5.000000e+000	-2.630403e+000	-2.369597e+000	-2.500260e+000	-2.499740e+000	-2.499999e+000	-2.500001e+000	-2.570001e+000	-2.569999e+000	7.526069e-011	-7.526069e-011	-6.281267e-003	6.281267e-003	-6.507029e-013	6.507254e-013	-7.457857e-011	2.602856e-003	-2.602856e-003	2.602856e-003	3.725803e-003	-4.739194e-005	4.739194e-005	6.508555e-013	-6.506884e-013	6.328659e-003
1.063986204287083e-003	-7.022452e-002	-6.977534e-002	-5.000000e+000	-2.612864e+000	-2.387136e+000	-2.500225e+000	-2.499775e+000	-2.500001e+000	-2.499999e+000	-2.569999e+000	-2.570001e+000	6.502887e-011	-6.502887e-011	-5.429726e-003	5.429726e-003	-5.631829e-013	5.632062e-013	-6.448886e-011	2.252778e-003	-2.252778e-003	2.252778e-003	3.224690e-003	-4.774272e-005	4.774272e-005	5.631521e-013	-5.632071e-013	5.477468e-003
1.066986204287082e-003	-7.019567e-002	-6.980419e-002	-5.000000e+000	-2.597703e+000	-2.402297e+000	-2.500195e+000	-2.499805e+000	-2.499999e+000	-2.500001e+000	-2.570001e+000	-2.569999e+000	5.621814e-011	-5.621814e-011	-4.693626e-003	4.693626e-003	-4.875277e-013	4.875519e-013	-5.573497e-011	1.950159e-003	-1.950159e-003	1.950159e-003	2.791513e-003	-4.804594e-005	4.804594e-005	4.877011e-013	-4.874232e-013	4.741672e-003
1.069986204287082e-003	-7.016802e-002	-6.983185e-002	-5.000000e+000	-2.584597e+000	-2.415403e+000	-2.500169e+000	-2.499831e+000	-2.500001e+000	-2.499999e+000	-2.569999e+000	-2.570001e+000	4.860112e-011	-4.860112e-011	-4.057318e-003	4.057318e-003	-4.221289e-013	4.221540e-013	-4.817480e-011	1.688566e-003	-1.688566e-003	1.688566e-003	2.417061e-003	-4.830806e-005	4.830806e-005	4.220643e-013	-4.220085e-013	4.105627e-003
1.072986204287082e-003	-7.014704e-002	-6.985283e-002	-5.000000e+000	-2.573268e+000	-2.426732e+000	-2.500146e+000	-2.499854e+000	-2.499999e+000	-2.500001e+000	-2.570001e+000	-2.569999e+000	4.203571e-011	-4.203571e-011	-3.507274e-003	3.507274e-003	-3.655961e-013	3.656220e-013	-4.160938e-011	1.462436e-003	-1.462436e-003	1.462436e-003	2.093373e-003	-4.853464e-005	4.853464e-005	3.653751e-013	-3.654305e-013	3.555809e-003
1.075986204287082e-003	-7.012606e-002	-6.987381e-002	-5.000000e+000	-2.563475e+000	-2.436525e+000	-2.500127e+000	-2.499873e+000	-2.500001e+000	-2.499999e+000	-2.569999e+000	-2.570001e+000	3.629452e-011	-3.629452e-011	-3.031798e-003	3.031798e-003	-3.167273e-013	3.167541e-013	-3.595346e-011	1.266963e-003	-1.266962e-003	1.266962e-003	1.813566e-003	-4.873050e-005	4.873050e-005	3.167980e-013	-3.164094e-013	3.080529e-003
1.078986204287081e-003	-7.011032e-002	-6.988955e-002	-5.000000e+000	-2.555009e+000	-2.444991e+000	-2.500110e+000	-2.499890e+000	-2.499999e+000	-2.500001e+000	-2.570001e+000	-2.569999e+000	3.140599e-011	-3.140599e-011	-2.620782e-003	2.620782e-003	-2.744835e-013	2.745111e-013	-3.109335e-011	1.097989e-003	-1.097989e-003	1.097989e-003	1.571693e-003	-4.889982e-005	4.889982e-005	2.745115e-013	-2.742340e-013	2.669682e-003
1.081986204287081e-003	-7.009435e-002	-6.990552e-002	-5.000000e+000	-2.547691e+000	-2.452309e+000	-2.500095e+000	-2.499905e+000	-2.500001e+000	-2.499999e+000	-2.569999e+000	-2.570001e+000	2.714273e-011	-2.714273e-011	-2.265487e-003	2.265487e-003	-2.379666e-013	2.379950e-013	-2.691536e-011	9.519231e-004	-9.519231e-004	9.519231e-004	1.362610e-003	-4.904618e-005	4.904618e-005	2.380471e-013	-2.376587e-013	2.314533e-003
1.084986204287081e-003	-7.008314e-002	-6.991673e-002	-5.000000e+000	-2.541366e+000	-2.458634e+000	-2.500082e+000	-2.499918e+000	-2.499999e+000	-2.500001e+000	-2.570001e+000	-2.569999e+000	2.347633e-011	-2.347633e-011	-1.958358e-003	1.958358e-003	-2.064002e-013	2.064294e-013	-2.324896e-011	8.256591e-004	-8.256590e-004	8.256590e-004	1.181872e-003	-4.917269e-005	4.917269e-005	2.063557e-013	-2.063005e-013	2.007531e-003
1.087986204287081e-003	-7.007074e-002	-6.992912e-002	-5.000000e+000	-2.535897e+000	-2.464103e+000	-2.500072e+000	-2.499928e+000	-2.500001e+000	-2.499999e+000	-2.569999e+000	-2.570001e+000	2.029310e-011	-2.029310e-011	-1.692867e-003	1.692867e-003	-1.791131e-013	1.791432e-013	-2.009415e-011	7.165124e-004	-7.165124e-004	7.165124e-004	1.025636e-003	-4.928205e-005	4.928205e-005	1.789917e-013	-1.789366e-013	1.742149e-003
1.090986204287080e-003	-7.006288e-002	-6.993699e-002	-5.000000e+000	-2.531170e+000	-2.468830e+000	-2.500062e+000	-2.499938e+000	-2.499999e+000	-2.500001e+000	-2.570001e+000	-2.569999e+000	1.747935e-011	-1.747935e-011	-1.463367e-003	1.463367e-003	-1.555252e-013	1.555562e-013	-1.736566e-011	6.221627e-004	-6.221627e-004	6.221627e-004	8.905814e-004	-4.937659e-005	4.937659e-005	1.555481e-013	-1.552710e-013	1.512744e-003
1.093986204287080e-003	-7.005334e-002	-6.994653e-002	-5.000000e+000	-2.527084e+000	-2.472916e+000	-2.500054e+000	-2.499946e+000	-2.500001e+000	-2.499999e+000	-2.569999e+000	-2.570001e+000	1.514877e-011	-1.514877e-011	-1.264981e-003	1.264981e-003	-1.351351e-013	1.351668e-013	-1.503508e-011	5.406038e-004	-5.406037e-004	5.406037e-004	7.738356e-004	-4.945831e-005	4.945831e-005	1.352435e-013	-1.350775e-013	1.314439e-003
1.096986204287080e-003	-7.004786e-002	-6.995201e-002	-5.000000e+000	-2.523552e+000	-2.476448e+000	-2.500047e+000	-2.499953e+000	-2.499999e+000	-2.500001e+000	-2.570001e+000	-2.569999e+000	1.307399e-011	-1.307399e-011	-1.093489e-003	1.093489e-003	-1.175091e-013	1.175417e-013	-1.296030e-011	4.701016e-004	-4.701016e-004	4.701016e-004	6.729169e-004	-4.952896e-005	4.952896e-005	1.178081e-013	-1.175312e-013	1.143018e-003
1.099986204287080e-003	-7.004023e-002	-6.995964e-002	-5.000000e+000	-2.520499e+000	-2.479501e+000	-2.500041e+000	-2.499959e+000	-2.500001e+000	-2.499999e+000	-2.569999e+000	-2.570001e+000	1.131184e-011	-1.131184e-011	-9.452468e-004	9.452468e-004	-1.022726e-013	1.023061e-013	-1.119815e-011	4.091574e-004	-4.091573e-004	4.091573e-004	5.856795e-004	-4.959002e-005	4.959002e-005	1.022061e-013	-1.022624e-013	9.948369e-004
1.102986204287079e-003	-7.003641e-002	-6.996346e-002	-5.000000e+000	-2.517859e+000	-2.482141e+000	-2.500036e+000	-2.499964e+000	-2.499999e+000	-2.500001e+000	-2.570001e+000	-2.569999e+000	9.777068e-012	-9.777068e-012	-8.171012e-004	8.171012e-004	-8.910167e-014	8.913597e-014	-9.663381e-012	3.564752e-004	-3.564752e-004	3.564752e-004	5.102688e-004	-4.964281e-005	4.964281e-005	8.912985e-014	-8.907521e-014	8.667440e-004
1.105986204287079e-003	-7.003021e-002	-6.996965e-002	-5.000000e+000	-2.515578e+000	-2.484422e+000	-2.500031e+000	-2.499969e+000	-2.500001e+000	-2.499999e+000	-2.569999e+000	-2.570001e+000	8.441248e-012	-8.441248e-012	-7.063281e-004	7.063281e-004	-7.771622e-014	7.775136e-014	-8.355983e-012	3.109351e-004	-3.109351e-004	3.109351e-004	4.450814e-004	-4.968844e-005	4.968844e-005	7.753201e-014	-7.736644e-014	7.560165e-004
1.108986204287079e-003	-7.002783e-002	-6.997204e-002	-5.000000e+000	-2.513606e+000	-2.486394e+000	-2.500027e+000	-2.499973e+000	-2.499999e+000	-2.500001e+000	-2.570001e+000	-2.569999e+000	7.332801e-012	-7.332801e-012	-6.105723e-004	6.105723e-004	-6.787423e-014	6.791020e-014	-7.247536e-012	2.715688e-004	-2.715688e-004	2.715688e-004	3.887314e-004	-4.972789e-005	4.972789e-005	6.766778e-014	-6.772434e-014	6.603001e-004
1.111986204287079e-003	-7.002306e-002	-6.997681e-002	-5.000000e+000	-2.511901e+000	-2.488099e+000	-2.500024e+000	-2.499976e+000	-2.500001e+000	-2.499999e+000	-2.569999e+000	-2.570001e+000	6.309619e-012	-6.309619e-012	-5.277979e-004	5.277979e-004	-5.936644e-014	5.940325e-014	-6.281198e-012	2.375393e-004	-2.375393e-004	2.375393e-004	3.400206e-004	-4.976199e-005	4.976199e-005	5.948546e-014	-5.965313e-014	5.775599e-004
1.114986204287078e-003	-7.002163e-002	-6.997824e-002	-5.000000e+000	-2.510427e+000	-2.489573e+000	-2.500021e+000	-2.499979e+000	-2.499999e+000	-2.500001e+000	-2.570001e+000	-2.569999e+000	5.428547e-012	-5.428547e-012	-4.562452e-004	4.562452e-004	-5.201198e-014	5.204963e-014	-5.428547e-012	2.081232e-004	-2.081232e-004	2.081232e-004	2.979134e-004	-4.979146e-005	4.979146e-005	5.210909e-014	-5.194376e-014	5.060366e-004
1.117986204287078e-003	-7.001758e-002	-6.998229e-002	-5.000000e+000	-2.509153e+000	-2.490847e+000	-2.500018e+000	-2.499982e+000	-2.500001e+000	-2.499999e+000	-2.569999e+000	-2.570001e+000	4.718004e-012	-4.718004e-012	-3.943927e-004	3.943927e-004	-4.565450e-014	4.569298e-014	-4.718004e-012	1.826949e-004	-1.826949e-004	1.826949e-004	2.615147e-004	-4.981694e-005	4.981694e-005	4.564406e-014	-4.536782e-014	4.442097e-004
1.120986204287078e-003	-7.001686e-002	-6.998301e-002	-5.000000e+000	-2.508052e+000	-2.491948e+000	-2.500016e+000	-2.499984e+000	-2.499999e+000	-2.500001e+000	-2.570001e+000	-2.569999e+000	4.121148e-012	-4.121148e-012	-3.409255e-004	3.409255e-004	-4.015884e-014	4.019815e-014	-4.035883e-012	1.607140e-004	-1.607139e-004	1.607139e-004	2.300505e-004	-4.983896e-005	4.983896e-005	4.025848e-014	-3.998233e-014	3.907645e-004
1.123986204287078e-003	-7.001352e-002	-6.998634e-002	-5.000000e+000	-2.507100e+000	-2.492900e+000	-2.500014e+000	-2.499986e+000	-2.500001e+000	-2.499999e+000	-2.569999e+000	-2.570001e+000	3.495870e-012	-3.495870e-012	-2.947068e-004	2.947068e-004	-3.540816e-014	3.544830e-014	-3.495870e-012	1.417129e-004	-1.417129e-004	1.417129e-004	2.028519e-004	-4.985800e-005	4.985800e-005	3.532148e-014	-3.526746e-014	3.445648e-004
1.126986204287077e-003	-7.001305e-002	-6.998682e-002	-5.000000e+000	-2.506277e+000	-2.493723e+000	-2.500012e+000	-2.499988e+000	-2.499999e+000	-2.500001e+000	-2.570001e+000	-2.569999e+000	3.069545e-012	-3.069545e-012	-2.547538e-004	2.547538e-004	-3.130147e-014	3.134243e-014	-2.984279e-012	1.252878e-004	-1.252878e-004	1.252878e-004	1.793405e-004	-4.987446e-005	4.987446e-005	3.122369e-014	-3.128079e-014	3.046283e-004
1.129986204287077e-003	-7.001019e-002	-6.998968e-002	-5.000000e+000	-2.505566e+000	-2.494434e+000	-2.500011e+000	-2.499989e+000	-2.500001e+000	-2.499999e+000	-2.569999e+000	-2.570001e+000	2.614797e-012	-2.614797e-012	-2.202173e-004	2.202173e-004	-2.775146e-014	2.779325e-014	-2.614797e-012	1.110894e-004	-1.110894e-004	1.110894e-004	1.590165e-004	-4.988869e-005	4.988869e-005	2.769382e-014	-2.741795e-014	2.701060e-004
1.132986204287077e-003	-7.001042e-002	-6.998944e-002	-5.000000e+000	-2.504951e+000	-2.495049e+000	-2.500010e+000	-2.499990e+000	-2.499999e+000	-2.500001e+000	-2.570001e+000	-2.569999e+000	2.273737e-012	-2.273737e-012	-1.903627e-004	1.903627e-004	-2.468266e-014	2.472528e-014	-2.245315e-012	9.881587e-005	-9.881587e-005	9.881587e-005	1.414479e-004	-4.990098e-005	4.990098e-005	2.482575e-014	-2.477202e-014	2.402637e-004
1.135986204287077e-003	-7.000804e-002	-6.999183e-002	-5.000000e+000	-2.504419e+000	-2.495581e+000	-2.500009e+000	-2.499991e+000	-2.500001e+000	-2.499999e+000	-2.569999e+000	-2.570001e+000	1.989520e-012	-1.989520e-012	-1.645556e-004	1.645556e-004	-2.202984e-014	2.207329e-014	-1.961098e-012	8.820624e-005	-8.820624e-005	8.820624e-005	1.262609e-004	-4.991162e-005	4.991162e-005	2.200959e-014	-2.173393e-014	2.144672e-004
1.138986204287076e-003	-7.000852e-002	-6.999135e-002	-5.000000e+000	-2.503960e+000	-2.496040e+000	-2.500008e+000	-2.499992e+000	-2.499999e+000	-2.500001e+000	-2.570001e+000	-2.569999e+000	1.705303e-012	-1.705303e-012	-1.422470e-004	1.422470e-004	-1.973661e-014	1.978087e-014	-1.705303e-012	7.903495e-005	-7.903495e-005	7.903495e-005	1.131329e-004	-4.992080e-005	4.992080e-005	1.981549e-014	-1.953991e-014	1.921678e-004
1.141986204287076e-003	-7.000637e-002	-6.999350e-002	-5.000000e+000	-2.503562e+000	-2.496438e+000	-2.500007e+000	-2.499993e+000	-2.500001e+000	-2.499999e+000	-2.569999e+000	-2.570001e+000	1.506351e-012	-1.506351e-012	-1.229628e-004	1.229628e-004	-1.775420e-014	1.779930e-014	-1.449507e-012	7.110699e-005	-7.110699e-005	7.110699e-005	1.017846e-004	-4.992875e-005	4.992875e-005	1.764399e-014	-1.759053e-014	1.728916e-004
1.144986204287076e-003	-7.000709e-002	-6.999278e-002	-5.000000e+000	-2.503219e+000	-2.496781e+000	-2.500006e+000	-2.499994e+000	-2.499999e+000	-2.500001e+000	-2.570001e+000	-2.569999e+000	1.278977e-012	-1.278977e-012	-1.062929e-004	1.062929e-004	-1.604050e-014	1.608641e-014	-1.222134e-012	6.425381e-005	-6.425381e-005	6.425381e-005	9.197474e-005	-4.993562e-005	4.993562e-005	1.592549e-014	-1.576111e-014	1.562286e-004
1.147986204287076e-003	-7.000494e-002	-6.999493e-002	-5.000000e+000	-2.502922e+000	-2.497078e+000	-2.500006e+000	-2.499994e+000	-2.500001e+000	-2.499999e+000	-2.569999e+000	-2.570001e+000	1.108447e-012	-1.108447e-012	-9.188298e-005	9.188298e-005	-1.455906e-014	1.460580e-014	-1.108447e-012	5.832971e-005	-5.832971e-005	5.832971e-005	8.349482e-005	-4.994155e-005	4.994155e-005	1.464753e-014	-1.448324e-014	1.418245e-004
1.150986204287075e-003	-7.000589e-002	-6.999397e-002	-5.000000e+000	-2.502666e+000	-2.497334e+000	-2.500005e+000	-2.499995e+000	-2.499999e+000	-2.500001e+000	-2.570001e+000	-2.569999e+000	9.379164e-013	-9.379164e-013	-7.942654e-005	7.942654e-005	-1.327841e-014	1.332596e-014	-9.379164e-013	5.320873e-005	-5.320873e-005	5.320873e-005	7.616450e-005	-4.994668e-005	4.994668e-005	1.374157e-014	-1.335534e-014	1.293732e-004
1.153986204287075e-003	-7.000399e-002	-6.999588e-002	-5.000000e+000	-2.502444e+000	-2.497556e+000	-2.500005e+000	-2.499995e+000	-2.500001e+000	-2.499999e+000	-2.569999e+000	-2.570001e+000	8.242296e-013	-8.242296e-013	-6.865881e-005	6.865881e-005	-1.217131e-014	1.221968e-014	-8.242296e-013	4.878199e-005	-4.878199e-005	4.878199e-005	6.982793e-005	-4.995112e-005	4.995112e-005	1.218867e-014	-1.180251e-014	1.186099e-004
1.156986204287075e-003	-7.000518e-002	-6.999469e-002	-5.000000e+000	-2.502252e+000	-2.497748e+000	-2.500005e+000	-2.499995e+000	-2.499999e+000	-2.500001e+000	-2.570001e+000	-2.569999e+000	7.105427e-013	-7.105427e-013	-5.935084e-005	5.935084e-005	-1.121425e-014	1.126344e-014	-7.105427e-013	4.495538e-005	-4.495538e-005	4.495538e-005	6.435042e-005	-4.995495e-005	4.995495e-005	1.113037e-014	-1.085530e-014	1.093058e-004
1.159986204287075e-003	-7.000351e-002	-6.999636e-002	-5.000000e+000	-2.502087e+000	-2.497913e+000	-2.500004e+000	-2.499996e+000	-2.500001e+000	-2.499999e+000	-2.569999e+000	-2.570001e+000	6.252776e-013	-6.252776e-013	-5.130474e-005	5.130474e-005	-1.038689e-014	1.043688e-014	-5.968559e-013	4.164754e-005	-4.164754e-005	4.164754e-005	5.961547e-005	-4.995827e-005	4.995827e-005	1.038578e-014	-1.033285e-014	1.012630e-004
1.162986204287074e-003	-7.000446e-002	-6.999540e-002	-5.000000e+000	-2.501943e+000	-2.498057e+000	-2.500004e+000	-2.499996e+000	-2.499999e+000	-2.500001e+000	-2.570001e+000	-2.569999e+000	5.115908e-013	-5.115908e-013	-4.434944e-005	4.434944e-005	-9.671625e-015	9.722442e-015	-5.115908e-013	3.878813e-005	-3.878813e-005	3.878813e-005	5.552244e-005	-4.996113e-005	4.996113e-005	9.528134e-015	-9.364272e-015	9.431057e-005
1.165986204287074e-003	-7.000279e-002	-6.999707e-002	-5.000000e+000	-2.501819e+000	-2.498181e+000	-2.500004e+000	-2.499996e+000	-2.500001e+000	-2.499999e+000	-2.569999e+000	-2.570001e+000	4.547474e-013	-4.547474e-013	-3.833705e-005	3.833705e-005	-9.053274e-015	9.104913e-015	-4.547474e-013	3.631637e-005	-3.631637e-005	3.631637e-005	5.198429e-005	-4.996361e-005	4.996361e-005	8.901909e-015	-8.960154e-015	8.830067e-005
1.168986204287074e-003	-7.000399e-002	-6.999588e-002	-5.000000e+000	-2.501712e+000	-2.498288e+000	-2.500003e+000	-2.499997e+000	-2.499999e+000	-2.500001e+000	-2.570001e+000	-2.569999e+000	3.694822e-013	-3.694822e-013	-3.313976e-005	3.313976e-005	-8.518701e-015	8.571152e-015	-3.694822e-013	3.417971e-005	-3.417971e-005	3.417971e-005	4.892581e-005	-4.996575e-005	4.996575e-005	8.398326e-015	-8.456652e-015	8.310551e-005
1.171986204287073e-003	-7.000256e-002	-6.999731e-002	-5.000000e+000	-2.501620e+000	-2.498380e+000	-2.500003e+000	-2.499997e+000	-2.500001e+000	-2.499999e+000	-2.569999e+000	-2.570001e+000	3.410605e-013	-3.410605e-013	-2.864705e-005	2.864705e-005	-8.056545e-015	8.109807e-015	-3.410605e-013	3.233270e-005	-3.233270e-005	3.233270e-005	4.628195e-005	-4.996760e-005	4.996760e-005	8.241064e-015	-7.966408e-015	7.861466e-005
1.174986204287073e-003	-7.000375e-002	-6.999612e-002	-5.000000e+000	-2.501540e+000	-2.498460e+000	-2.500003e+000	-2.499997e+000	-2.499999e+000	-2.500001e+000	-2.570001e+000	-2.569999e+000	2.842171e-013	-2.842171e-013	-2.476342e-005	2.476342e-005	-7.656987e-015	7.711061e-015	-2.842171e-013	3.073609e-005	-3.073609e-005	3.073609e-005	4.399652e-005	-4.996920e-005	4.996920e-005	7.369708e-015	-7.428205e-015	7.473262e-005
1.177986204287073e-003	-7.000208e-002	-6.999779e-002	-5.000000e+000	-2.501471e+000	-2.498529e+000	-2.500003e+000	-2.499997e+000	-2.500001e+000	-2.499999e+000	-2.569999e+000	-2.570001e+000	2.557954e-013	-2.557954e-013	-2.140628e-005	2.140628e-005	-7.311539e-015	7.366430e-015	-2.273737e-013	2.935594e-005	-2.935594e-005	2.935594e-005	4.202093e-005	-4.997059e-005	4.997059e-005	7.328212e-015	-7.275787e-015	7.137686e-005
1.180986204287073e-003	-7.000351e-002	-6.999636e-002	-5.000000e+000	-2.501411e+000	-2.498589e+000	-2.500003e+000	-2.499997e+000	-2.499999e+000	-2.500001e+000	-2.570001e+000	-2.569999e+000	2.273737e-013	-2.273737e-013	-1.850426e-005	1.850426e-005	-7.012873e-015	7.068570e-015	-2.273737e-013	2.816289e-005	-2.816289e-005	2.816289e-005	4.031316e-005	-4.997178e-005	4.997178e-005	7.468863e-015	-7.416529e-015	6.847605e-005
1.183986204287072e-003	-7.000208e-002	-6.999779e-002	-5.000000e+000	-2.501359e+000	-2.498641e+000	-2.500003e+000	-2.499997e+000	-2.500001e+000	-2.499999e+000	-2.569999e+000	-2.570001e+000	1.705303e-013	-1.705303e-013	-1.599567e-005	1.599567e-005	-6.754641e-015	6.811147e-015	-1.705303e-013	2.713157e-005	-2.713157e-005	2.713157e-005	3.883691e-005	-4.997282e-005	4.997282e-005	6.589064e-015	-6.536846e-015	6.596848e-005
1.186986204287072e-003	-7.000327e-002	-6.999660e-002	-5.000000e+000	-2.501315e+000	-2.498685e+000	-2.500003e+000	-2.499997e+000	-2.499999e+000	-2.500001e+000	-2.570001e+000	-2.569999e+000	1.421085e-013	-1.421085e-013	-1.382716e-005	1.382716e-005	-6.531362e-015	6.588676e-015	-1.421085e-013	2.624008e-005	-2.624008e-005	2.624008e-005	3.756079e-005	-4.997371e-005	4.997371e-005	6.687187e-015	-6.413016e-015	6.380086e-005
1.189986204287072e-003	-7.000184e-002	-6.999826e-002	-5.000000e+000	-2.501276e+000	-2.498724e+000	-2.500002e+000	-2.499998e+000	-2.500001e+000	-2.499999e+000	-2.569999e+000	-2.570001e+000	1.705303e-013	-1.705303e-013	-1.195263e-005	1.195263e-005	-6.338303e-015	6.396416e-015	-1.705303e-013	2.546944e-005	-2.546944e-005	2.546944e-005	3.645768e-005	-4.997448e-005	4.997448e-005	6.527530e-015	-6.253466e-015	6.192712e-005
1.192986204287072e-003	-7.000303e-002	-6.999707e-002	-5.000000e+000	-2.501243e+000	-2.498757e+000	-2.500002e+000	-2.499998e+000	-2.499999e+000	-2.500001e+000	-2.570001e+000	-2.569999e+000	1.136868e-013	-1.136868e-013	-1.033223e-005	1.033223e-005	-6.171358e-015	6.230278e-015	-8.526513e-014	2.480327e-005	-2.480327e-005	2.480327e-005	3.550411e-005	-4.997515e-005	4.997515e-005	6.342814e-015	-5.957811e-015	6.030738e-005
1.195986204287071e-003	-7.000184e-002	-6.999826e-002	-5.000000e+000	-2.501214e+000	-2.498786e+000	-2.500002e+000	-2.499998e+000	-2.500001e+000	-2.499999e+000	-2.569999e+000	-2.570001e+000	1.136868e-013	-1.136868e-013	-8.931509e-006	8.931509e-006	-6.026992e-015	6.086717e-015	-1.136868e-013	2.422742e-005	-2.422742e-005	2.422742e-005	3.467982e-005	-4.997572e-005	4.997572e-005	5.920681e-015	-5.868841e-015	5.890723e-005
1.198986204287071e-003	-7.000303e-002	-6.999707e-002	-5.000000e+000	-2.501189e+000	-2.498811e+000	-2.500002e+000	-2.499998e+000	-2.499999e+000	-2.500001e+000	-2.570001e+000	-2.569999e+000	5.684342e-014	-5.684342e-014	-7.720679e-006	7.720679e-006	-5.902141e-015	5.962674e-015	-5.684342e-014	2.372963e-005	-2.372963e-005	2.372963e-005	3.396727e-005	-4.997622e-005	4.997622e-005	5.853264e-015	-5.468487e-015	5.769690e-005
1.201986204287071e-003	-7.000184e-002	-6.999826e-002	-5.000000e+000	-2.501167e+000	-2.498833e+000	-2.500002e+000	-2.499998e+000	-2.500001e+000	-2.499999e+000	-2.569999e+000	-2.570001e+000	5.684342e-014	-5.684342e-014	-6.673998e-006	6.673998e-006	-5.794163e-015	5.855501e-015	-5.684342e-014	2.329933e-005	-2.329933e-005	2.329933e-005	3.335132e-005	-4.997665e-005	4.997665e-005	5.851187e-015	-5.799589e-015	5.665065e-005
1.204986204287071e-003	-7.000303e-002	-6.999707e-002	-5.000000e+000	-2.501149e+000	-2.498851e+000	-2.500002e+000	-2.499998e+000	-2.499999e+000	-2.500001e+000	-2.570001e+000	-2.569999e+000	8.526513e-014	-8.526513e-014	-5.769214e-006	5.769214e-006	-5.700768e-015	5.762913e-015	-8.526513e-014	2.292736e-005	-2.292736e-005	2.292736e-005	3.281888e-005	-4.997702e-005	4.997702e-005	5.790675e-015	-5.517135e-015	5.574624e-005
1.207986204287070e-003	-7.000184e-002	-6.999826e-002	-5.000000e+000	-2.501132e+000	-2.498868e+000	-2.500002e+000	-2.499998e+000	-2.500001e+000	-2.499999e+000	-2.569999e+000	-2.570001e+000	8.526513e-014	-8.526513e-014	-4.987091e-006	4.987091e-006	-5.619982e-015	5.682928e-015	-8.526513e-014	2.260582e-005	-2.260582e-005	2.260582e-005	3.235862e-005	-4.997735e-005	4.997735e-005	6.169068e-015	-5.895593e-015	5.496444e-005
1.210986204287070e-003	-7.000303e-002	-6.999707e-002	-5.000000e+000	-2.501119e+000	-2.498881e+000	-2.500002e+000	-2.499998e+000	-2.499999e+000	-2.500001e+000	-2.570001e+000	-2.569999e+000	2.842171e-014	-2.842171e-014	-4.310999e-006	4.310999e-006	-5.550097e-015	5.613840e-015	-2.842171e-014	2.232787e-005	-2.232787e-005	2.232787e-005	3.196075e-005	-4.997763e-005	4.997763e-005	5.530974e-015	-5.368580e-015	5.428863e-005
1.213986204287070e-003	-7.000184e-002	-6.999826e-002	-5.000000e+000	-2.501107e+000	-2.498893e+000	-2.500002e+000	-2.499998e+000	-2.500001e+000	-2.499999e+000	-2.569999e+000	-2.570001e+000	5.684342e-014	-5.684342e-014	-3.726564e-006	3.726564e-006	-5.489628e-015	5.554175e-015	-5.684342e-014	2.208760e-005	-2.208760e-005	2.208760e-005	3.161683e-005	-4.997787e-005	4.997787e-005	5.527698e-015	-5.476428e-015	5.370443e-005
1.216986204287070e-003	-7.000303e-002	-6.999707e-002	-5.000000e+000	-2.501096e+000	-2.498904e+000	-2.500002e+000	-2.499998e+000	-2.499999e+000	-2.500001e+000	-2.570001e+000	-2.569999e+000	5.684342e-014	-5.684342e-014	-3.221359e-006	3.221359e-006	-5.437305e-015	5.502650e-015	-5.684342e-014	2.187991e-005	-2.187991e-005	2.187991e-005	3.131953e-005	-4.997808e-005	4.997808e-005	5.516966e-015	-5.576786e-015	5.319944e-005
1.219986204287069e-003	-7.000184e-002	-6.999826e-002	-5.000000e+000	-2.501087e+000	-2.498913e+000	-2.500002e+000	-2.499998e+000	-2.500001e+000	-2.499999e+000	-2.569999e+000	-2.570001e+000	2.842171e-014	-2.842171e-014	-2.784644e-006	2.784644e-006	-5.392021e-015	5.458164e-015	-2.842171e-014	2.170037e-005	-2.170037e-005	2.170037e-005	3.106253e-005	-4.997826e-005	4.997826e-005	5.912765e-015	-5.528605e-015	5.276290e-005
1.222986204287069e-003	-7.000279e-002	-6.999731e-002	-5.000000e+000	-2.501079e+000	-2.498921e+000	-2.500002e+000	-2.499998e+000	-2.499999e+000	-2.500001e+000	-2.570001e+000	-2.569999e+000	0.000000e+000	0.000000e+000	-2.407135e-006	2.407135e-006	-5.352826e-015	5.419761e-015	0.000000e+000	2.154517e-005	-2.154517e-005	2.154517e-005	3.084038e-005	-4.997841e-005	4.997841e-005	5.078499e-015	-5.027523e-015	5.238555e-005
1.225986204287069e-003	-7.000160e-002	-6.999850e-002	-5.000000e+000	-2.501073e+000	-2.498927e+000	-2.500002e+000	-2.499998e+000	-2.500001e+000	-2.499999e+000	-2.569999e+000	-2.570001e+000	2.842171e-014	0.000000e+000	-2.080803e-006	2.080803e-006	-5.318890e-015	5.386617e-015	0.000000e+000	2.141101e-005	-2.141101e-005	2.141101e-005	3.064833e-005	-4.997855e-005	4.997855e-005	5.419504e-015	-5.257598e-015	5.205935e-005
1.228986204287069e-003	-7.000256e-002	-6.999755e-002	-5.000000e+000	-2.501067e+000	-2.498933e+000	-2.500002e+000	-2.499998e+000	-2.499999e+000	-2.500001e+000	-2.570001e+000	-2.569999e+000	2.842171e-014	-2.842171e-014	-1.798712e-006	1.798712e-006	-5.289501e-015	5.358020e-015	-2.842171e-014	2.129504e-005	-2.129504e-005	2.129504e-005	3.048233e-005	-4.997866e-005	4.997866e-005	5.029529e-015	-5.089781e-015	5.177737e-005
1.231986204287068e-003	-7.000136e-002	-6.999874e-002	-5.000000e+000	-2.501062e+000	-2.498938e+000	-2.500002e+000	-2.499998e+000	-2.500001e+000	-2.499999e+000	-2.569999e+000	-2.570001e+000	0.000000e+000	0.000000e+000	-1.554863e-006	1.554863e-006	-5.264040e-015	5.333357e-015	0.000000e+000	2.119479e-005	-2.119479e-005	2.119479e-005	3.033883e-005	-4.997876e-005	4.997876e-005	5.313089e-015	-5.040372e-015	5.153363e-005
1.234986204287068e-003	-7.000256e-002	-6.999755e-002	-5.000000e+000	-2.501057e+000	-2.498943e+000	-2.500002e+000	-2.499998e+000	-2.499999e+000	-2.500001e+000	-2.570001e+000	-2.569999e+000	2.842171e-014	-2.842171e-014	-1.344073e-006	1.344073e-006	-5.241977e-015	5.312091e-015	-2.842171e-014	2.110814e-005	-2.110814e-005	2.110814e-005	3.021479e-005	-4.997885e-005	4.997885e-005	5.275132e-015	-5.335617e-015	5.132292e-005
1.237986204287068e-003	-7.000136e-002	-6.999874e-002	-5.000000e+000	-2.501054e+000	-2.498946e+000	-2.500002e+000	-2.499998e+000	-2.500001e+000	-2.499999e+000	-2.569999e+000	-2.570001e+000	0.000000e+000	0.000000e+000	-1.161859e-006	1.161859e-006	-5.222852e-015	5.293761e-015	0.000000e+000	2.103323e-005	-2.103323e-005	2.103323e-005	3.010756e-005	-4.997892e-005	4.997892e-005	5.239270e-015	-4.966773e-015	5.114079e-005
1.240986204287068e-003	-7.000256e-002	-6.999755e-002	-5.000000e+000	-2.501050e+000	-2.498950e+000	-2.500002e+000	-2.499998e+000	-2.499999e+000	-2.500001e+000	-2.570001e+000	-2.569999e+000	2.842171e-014	-2.842171e-014	-1.004348e-006	1.004348e-006	-5.206270e-015	5.277965e-015	-2.842171e-014	2.096847e-005	-2.096847e-005	2.096847e-005	3.001487e-005	-4.997899e-005	4.997899e-005	5.340331e-015	-5.289961e-015	5.098334e-005
1.243986204287067e-003	-7.000136e-002	-6.999874e-002	-5.000000e+000	-2.501048e+000	-2.498952e+000	-2.500002e+000	-2.499998e+000	-2.500001e+000	-2.499999e+000	-2.569999e+000	-2.570001e+000	0.000000e+000	0.000000e+000	-8.681898e-007	8.681898e-007	-5.191881e-015	5.264366e-015	0.000000e+000	2.091249e-005	-2.091249e-005	2.091249e-005	2.993474e-005	-4.997905e-005	4.997905e-005	5.454065e-015	-5.181749e-015	5.084724e-005
1.246986204287067e-003	-7.000256e-002	-6.999755e-002	-5.000000e+000	-2.501045e+000	-2.498955e+000	-2.500002e+000	-2.499998e+000	-2.499999e+000	-2.500001e+000	-2.570001e+000	-2.569999e+000	2.842171e-014	-2.842171e-014	-7.504906e-007	7.504906e-007	-5.179385e-015	5.252668e-015	0.000000e+000	2.086411e-005	-2.086411e-005	2.086411e-005	2.986548e-005	-4.997909e-005	4.997909e-005	5.232244e-015	-5.293118e-015	5.072958e-005
1.249986204287067e-003	-7.000136e-002	-6.999874e-002	-5.000000e+000	-2.501043e+000	-2.498957e+000	-2.500002e+000	-2.499998e+000	-2.500001e+000	-2.499999e+000	-2.569999e+000	-2.570001e+000	0.000000e+000	0.000000e+000	-6.487477e-007	6.487477e-007	-5.168534e-015	5.242606e-015	0.000000e+000	2.082228e-005	-2.082228e-005	2.082228e-005	2.980560e-005	-4.997913e-005	4.997913e-005	5.132274e-015	-4.860167e-015	5.062788e-005
1.252986204287067e-003	-7.000256e-002	-6.999755e-002	-5.000000e+000	-2.501041e+000	-2.498959e+000	-2.500002e+000	-2.499998e+000	-2.499999e+000	-2.500001e+000	-2.570001e+000	-2.569999e+000	0.000000e+000	0.000000e+000	-5.607980e-007	5.607980e-007	-5.159100e-015	5.233961e-015	0.000000e+000	2.078612e-005	-2.078612e-005	2.078612e-005	2.975385e-005	-4.997917e-005	4.997917e-005	4.889038e-015	-4.950075e-015	5.053997e-005
1.255986204287066e-003	-7.000136e-002	-6.999874e-002	-5.000000e+000	-2.501040e+000	-2.498960e+000	-2.500002e+000	-2.499998e+000	-2.500001e+000	-2.499999e+000	-2.569999e+000	-2.570001e+000	2.842171e-014	-2.842171e-014	-4.847715e-007	4.847715e-007	-5.150894e-015	5.226539e-015	-2.842171e-014	2.075487e-005	-2.075487e-005	2.075487e-005	2.970911e-005	-4.997920e-005	4.997920e-005	5.313999e-015	-5.264085e-015	5.046398e-005
1.258414775715638e-003	-7.000159e-002	-6.999863e-002	-5.000000e+000	-2.501039e+000	-2.498961e+000	-2.500002e+000	-2.499998e+000	-2.500001e+000	-2.499999e+000	-2.570000e+000	-2.570001e+000	1.989870e-014	-1.989870e-014	-4.322461e-007	4.322461e-007	-5.145177e-015	5.221459e-015	-8.763027e-015	2.073327e-005	-2.073327e-005	2.073327e-005	2.967820e-005	-4.997923e-005	4.997923e-005	5.337611e-015	-5.263481e-015	5.041147e-005
1.260843347144209e-003	-7.000180e-002	-6.999850e-002	-5.000000e+000	-2.501038e+000	-2.498962e+000	-2.500002e+000	-2.499998e+000	-2.500000e+000	-2.500000e+000	-2.570000e+000	-2.570000e+000	1.286327e-014	-1.286327e-014	-3.842557e-007	3.842557e-007	-5.139927e-015	5.216845e-015	5.696176e-015	2.071354e-005	-2.071354e-005	2.071354e-005	2.964996e-005	-4.997925e-005	4.997925e-005	5.319560e-015	-5.245173e-015	5.036350e-005
1.263271918572780e-003	-7.000199e-002	-6.999835e-002	-5.000000e+000	-2.501037e+000	-2.498963e+000	-2.500002e+000	-2.499998e+000	-2.500000e+000	-2.500000e+000	-2.570000e+000	-2.570000e+000	7.315440e-015	-7.315440e-015	-3.408003e-007	3.408003e-007	-5.135144e-015	5.212696e-015	1.495590e-014	2.069568e-005	-2.069568e-005	2.069568e-005	2.962439e-005	-4.997926e-005	4.997926e-005	5.259845e-015	-5.209161e-015	5.032006e-005
1.265700490001351e-003	-7.000216e-002	-6.999818e-002	-5.000000e+000	-2.501036e+000	-2.498964e+000	-2.500002e+000	-2.499998e+000	-2.500000e+000	-2.500000e+000	-2.570000e+000	-2.570000e+000	3.255196e-015	-3.255196e-015	-3.018801e-007	3.018801e-007	-5.130827e-015	5.209012e-015	1.901614e-014	2.067968e-005	-2.067968e-005	2.067968e-005	2.960148e-005	-4.997928e-005	4.997928e-005	5.158467e-015	-5.155445e-015	5.028116e-005
1.268129061429923e-003	-7.000231e-002	-6.999799e-002	-5.000000e+000	-2.501035e+000	-2.498965e+000	-2.500002e+000	-2.499998e+000	-2.500000e+000	-2.500000e+000	-2.570000e+000	-2.570000e+000	6.825410e-016	-6.825410e-016	-2.674949e-007	2.674949e-007	-5.126977e-015	5.205795e-015	1.787691e-014	2.066554e-005	-2.066554e-005	2.066554e-005	2.958125e-005	-4.997929e-005	4.997929e-005	5.015425e-015	-5.084026e-015	5.024679e-005
1.270557632858494e-003	-7.000244e-002	-6.999778e-002	-5.000000e+000	-2.501035e+000	-2.498965e+000	-2.500002e+000	-2.499998e+000	-2.499999e+000	-2.500001e+000	-2.570001e+000	-2.570000e+000	-4.025242e-016	4.025242e-016	-2.376447e-007	2.376447e-007	-5.123593e-015	5.203042e-015	1.153819e-014	2.065327e-005	-2.065327e-005	2.065327e-005	2.956368e-005	-4.997931e-005	4.997931e-005	4.830721e-015	-4.994902e-015	5.021695e-005
1.272986204287065e-003	-7.000256e-002	-6.999755e-002	-5.000000e+000	-2.501034e+000	-2.498966e+000	-2.500002e+000	-2.499998e+000	-2.499999e+000	-2.500001e+000	-2.570001e+000	-2.569999e+000	0.000000e+000	0.000000e+000	-2.123296e-007	2.123296e-007	-5.120676e-015	5.200755e-015	0.000000e+000	2.064286e-005	-2.064286e-005	2.064286e-005	2.954878e-005	-4.997932e-005	4.997932e-005	4.604353e-015	-4.888075e-015	5.019164e-005
1.276129061429922e-003	-7.000221e-002	-6.999790e-002	-5.000000e+000	-2.501034e+000	-2.498966e+000	-2.500002e+000	-2.499998e+000	-2.500000e+000	-2.500000e+000	-2.570000e+000	-2.570000e+000	-7.348211e-015	7.348211e-015	-1.834828e-007	1.834828e-007	-5.117305e-015	5.198196e-015	1.109383e-014	2.063100e-005	-2.063100e-005	2.063100e-005	2.953181e-005	-4.997933e-005	4.997933e-005	4.787857e-015	-4.850973e-015	5.016281e-005
1.279271918572779e-003	-7.000197e-002	-6.999813e-002	-5.000000e+000	-2.501033e+000	-2.498967e+000	-2.500002e+000	-2.499998e+000	-2.500000e+000	-2.500000e+000	-2.570000e+000	-2.570000e+000	-1.089360e-014	1.089360e-014	-1.576145e-007	1.576145e-007	-5.114241e-015	5.195944e-015	1.713630e-014	2.062037e-005	-2.062037e-005	2.062037e-005	2.951658e-005	-4.997934e-005	4.997934e-005	4.938374e-015	-4.838595e-015	5.013695e-005
1.282414775715636e-003	-7.000186e-002	-6.999825e-002	-5.000000e+000	-2.501033e+000	-2.498967e+000	-2.500002e+000	-2.499998e+000	-2.500000e+000	-2.500000e+000	-2.570000e+000	-2.570000e+000	-1.063618e-014	1.063618e-014	-1.347248e-007	1.347248e-007	-5.111481e-015	5.193998e-015	1.812742e-014	2.061096e-005	-2.061096e-005	2.061096e-005	2.950311e-005	-4.997935e-005	4.997935e-005	5.055903e-015	-4.850939e-015	5.011407e-005
1.285557632858493e-003	-7.000186e-002	-6.999825e-002	-5.000000e+000	-2.501032e+000	-2.498968e+000	-2.500002e+000	-2.499998e+000	-2.500000e+000	-2.500000e+000	-2.570000e+000	-2.570000e+000	-6.575933e-015	6.575933e-015	-1.148137e-007	1.148137e-007	-5.109028e-015	5.192358e-015	1.406717e-014	2.060277e-005	-2.060277e-005	2.060277e-005	2.949140e-005	-4.997936e-005	4.997936e-005	5.140443e-015	-4.888006e-015	5.009417e-005
1.288700490001349e-003	-7.000197e-002	-6.999813e-002	-5.000000e+000	-2.501032e+000	-2.498968e+000	-2.500002e+000	-2.499998e+000	-2.500000e+000	-2.500000e+000	-2.570000e+000	-2.570000e+000	1.287130e-015	-1.287130e-015	-9.788110e-008	9.788110e-008	-5.106881e-015	5.191024e-015	4.955571e-015	2.059581e-005	-2.059581e-005	2.059581e-005	2.948143e-005	-4.997936e-005	4.997936e-005	5.191995e-015	-4.949796e-015	5.007724e-005
1.291843347144206e-003	-7.000221e-002	-6.999790e-002	-5.000000e+000	-2.501032e+000	-2.498968e+000	-2.500002e+000	-2.499998e+000	-2.500000e+000	-2.500000e+000	-2.570000e+000	-2.570000e+000	1.295301e-014	-1.295301e-014	-8.392708e-008	8.392709e-008	-5.105040e-015	5.189997e-015	-9.207390e-015	2.059008e-005	-2.059008e-005	2.059008e-005	2.947322e-005	-4.997937e-005	4.997937e-005	5.210560e-015	-5.036309e-015	5.006330e-005
1.294986204287063e-003	-7.000256e-002	-6.999755e-002	-5.000000e+000	-2.501031e+000	-2.498969e+000	-2.500002e+000	-2.499998e+000	-2.499999e+000	-2.500001e+000	-2.570001e+000	-2.569999e+000	2.842171e-014	-2.842171e-014	-7.295164e-008	7.295164e-008	-5.103504e-015	5.189277e-015	-2.842171e-014	2.058556e-005	-2.058556e-005	2.058556e-005	2.946676e-005	-4.997938e-005	4.997938e-005	5.196135e-015	-5.147545e-015	5.005232e-005
1.299557632858491e-003	-7.000221e-002	-6.999790e-002	-5.000000e+000	-2.501031e+000	-2.498969e+000	-2.500002e+000	-2.499998e+000	-2.500000e+000	-2.500000e+000	-2.570000e+000	-2.570000e+000	3.619414e-014	-3.619414e-014	-5.948300e-008	5.948301e-008	-5.101529e-015	5.188483e-015	-3.447994e-014	2.058003e-005	-2.058003e-005	2.058003e-005	2.945884e-005	-4.997938e-005	4.997938e-005	5.168237e-015	-5.093569e-015	5.003886e-005
1.304129061429920e-003	-7.000197e-002	-6.999813e-002	-5.000000e+000	-2.501031e+000	-2.498969e+000	-2.500002e+000	-2.499998e+000	-2.500000e+000	-2.500000e+000	-2.570000e+000	-2.570000e+000	3.866892e-014	-3.866892e-014	-4.776444e-008	4.776444e-008	-5.099735e-015	5.187869e-015	-3.581194e-014	2.057521e-005	-2.057521e-005	2.057521e-005	2.945194e-005	-4.997938e-005	4.997938e-005	5.147672e-015	-5.060955e-015	5.002715e-005
1.308700490001348e-003	-7.000186e-002	-6.999825e-002	-5.000000e+000	-2.501031e+000	-2.498969e+000	-2.500002e+000	-2.499998e+000	-2.500000e+000	-2.500000e+000	-2.570000e+000	-2.570000e+000	3.584607e-014	-3.584607e-014	-3.779595e-008	3.779595e-008	-5.098122e-015	5.187433e-015	-3.241769e-014	2.057111e-005	-2.057111e-005	2.057111e-005	2.944607e-005	-4.997939e-005	4.997939e-005	5.134440e-015	-5.049705e-015	5.001719e-005
1.313271918572776e-003	-7.000186e-002	-6.999825e-002	-5.000000e+000	-2.501030e+000	-2.498970e+000	-2.500002e+000	-2.499998e+000	-2.500000e+000	-2.500000e+000	-2.570000e+000	-2.570000e+000	2.772558e-014	-2.772558e-014	-2.957754e-008	2.957754e-008	-5.096689e-015	5.187176e-015	-2.429720e-014	2.056773e-005	-2.056773e-005	2.056773e-005	2.944124e-005	-4.997939e-005	4.997939e-005	5.128542e-015	-5.059817e-015	5.000897e-005
1.317843347144204e-003	-7.000197e-002	-6.999813e-002	-5.000000e+000	-2.501030e+000	-2.498970e+000	-2.500002e+000	-2.499998e+000	-2.500000e+000	-2.500000e+000	-2.570000e+000	-2.570000e+000	1.430746e-014	-1.430746e-014	-2.310920e-008	2.310920e-008	-5.095438e-015	5.187098e-015	-1.145047e-014	2.056507e-005	-2.056507e-005	2.056507e-005	2.943743e-005	-4.997939e-005	4.997939e-005	5.129978e-015	-5.091292e-015	5.000250e-005
1.322414775715632e-003	-7.000221e-002	-6.999790e-002	-5.000000e+000	-2.501030e+000	-2.498970e+000	-2.500002e+000	-2.499998e+000	-2.500000e+000	-2.500000e+000	-2.570000e+000	-2.570000e+000	-4.408307e-015	4.408307e-015	-1.839093e-008	1.839093e-008	-5.094367e-015	5.187199e-015	6.122499e-015	2.056313e-005	-2.056313e-005	2.056313e-005	2.943465e-005	-4.997940e-005	4.997940e-005	5.138747e-015	-5.144130e-015	4.999779e-005
1.326986204287060e-003	-7.000256e-002	-6.999755e-002	-5.000000e+000	-2.501030e+000	-2.498970e+000	-2.500002e+000	-2.499998e+000	-2.499999e+000	-2.500001e+000	-2.570001e+000	-2.569999e+000	-2.842171e-014	2.842171e-014	-1.542274e-008	1.542274e-008	-5.093477e-015	5.187479e-015	2.842171e-014	2.056191e-005	-2.056191e-005	2.056191e-005	2.943291e-005	-4.997940e-005	4.997940e-005	5.154850e-015	-5.218331e-015	4.999482e-005
1.335986204287060e-003	-7.000244e-002	-6.999778e-002	-5.000000e+000	-2.501030e+000	-2.498970e+000	-2.500002e+000	-2.499998e+000	-2.499999e+000	-2.500001e+000	-2.570001e+000	-2.570000e+000	-1.483138e-014	1.483138e-014	-1.094577e-008	1.094577e-008	-5.091875e-015	5.188160e-015	1.644564e-014	2.056007e-005	-2.056007e-005	2.056007e-005	2.943027e-005	-4.997940e-005	4.997940e-005	5.196898e-015	-5.162902e-015	4.999034e-005
1.344986204287059e-003	-7.000231e-002	-6.999799e-002	-5.000000e+000	-2.501030e+000	-2.498970e+000	-2.500002e+000	-2.499998e+000	-2.500000e+000	-2.500000e+000	-2.570000e+000	-2.570000e+000	-4.417747e-015	4.417747e-015	-7.261155e-009	7.261158e-009	-5.090359e-015	5.188919e-015	8.461588e-015	2.055856e-005	-2.055856e-005	2.055856e-005	2.942811e-005	-4.997940e-005	4.997940e-005	5.200116e-015	-5.106529e-015	4.998666e-005
1.353986204287058e-003	-7.000216e-002	-6.999818e-002	-5.000000e+000	-2.501030e+000	-2.498970e+000	-2.500002e+000	-2.499998e+000	-2.500000e+000	-2.500000e+000	-2.570000e+000	-2.570000e+000	2.819192e-015	-2.819192e-015	-4.368912e-009	4.368915e-009	-5.088929e-015	5.189755e-015	4.469564e-015	2.055737e-005	-2.055737e-005	2.055737e-005	2.942640e-005	-4.997940e-005	4.997940e-005	5.164503e-015	-5.049211e-015	4.998377e-005
1.362986204287057e-003	-7.000199e-002	-6.999835e-002	-5.000000e+000	-2.501030e+000	-2.498970e+000	-2.500002e+000	-2.499998e+000	-2.500000e+000	-2.500000e+000	-2.570000e+000	-2.570000e+000	6.879437e-015	-6.879437e-015	-2.269036e-009	2.269039e-009	-5.087584e-015	5.190669e-015	4.469564e-015	2.055650e-005	-2.055650e-005	2.055650e-005	2.942517e-005	-4.997940e-005	4.997940e-005	5.090059e-015	-4.990948e-015	4.998167e-005
1.371986204287057e-003	-7.000180e-002	-6.999850e-002	-5.000000e+000	-2.501030e+000	-2.498970e+000	-2.500002e+000	-2.499998e+000	-2.500000e+000	-2.500000e+000	-2.570000e+000	-2.570000e+000	7.762986e-015	-7.762986e-015	-9.615267e-010	9.615298e-010	-5.086324e-015	5.191660e-015	8.461588e-015	2.055597e-005	-2.055597e-005	2.055597e-005	2.942440e-005	-4.997940e-005	4.997940e-005	4.976784e-015	-4.931740e-015	4.998037e-005
1.380986204287056e-003	-7.000159e-002	-6.999863e-002	-5.000000e+000	-2.501030e+000	-2.498970e+000	-2.500002e+000	-2.499998e+000	-2.500001e+000	-2.499999e+000	-2.570000e+000	-2.570001e+000	5.469840e-015	-5.469840e-015	-4.463842e-010	4.463871e-010	-5.085149e-015	5.192728e-015	1.644564e-014	2.055575e-005	-2.055575e-005	2.055575e-005	2.942410e-005	-4.997940e-005	4.997940e-005	4.824679e-015	-4.871588e-015	4.997985e-005
1.389986204287055e-003	-7.000136e-002	-6.999874e-002	-5.000000e+000	-2.501030e+000	-2.498970e+000	-2.500002e+000	-2.499998e+000	-2.500001e+000	-2.499999e+000	-2.569999e+000	-2.570001e+000	0.000000e+000	0.000000e+000	-7.236085e-010	7.236112e-010	-5.084060e-015	5.193874e-015	2.842171e-014	2.055587e-005	-2.055587e-005	2.055587e-005	2.942426e-005	-4.997940e-005	4.997940e-005	4.633743e-015	-4.810491e-015	4.998012e-005
2.010986204287016e-003	-7.000256e-002	-6.999755e-002	-5.000000e+000	-2.501030e+000	-2.498970e+000	-2.500002e+000	-2.499998e+000	-2.499999e+000	-2.500001e+000	-2.570001e+000	-2.569999e+000	0.000000e+000	0.000000e+000	8.881784e-016	8.881784e-016	-5.016243e-015	5.261543e-015	0.000000e+000	2.055557e-005	-2.055557e-005	2.055557e-005	2.942383e-005	-4.997940e-005	4.997940e-005	4.869844e-015	-5.177329e-015	4.997940e-005
3.034986204287151e-003	-7.000256e-002	-6.999755e-002	-5.000000e+000	-2.501030e+000	-2.498970e+000	-2.500002e+000	-2.499998e+000	-2.500000e+000	-2.500001e+000	-2.570001e+000	-2.569999e+000	2.842171e-014	-2.842171e-014	1.332268e-015	1.554312e-015	-4.936541e-015	5.341245e-015	2.842171e-014	2.055557e-005	-2.055557e-005	2.055557e-005	2.942383e-005	-4.997940e-005	4.997940e-005	5.075998e-015	-5.193222e-015	4.997940e-005
4.058986204287287e-003	-7.000256e-002	-6.999755e-002	-5.000000e+000	-2.501030e+000	-2.498970e+000	-2.500002e+000	-2.499998e+000	-2.500000e+000	-2.500001e+000	-2.570001e+000	-2.569999e+000	0.000000e+000	0.000000e+000	8.881784e-016	1.776357e-015	-4.884590e-015	5.393195e-015	0.000000e+000	2.055557e-005	-2.055557e-005	2.055557e-005	2.942383e-005	-4.997940e-005	4.997940e-005	4.949372e-015	-5.208827e-015	4.997940e-005
4.999986204287412e-003	-7.000136e-002	-6.999874e-002	-5.000000e+000	-2.501030e+000	-2.498970e+000	-2.500002e+000	-2.499998e+000	-2.500001e+000	-2.500000e+000	-2.569999e+000	-2.570001e+000	-6.566214e-010	6.566214e-010	-1.278385e-012	1.307770e-012	-4.851934e-015	5.423882e-015	6.566214e-010	2.055492e-005	-2.055557e-005	2.055557e-005	2.942383e-005	-4.997940e-005	4.997940e-005	5.192722e-015	-5.466557e-015	4.997940e-005
5.000000000000000e-003	-7.000256e-002	-6.999755e-002	-5.000000e+000	-2.501030e+000	-2.498970e+000	-2.500002e+000	-2.499998e+000	-2.500000e+000	-2.500001e+000	-2.570001e+000	-2.569999e+000	-6.658070e-010	6.658070e-010	-1.296296e-012	1.326050e-012	-4.851920e-015	5.423869e-015	6.658070e-010	2.055491e-005	-2.055557e-005	2.055557e-005	2.942383e-005	-4.997940e-005	4.997940e-005	5.194892e-015	-5.467008e-015	4.997940e-005
