time	V(N008,N005)	V(N009,N004)	V(n001)	V(n002)	V(n003)	V(n004)	V(n005)	V(n006)	V(n007)	V(n008)	V(n009)	I(C1)	I(C2)	I(C3)	I(C4)	I(R1)	I(R2)	I(R3)	I(R4)	I(R5)	I(R6)	I(R7)	I(R8)	I(R9)	I(V1)	I(V2)	I(V3)
0.000000000000000e+000	-7.000000e-002	-7.000000e-002	0.000000e+000	-2.100000e-020	-2.100000e-020	-2.100420e-020	-2.100420e-020	-2.100420e-020	-2.100420e-020	-7.000000e-002	-7.000000e-002	4.200000e-025	4.200000e-025	2.100000e-038	2.100000e-038	-4.357865e-036	-4.357865e-036	0.000000e+000	0.000000e+000	4.200000e-025	4.200000e-025	0.000000e+000	4.200000e-025	4.200000e-025	-1.261169e-043	-1.261169e-043	-4.200000e-025
1.000000000000000e-003	-7.000000e-002	-7.000000e-002	0.000000e+000	-7.916819e-017	-7.916819e-017	-3.058151e-016	-3.058151e-016	-9.564614e-012	-9.564614e-012	-7.000000e-002	-7.000000e-002	2.264077e-017	2.264077e-017	2.266311e-017	2.266311e-017	2.391077e-020	2.391077e-020	0.000000e+000	0.000000e+000	2.266470e-017	2.266470e-017	-5.282551e-034	1.583364e-021	1.583364e-021	-2.391078e-020	-2.391076e-020	-2.266470e-017
1.000000100000000e-003	-7.245079e-002	-6.754923e-002	-5.000000e-001	-4.999957e-001	-4.252789e-006	-2.524655e-001	-2.475345e-001	-2.500147e-001	-2.499853e-001	-3.199853e-001	-3.200147e-001	-9.841698e-005	9.841698e-005	-3.189576e-002	3.189576e-002	-6.139049e-012	6.139049e-012	9.841700e-005	2.465461e-002	-2.475303e-002	2.475303e-002	7.142736e-003	-8.505578e-011	8.505578e-011	6.138852e-012	-6.139055e-012	3.189576e-002
1.000000300000000e-003	-7.739580e-002	-6.260419e-002	-1.500000e+000	-1.499982e+000	-1.837613e-005	-7.574108e-001	-7.425892e-001	-7.500150e-001	-7.499850e-001	-8.199850e-001	-8.200150e-001	-1.485152e-004	1.485152e-004	-9.568512e-002	9.568512e-002	-1.849001e-011	1.849001e-011	1.485153e-004	7.410856e-002	-7.425708e-002	7.425708e-002	2.142805e-002	-3.675227e-010	3.675227e-010	1.848939e-011	-1.849014e-011	9.568512e-002
1.000000603739496e-003	-8.491373e-002	-5.508626e-002	-3.018698e+000	-3.018634e+000	-6.338185e-005	-1.524277e+000	-1.494420e+000	-1.509364e+000	-1.509334e+000	-1.579334e+000	-1.579364e+000	-1.484905e-004	1.484905e-004	-1.925581e-001	1.925581e-001	-3.728467e-011	3.728467e-011	1.484905e-004	1.492872e-001	-1.494357e-001	1.494357e-001	4.312244e-002	-1.267637e-009	1.267637e-009	3.728389e-011	-3.728428e-011	1.925581e-001
1.000000906672554e-003	-9.241152e-002	-4.758859e-002	-4.533363e+000	-4.533228e+000	-1.349434e-004	-2.289108e+000	-2.244255e+000	-2.266696e+000	-2.266667e+000	-2.336667e+000	-2.336696e+000	-1.484705e-004	1.484705e-004	-2.891705e-001	2.891705e-001	-5.602876e-011	5.602876e-011	1.484705e-004	2.242635e-001	-2.244120e-001	2.244120e-001	6.475847e-002	-2.698869e-009	2.698869e-009	5.602747e-011	-5.602837e-011	2.891705e-001
1.000001000000000e-003	-9.472084e-002	-4.527903e-002	-5.000000e+000	-4.999839e+000	-1.610657e-004	-2.524736e+000	-2.475264e+000	-2.500015e+000	-2.499985e+000	-2.569985e+000	-2.570015e+000	-1.499986e-004	1.499986e-004	-3.189343e-001	3.189343e-001	-6.180257e-011	6.180257e-011	1.499987e-004	2.473603e-001	-2.475103e-001	2.475103e-001	7.142397e-002	-3.221315e-009	3.221315e-009	6.179979e-011	-6.180095e-011	3.189343e-001
1.000001009481719e-003	-9.474349e-002	-4.525638e-002	-5.000000e+000	-4.999836e+000	-1.640898e-004	-2.524745e+000	-2.475255e+000	-2.500002e+000	-2.499998e+000	-2.569998e+000	-2.570002e+000	-5.620551e-005	5.620551e-005	-3.189330e-001	3.189330e-001	-6.184916e-011	6.184916e-011	5.620557e-005	2.474529e-001	-2.475091e-001	2.475091e-001	7.142388e-002	-3.281796e-009	3.281796e-009	6.184734e-011	-6.184821e-011	3.189330e-001
1.000001028445158e-003	-9.475207e-002	-4.524803e-002	-5.000000e+000	-4.999830e+000	-1.701378e-004	-2.524751e+000	-2.475249e+000	-2.499999e+000	-2.500001e+000	-2.570001e+000	-2.569999e+000	-9.749880e-007	9.749880e-007	-3.189316e-001	3.189316e-001	-6.187649e-011	6.187649e-011	9.750498e-007	2.475069e-001	-2.475079e-001	2.475079e-001	7.142371e-002	-3.402756e-009	3.402756e-009	6.187508e-011	-6.187625e-011	3.189316e-001
1.000001066372036e-003	-9.474945e-002	-4.525042e-002	-5.000000e+000	-4.999818e+000	-1.822339e-004	-2.524751e+000	-2.475249e+000	-2.500001e+000	-2.499999e+000	-2.569999e+000	-2.570001e+000	4.165201e-007	-4.165201e-007	-3.189301e-001	3.189301e-001	-6.187689e-011	6.187689e-011	-4.164582e-007	2.475071e-001	-2.475067e-001	2.475067e-001	7.142337e-002	-3.644677e-009	3.644677e-009	6.187578e-011	-6.187737e-011	3.189301e-001
1.000001142225792e-003	-9.475136e-002	-4.524875e-002	-5.000000e+000	-4.999794e+000	-2.064257e-004	-2.524750e+000	-2.475250e+000	-2.499999e+000	-2.500001e+000	-2.570001e+000	-2.569999e+000	-1.590053e-007	1.590053e-007	-3.189270e-001	3.189270e-001	-6.187600e-011	6.187600e-011	1.590671e-007	2.475042e-001	-2.475043e-001	2.475043e-001	7.142267e-002	-4.128514e-009	4.128514e-009	6.187652e-011	-6.187661e-011	3.189270e-001
1.000001293933304e-003	-9.474874e-002	-4.525137e-002	-5.000000e+000	-4.999745e+000	-2.548085e-004	-2.524750e+000	-2.475250e+000	-2.500001e+000	-2.499999e+000	-2.569999e+000	-2.570001e+000	1.031428e-007	-1.031428e-007	-3.189208e-001	3.189208e-001	-6.187493e-011	6.187493e-011	-1.030809e-007	2.474996e-001	-2.474995e-001	2.474995e-001	7.142129e-002	-5.096170e-009	5.096170e-009	6.187599e-011	-6.187504e-011	3.189208e-001
1.000001597348328e-003	-9.475017e-002	-4.524994e-002	-5.000000e+000	-4.999649e+000	-3.515706e-004	-2.524749e+000	-2.475251e+000	-2.499999e+000	-2.500001e+000	-2.570001e+000	-2.569999e+000	-2.200826e-008	2.200826e-008	-3.189085e-001	3.189085e-001	-6.187247e-011	6.187247e-011	2.207010e-008	2.474899e-001	-2.474899e-001	2.474899e-001	7.141852e-002	-7.031411e-009	7.031411e-009	6.187195e-011	-6.187309e-011	3.189085e-001
1.000002204178375e-003	-9.474611e-002	-4.525399e-002	-5.000000e+000	-4.999455e+000	-5.450807e-004	-2.524747e+000	-2.475253e+000	-2.500001e+000	-2.499999e+000	-2.569999e+000	-2.570001e+000	3.914010e-008	-3.914010e-008	-3.188838e-001	3.188838e-001	-6.186771e-011	6.186771e-011	-3.907826e-008	2.474708e-001	-2.474708e-001	2.474708e-001	7.141300e-002	-1.090161e-008	1.090161e-008	6.186580e-011	-6.186879e-011	3.188838e-001
1.000003417838470e-003	-9.474444e-002	-4.525566e-002	-5.000000e+000	-4.999068e+000	-9.320448e-004	-2.524743e+000	-2.475257e+000	-2.499999e+000	-2.500001e+000	-2.570001e+000	-2.569999e+000	8.911836e-009	-8.911836e-009	-3.188344e-001	3.188344e-001	-6.185812e-011	6.185812e-011	-8.849990e-009	2.474325e-001	-2.474325e-001	2.474325e-001	7.140194e-002	-1.864090e-008	1.864090e-008	6.185619e-011	-6.185831e-011	3.188344e-001
1.000005845158659e-003	-9.473443e-002	-4.526567e-002	-5.000000e+000	-4.998294e+000	-1.705748e-003	-2.524735e+000	-2.475265e+000	-2.500001e+000	-2.499999e+000	-2.569999e+000	-2.570001e+000	2.393214e-008	-2.393214e-008	-3.187357e-001	3.187357e-001	-6.183898e-011	6.183898e-011	-2.387029e-008	2.473559e-001	-2.473559e-001	2.473559e-001	7.137983e-002	-3.411497e-008	3.411497e-008	6.183743e-011	-6.183847e-011	3.187357e-001
1.000010699799038e-003	-9.472132e-002	-4.527879e-002	-5.000000e+000	-4.996748e+000	-3.252257e-003	-2.524720e+000	-2.475280e+000	-2.499999e+000	-2.500001e+000	-2.570001e+000	-2.569999e+000	1.642896e-008	-1.642896e-008	-3.185383e-001	3.185383e-001	-6.180070e-011	6.180070e-011	-1.636712e-008	2.472028e-001	-2.472028e-001	2.472028e-001	7.133565e-002	-6.504514e-008	6.504514e-008	6.179878e-011	-6.180076e-011	3.185384e-001
1.000020409079795e-003	-9.468865e-002	-4.531145e-002	-5.000000e+000	-4.993659e+000	-6.341686e-003	-2.524690e+000	-2.475310e+000	-2.500001e+000	-2.499999e+000	-2.569999e+000	-2.570001e+000	2.014607e-008	-2.014607e-008	-3.181441e-001	3.181441e-001	-6.172422e-011	6.172422e-011	-2.008422e-008	2.468969e-001	-2.468969e-001	2.468969e-001	7.124738e-002	-1.268337e-007	1.268337e-007	6.172275e-011	-6.172463e-011	3.181443e-001
1.000039827641309e-003	-9.462976e-002	-4.537034e-002	-5.000000e+000	-4.987494e+000	-1.250623e-002	-2.524629e+000	-2.475371e+000	-2.499999e+000	-2.500001e+000	-2.570001e+000	-2.569999e+000	1.823037e-008	-1.823037e-008	-3.173575e-001	3.173575e-001	-6.157164e-011	6.157164e-011	-1.816852e-008	2.462865e-001	-2.462865e-001	2.462865e-001	7.107125e-002	-2.501245e-007	2.501245e-007	6.157112e-011	-6.157130e-011	3.173577e-001
1.000078664764337e-003	-9.450603e-002	-4.549408e-002	-5.000000e+000	-4.975222e+000	-2.477829e-002	-2.524507e+000	-2.475493e+000	-2.500001e+000	-2.499999e+000	-2.569999e+000	-2.570001e+000	1.907135e-008	-1.907135e-008	-3.157916e-001	3.157916e-001	-6.126787e-011	6.126787e-011	-1.900980e-008	2.450715e-001	-2.450715e-001	2.450715e-001	7.072062e-002	-4.955658e-007	4.955658e-007	6.126755e-011	-6.126794e-011	3.157921e-001
1.000156339010394e-003	-9.426761e-002	-4.573250e-002	-5.000000e+000	-4.950903e+000	-4.909645e-002	-2.524266e+000	-2.475734e+000	-2.499999e+000	-2.500001e+000	-2.570001e+000	-2.569999e+000	1.841985e-008	-1.841985e-008	-3.126886e-001	3.126886e-001	-6.066594e-011	6.066594e-011	-1.835936e-008	2.426637e-001	-2.426637e-001	2.426637e-001	7.002582e-002	-9.819290e-007	9.819290e-007	6.066517e-011	-6.066729e-011	3.126895e-001
1.000311687502507e-003	-9.379268e-002	-4.620743e-002	-5.000000e+000	-4.903154e+000	-9.684540e-002	-2.523794e+000	-2.476206e+000	-2.500001e+000	-2.499999e+000	-2.569999e+000	-2.570001e+000	1.829130e-008	-1.829130e-008	-3.065957e-001	3.065957e-001	-5.948404e-011	5.948404e-011	-1.823219e-008	2.379361e-001	-2.379361e-001	2.379361e-001	6.866156e-002	-1.936908e-006	1.936908e-006	5.948374e-011	-5.948657e-011	3.065977e-001
1.000622384486734e-003	-9.288311e-002	-4.711699e-002	-5.000000e+000	-4.811079e+000	-1.889208e-001	-2.522882e+000	-2.477118e+000	-2.499999e+000	-2.500001e+000	-2.570001e+000	-2.569999e+000	1.747685e-008	-1.747685e-008	-2.948468e-001	2.948468e-001	-5.720494e-011	5.720494e-011	-1.741970e-008	2.288197e-001	-2.288197e-001	2.288197e-001	6.603083e-002	-3.778417e-006	3.778417e-006	5.720545e-011	-5.720701e-011	2.948506e-001
1.001243778455187e-003	-9.117198e-002	-4.882813e-002	-5.000000e+000	-4.638485e+000	-3.615144e-001	-2.521173e+000	-2.478827e+000	-2.500001e+000	-2.499999e+000	-2.569999e+000	-2.570001e+000	1.622222e-008	-1.622222e-008	-2.728236e-001	2.728236e-001	-5.293282e-011	5.293282e-011	-1.616929e-008	2.117313e-001	-2.117312e-001	2.117312e-001	6.109959e-002	-7.230289e-006	7.230289e-006	5.293379e-011	-5.293311e-011	2.728308e-001
1.002243778455187e-003	-8.866501e-002	-5.133510e-002	-5.000000e+000	-4.385049e+000	-6.149513e-001	-2.518664e+000	-2.481336e+000	-2.499999e+000	-2.500001e+000	-2.570001e+000	-2.569999e+000	1.428612e-008	-1.428612e-008	-2.404847e-001	2.404847e-001	-4.665963e-011	4.665963e-011	-1.423950e-008	1.866385e-001	-1.866385e-001	1.866385e-001	5.385853e-002	-1.229903e-005	1.229903e-005	4.666060e-011	-4.665917e-011	2.404970e-001
1.003243778455187e-003	-8.642459e-002	-5.357552e-002	-5.000000e+000	-4.158987e+000	-8.410131e-001	-2.516426e+000	-2.483574e+000	-2.500001e+000	-2.499999e+000	-2.569999e+000	-2.570001e+000	1.257240e-008	-1.257240e-008	-2.116389e-001	2.116389e-001	-4.106404e-011	4.106404e-011	-1.253125e-008	1.642561e-001	-1.642561e-001	1.642561e-001	4.739963e-002	-1.682026e-005	1.682026e-005	4.106486e-011	-4.106358e-011	2.116558e-001
1.004243778455187e-003	-8.445692e-002	-5.554318e-002	-5.000000e+000	-3.960041e+000	-1.039959e+000	-2.514456e+000	-2.485544e+000	-2.499999e+000	-2.500001e+000	-2.570001e+000	-2.569999e+000	1.106446e-008	-1.106446e-008	-1.862532e-001	1.862532e-001	-3.613963e-011	3.613963e-011	-1.102808e-008	1.445585e-001	-1.445585e-001	1.445585e-001	4.171545e-002	-2.079918e-005	2.079918e-005	3.614072e-011	-3.613944e-011	1.862739e-001
1.005243778455187e-003	-8.272147e-002	-5.727863e-002	-5.000000e+000	-3.784958e+000	-1.215042e+000	-2.512722e+000	-2.487278e+000	-2.500001e+000	-2.499999e+000	-2.569999e+000	-2.570001e+000	9.737278e-009	-9.737278e-009	-1.639124e-001	1.639124e-001	-3.180590e-011	3.180590e-011	-9.705445e-009	1.272236e-001	-1.272236e-001	1.272236e-001	3.671309e-002	-2.430084e-005	2.430084e-005	3.180688e-011	-3.180560e-011	1.639367e-001
1.006243778455187e-003	-8.119798e-002	-5.880213e-002	-5.000000e+000	-3.630876e+000	-1.369124e+000	-2.511197e+000	-2.488803e+000	-2.499999e+000	-2.500001e+000	-2.570001e+000	-2.569999e+000	8.569259e-009	-8.569259e-009	-1.442513e-001	1.442513e-001	-2.799199e-011	2.799199e-011	-8.541519e-009	1.119680e-001	-1.119679e-001	1.119679e-001	3.231075e-002	-2.738247e-005	2.738247e-005	2.799279e-011	-2.799151e-011	1.442787e-001
1.007243778455187e-003	-7.985330e-002	-6.014681e-002	-5.000000e+000	-3.495276e+000	-1.504724e+000	-2.509854e+000	-2.490146e+000	-2.500001e+000	-2.499999e+000	-2.569999e+000	-2.570001e+000	7.541530e-009	-7.541530e-009	-1.269486e-001	1.269486e-001	-2.463556e-011	2.463556e-011	-7.516974e-009	9.854221e-002	-9.854221e-002	9.854221e-002	2.843647e-002	-3.009447e-005	3.009447e-005	2.463703e-011	-2.463619e-011	1.269787e-001
1.008243778455186e-003	-7.867384e-002	-6.132627e-002	-5.000000e+000	-3.375941e+000	-1.624059e+000	-2.508673e+000	-2.491327e+000	-2.499999e+000	-2.500001e+000	-2.570001e+000	-2.569999e+000	6.637038e-009	-6.637038e-009	-1.117213e-001	1.117213e-001	-2.168172e-011	2.168172e-011	-6.615210e-009	8.672687e-002	-8.672687e-002	8.672687e-002	2.502690e-002	-3.248117e-005	3.248117e-005	2.168373e-011	-2.168378e-011	1.117538e-001
1.009243778455186e-003	-7.763171e-002	-6.236839e-002	-5.000000e+000	-3.270921e+000	-1.729079e+000	-2.507633e+000	-2.492367e+000	-2.500001e+000	-2.499999e+000	-2.569999e+000	-2.570001e+000	5.841002e-009	-5.841002e-009	-9.832048e-002	9.832048e-002	-1.908219e-011	1.908219e-011	-5.821676e-009	7.632877e-002	-7.632876e-002	7.632876e-002	2.202630e-002	-3.458159e-005	3.458159e-005	1.908415e-011	-1.908465e-011	9.835506e-002
1.010243778455186e-003	-7.671881e-002	-6.328130e-002	-5.000000e+000	-3.178497e+000	-1.821503e+000	-2.506718e+000	-2.493282e+000	-2.499999e+000	-2.500001e+000	-2.570001e+000	-2.569999e+000	5.140464e-009	-5.140464e-009	-8.652708e-002	8.652708e-002	-1.679448e-011	1.679448e-011	-5.123411e-009	6.717790e-002	-6.717789e-002	6.717789e-002	1.938562e-002	-3.643006e-005	3.643006e-005	1.679640e-011	-1.679646e-011	8.656351e-002
1.011243778455186e-003	-7.591152e-002	-6.408858e-002	-5.000000e+000	-3.097159e+000	-1.902841e+000	-2.505913e+000	-2.494087e+000	-2.500001e+000	-2.499999e+000	-2.569999e+000	-2.570001e+000	4.523827e-009	-4.523827e-009	-7.614829e-002	7.614829e-002	-1.478117e-011	1.478117e-011	-4.509047e-009	5.912466e-002	-5.912466e-002	5.912466e-002	1.706169e-002	-3.805682e-005	3.805682e-005	1.478222e-011	-1.478183e-011	7.618634e-002
1.012243778455186e-003	-7.520485e-002	-6.479526e-002	-5.000000e+000	-3.025578e+000	-1.974422e+000	-2.505204e+000	-2.494796e+000	-2.499999e+000	-2.500001e+000	-2.570001e+000	-2.569999e+000	3.981086e-009	-3.981086e-009	-6.701441e-002	6.701441e-002	-1.300935e-011	1.300935e-011	-3.968125e-009	5.203740e-002	-5.203740e-002	5.203740e-002	1.501651e-002	-3.948845e-005	3.948845e-005	1.300965e-011	-1.300970e-011	6.705390e-002
1.013243778455186e-003	-7.457900e-002	-6.542110e-002	-5.000000e+000	-2.962582e+000	-2.037418e+000	-2.504580e+000	-2.495420e+000	-2.500001e+000	-2.499999e+000	-2.569999e+000	-2.570001e+000	3.503601e-009	-3.503601e-009	-5.897613e-002	5.897613e-002	-1.145006e-011	1.145006e-011	-3.492005e-009	4.580024e-002	-4.580024e-002	4.580024e-002	1.321664e-002	-4.074835e-005	4.074835e-005	1.145098e-011	-1.145103e-011	5.901688e-002
1.014243778455186e-003	-7.403231e-002	-6.596780e-002	-5.000000e+000	-2.907143e+000	-2.092857e+000	-2.504031e+000	-2.495969e+000	-2.499999e+000	-2.500001e+000	-2.570001e+000	-2.569999e+000	3.083414e-009	-3.083414e-009	-5.190203e-002	5.190203e-002	-1.007780e-011	1.007781e-011	-3.073183e-009	4.031122e-002	-4.031122e-002	4.031122e-002	1.163267e-002	-4.185713e-005	4.185713e-005	1.007943e-011	-1.007859e-011	5.194389e-002
1.015243778455186e-003	-7.354712e-002	-6.645298e-002	-5.000000e+000	-2.858354e+000	-2.141646e+000	-2.503548e+000	-2.496452e+000	-2.500001e+000	-2.499999e+000	-2.569999e+000	-2.570001e+000	2.713477e-009	-2.713477e-009	-4.567645e-002	4.567645e-002	-8.870150e-012	8.870154e-012	-2.704382e-009	3.548061e-002	-3.548060e-002	3.548060e-002	1.023869e-002	-4.283291e-005	4.283291e-005	8.872546e-012	-8.871265e-012	4.571929e-002
1.016243778455186e-003	-7.312417e-002	-6.687593e-002	-5.000000e+000	-2.815417e+000	-2.184583e+000	-2.503123e+000	-2.496877e+000	-2.499999e+000	-2.500001e+000	-2.570001e+000	-2.569999e+000	2.387878e-009	-2.387878e-009	-4.019763e-002	4.019763e-002	-7.807352e-012	7.807355e-012	-2.379920e-009	3.122941e-002	-3.122941e-002	3.122941e-002	9.011915e-003	-4.369166e-005	4.369166e-005	7.810173e-012	-7.808892e-012	4.024133e-002
1.017243778455186e-003	-7.274771e-002	-6.725240e-002	-5.000000e+000	-2.777630e+000	-2.222370e+000	-2.502749e+000	-2.497251e+000	-2.500001e+000	-2.499999e+000	-2.569999e+000	-2.570001e+000	2.101388e-009	-2.101388e-009	-3.537599e-002	3.537599e-002	-6.872034e-012	6.872039e-012	-2.094566e-009	2.748814e-002	-2.748814e-002	2.748814e-002	7.932292e-003	-4.444740e-005	4.444740e-005	6.873872e-012	-6.872591e-012	3.542043e-002
1.018243778455186e-003	-7.242060e-002	-6.757951e-002	-5.000000e+000	-2.744376e+000	-2.255624e+000	-2.502419e+000	-2.497581e+000	-2.499999e+000	-2.500001e+000	-2.570001e+000	-2.569999e+000	1.849457e-009	-1.849457e-009	-3.113269e-002	3.113269e-002	-6.048907e-012	6.048911e-012	-1.843318e-009	2.419563e-002	-2.419563e-002	2.419563e-002	6.982168e-003	-4.511248e-005	4.511248e-005	6.048871e-012	-6.048034e-012	3.117780e-002
1.019243778455186e-003	-7.212877e-002	-6.787133e-002	-5.000000e+000	-2.715110e+000	-2.284890e+000	-2.502130e+000	-2.497870e+000	-2.500001e+000	-2.499999e+000	-2.569999e+000	-2.570001e+000	1.627768e-009	-1.627768e-009	-2.739837e-002	2.739837e-002	-5.324513e-012	5.324517e-012	-1.622311e-009	2.129806e-002	-2.129806e-002	2.129806e-002	6.146010e-003	-4.569779e-005	4.569779e-005	5.323640e-012	-5.323247e-012	2.744407e-002
1.020243778455185e-003	-7.187605e-002	-6.812406e-002	-5.000000e+000	-2.689355e+000	-2.310645e+000	-2.501875e+000	-2.498125e+000	-2.499999e+000	-2.500001e+000	-2.570001e+000	-2.569999e+000	1.432454e-009	-1.432454e-009	-2.411197e-002	2.411197e-002	-4.687008e-012	4.687013e-012	-1.427907e-009	1.874804e-002	-1.874804e-002	1.874804e-002	5.410148e-003	-4.621290e-005	4.621290e-005	4.686755e-012	-4.685918e-012	2.415819e-002
1.021243778455185e-003	-7.164931e-002	-6.835079e-002	-5.000000e+000	-2.666689e+000	-2.333311e+000	-2.501650e+000	-2.498350e+000	-2.500001e+000	-2.499999e+000	-2.569999e+000	-2.570001e+000	1.260560e-009	-1.260560e-009	-2.121978e-002	2.121978e-002	-4.125971e-012	4.125976e-012	-1.256694e-009	1.650389e-002	-1.650389e-002	1.650389e-002	4.762552e-003	-4.666622e-005	4.666622e-005	4.125886e-012	-4.125049e-012	2.126645e-002
1.022243778455185e-003	-7.145405e-002	-6.854606e-002	-5.000000e+000	-2.646742e+000	-2.353258e+000	-2.501453e+000	-2.498547e+000	-2.499999e+000	-2.500001e+000	-2.570001e+000	-2.569999e+000	1.109356e-009	-1.109356e-009	-1.867450e-002	1.867450e-002	-3.632229e-012	3.632236e-012	-1.105946e-009	1.452893e-002	-1.452893e-002	1.452893e-002	4.192634e-003	-4.706516e-005	4.706516e-005	3.631652e-012	-3.631260e-012	1.872156e-002
1.023243778455185e-003	-7.127810e-002	-6.872201e-002	-5.000000e+000	-2.629188e+000	-2.370812e+000	-2.501279e+000	-2.498721e+000	-2.500001e+000	-2.499999e+000	-2.569999e+000	-2.570001e+000	9.763426e-010	-9.763426e-010	-1.643452e-002	1.643452e-002	-3.197712e-012	3.197718e-012	-9.731593e-010	1.279086e-002	-1.279086e-002	1.279086e-002	3.691076e-003	-4.741625e-005	4.741625e-005	3.197092e-012	-3.196699e-012	1.648194e-002
1.024243778455185e-003	-7.112718e-002	-6.887293e-002	-5.000000e+000	-2.613739e+000	-2.386261e+000	-2.501126e+000	-2.498874e+000	-2.499999e+000	-2.500001e+000	-2.570001e+000	-2.569999e+000	8.592451e-010	-8.592451e-010	-1.446322e-002	1.446322e-002	-2.815314e-012	2.815321e-012	-8.562893e-010	1.126127e-002	-1.126127e-002	1.126127e-002	3.249680e-003	-4.772523e-005	4.772523e-005	2.815600e-012	-2.814763e-012	1.451095e-002
1.025243778455185e-003	-7.099056e-002	-6.900954e-002	-5.000000e+000	-2.600143e+000	-2.399857e+000	-2.500992e+000	-2.499008e+000	-2.500001e+000	-2.499999e+000	-2.569999e+000	-2.570001e+000	7.560175e-010	-7.560175e-010	-1.272838e-002	1.272838e-002	-2.478784e-012	2.478791e-012	-7.537437e-010	9.915149e-003	-9.915149e-003	9.915149e-003	2.861229e-003	-4.799714e-005	4.799714e-005	2.479728e-012	-2.478003e-012	1.277638e-002
1.026243778455185e-003	-7.087421e-002	-6.912589e-002	-5.000000e+000	-2.588178e+000	-2.411822e+000	-2.500873e+000	-2.499127e+000	-2.499999e+000	-2.500001e+000	-2.570001e+000	-2.569999e+000	6.652954e-010	-6.652954e-010	-1.120163e-002	1.120163e-002	-2.182620e-012	2.182628e-012	-6.634764e-010	8.730495e-003	-8.730494e-003	8.730494e-003	2.519371e-003	-4.823644e-005	4.823644e-005	2.183720e-012	-2.181995e-012	1.124987e-002
1.027243778455185e-003	-7.076764e-002	-6.923246e-002	-5.000000e+000	-2.577648e+000	-2.422352e+000	-2.500769e+000	-2.499231e+000	-2.500001e+000	-2.499999e+000	-2.569999e+000	-2.570001e+000	5.854872e-010	-5.854872e-010	-9.858010e-003	9.858010e-003	-1.921981e-012	1.921989e-012	-5.838956e-010	7.687938e-003	-7.687938e-003	7.687938e-003	2.218519e-003	-4.844704e-005	4.844704e-005	1.923601e-012	-1.921877e-012	9.906458e-003
1.028243778455185e-003	-7.067823e-002	-6.932187e-002	-5.000000e+000	-2.568381e+000	-2.431619e+000	-2.500677e+000	-2.499323e+000	-2.499999e+000	-2.500001e+000	-2.570001e+000	-2.569999e+000	5.152287e-010	-5.152287e-010	-8.675557e-003	8.675557e-003	-1.692605e-012	1.692613e-012	-5.138645e-010	6.770435e-003	-6.770435e-003	6.770435e-003	1.953754e-003	-4.863237e-005	4.863237e-005	1.694337e-012	-1.692612e-012	8.724189e-003
1.029243778455185e-003	-7.059526e-002	-6.940484e-002	-5.000000e+000	-2.560226e+000	-2.439774e+000	-2.500596e+000	-2.499404e+000	-2.500001e+000	-2.499999e+000	-2.569999e+000	-2.570001e+000	4.536105e-010	-4.536105e-010	-7.634936e-003	7.634936e-003	-1.490742e-012	1.490751e-012	-4.520189e-010	5.962985e-003	-5.962985e-003	5.962985e-003	1.720747e-003	-4.879548e-005	4.879548e-005	1.492478e-012	-1.491641e-012	7.683732e-003
1.030243778455185e-003	-7.052636e-002	-6.947374e-002	-5.000000e+000	-2.553049e+000	-2.446951e+000	-2.500525e+000	-2.499475e+000	-2.499999e+000	-2.500001e+000	-2.570001e+000	-2.569999e+000	3.992682e-010	-3.992682e-010	-6.719137e-003	6.719137e-003	-1.313092e-012	1.313102e-012	-3.976766e-010	5.252387e-003	-5.252387e-003	5.252387e-003	1.515689e-003	-4.893902e-005	4.893902e-005	1.315114e-012	-1.313833e-012	6.768076e-003
1.031243778455185e-003	-7.046175e-002	-6.953835e-002	-5.000000e+000	-2.546733e+000	-2.453267e+000	-2.500463e+000	-2.499537e+000	-2.500001e+000	-2.499999e+000	-2.569999e+000	-2.570001e+000	3.512923e-010	-3.512923e-010	-5.913186e-003	5.913186e-003	-1.156752e-012	1.156761e-012	-3.501555e-010	4.627025e-003	-4.627024e-003	4.627024e-003	1.335227e-003	-4.906534e-005	4.906534e-005	1.158617e-012	-1.156448e-012	5.962252e-003
1.032243778455184e-003	-7.040882e-002	-6.959128e-002	-5.000000e+000	-2.541174e+000	-2.458826e+000	-2.500408e+000	-2.499592e+000	-2.499999e+000	-2.500001e+000	-2.570001e+000	-2.569999e+000	3.092282e-010	-3.092282e-010	-5.203908e-003	5.203908e-003	-1.019163e-012	1.019173e-012	-3.083187e-010	4.076674e-003	-4.076673e-003	4.076673e-003	1.176412e-003	-4.917651e-005	4.917651e-005	1.020958e-012	-1.018789e-012	5.253085e-003
1.033243778455184e-003	-7.035804e-002	-6.964207e-002	-5.000000e+000	-2.536283e+000	-2.463717e+000	-2.500359e+000	-2.499641e+000	-2.500001e+000	-2.499999e+000	-2.569999e+000	-2.570001e+000	2.721663e-010	-2.721663e-010	-4.579707e-003	4.579707e-003	-8.980790e-013	8.980892e-013	-2.712568e-010	3.592336e-003	-3.592336e-003	3.592336e-003	1.036645e-003	-4.927435e-005	4.927435e-005	8.997728e-013	-8.976037e-013	4.628981e-003
1.034243778455184e-003	-7.031775e-002	-6.968236e-002	-5.000000e+000	-2.531977e+000	-2.468023e+000	-2.500317e+000	-2.499683e+000	-2.499999e+000	-2.500001e+000	-2.570001e+000	-2.569999e+000	2.394245e-010	-2.394245e-010	-4.030378e-003	4.030378e-003	-7.915183e-013	7.915290e-013	-2.385150e-010	3.166094e-003	-3.166094e-003	3.166094e-003	9.136443e-004	-4.936045e-005	4.936045e-005	7.930220e-013	-7.912970e-013	4.079739e-003
1.035243778455184e-003	-7.027817e-002	-6.972194e-002	-5.000000e+000	-2.528189e+000	-2.471811e+000	-2.500279e+000	-2.499721e+000	-2.500001e+000	-2.499999e+000	-2.569999e+000	-2.570001e+000	2.107754e-010	-2.107754e-010	-3.546940e-003	3.546940e-003	-6.977394e-013	6.977505e-013	-2.098659e-010	2.790980e-003	-2.790979e-003	2.790979e-003	8.053969e-004	-4.943622e-005	4.943622e-005	6.984586e-013	-6.971778e-013	3.596376e-003
1.036243778455184e-003	-7.024717e-002	-6.975293e-002	-5.000000e+000	-2.524855e+000	-2.475145e+000	-2.500246e+000	-2.499754e+000	-2.499999e+000	-2.500001e+000	-2.570001e+000	-2.569999e+000	1.855369e-010	-1.855369e-010	-3.121490e-003	3.121490e-003	-6.152092e-013	6.152205e-013	-1.846274e-010	2.460859e-003	-2.460859e-003	2.460859e-003	7.101336e-004	-4.950291e-005	4.950291e-005	6.148910e-013	-6.136102e-013	3.170993e-003
1.037243778455184e-003	-7.021594e-002	-6.978416e-002	-5.000000e+000	-2.521920e+000	-2.478080e+000	-2.500217e+000	-2.499783e+000	-2.500001e+000	-2.499999e+000	-2.569999e+000	-2.570001e+000	1.632543e-010	-1.632543e-010	-2.747072e-003	2.747072e-003	-5.425782e-013	5.425900e-013	-1.623448e-010	2.170336e-003	-2.170336e-003	2.170336e-003	6.262970e-004	-4.956159e-005	4.956159e-005	5.421465e-013	-5.413098e-013	2.796633e-003
1.038243778455184e-003	-7.019258e-002	-6.980753e-002	-5.000000e+000	-2.519338e+000	-2.480662e+000	-2.500191e+000	-2.499809e+000	-2.499999e+000	-2.500001e+000	-2.570001e+000	-2.569999e+000	1.437002e-010	-1.437002e-010	-2.417564e-003	2.417564e-003	-4.786593e-013	4.786714e-013	-1.430180e-010	1.914661e-003	-1.914661e-003	1.914661e-003	5.525165e-004	-4.961324e-005	4.961324e-005	4.781506e-013	-4.782021e-013	2.467178e-003
1.039243778455184e-003	-7.016802e-002	-6.983209e-002	-5.000000e+000	-2.517066e+000	-2.482934e+000	-2.500169e+000	-2.499831e+000	-2.500001e+000	-2.499999e+000	-2.569999e+000	-2.570001e+000	1.264198e-010	-1.264198e-010	-2.127581e-003	2.127581e-003	-4.224073e-013	4.224198e-013	-1.261924e-010	1.689654e-003	-1.689654e-003	1.689654e-003	4.875858e-004	-4.965869e-005	4.965869e-005	4.224013e-013	-4.228969e-013	2.177240e-003
1.040243778455184e-003	-7.015038e-002	-6.984973e-002	-5.000000e+000	-2.515066e+000	-2.484934e+000	-2.500149e+000	-2.499851e+000	-2.499999e+000	-2.500001e+000	-2.570001e+000	-2.569999e+000	1.111857e-010	-1.111857e-010	-1.872381e-003	1.872381e-003	-3.729026e-013	3.729155e-013	-1.111857e-010	1.491636e-003	-1.491636e-003	1.491636e-003	4.304435e-004	-4.969869e-005	4.969869e-005	3.735960e-013	-3.740915e-013	1.922080e-003
1.041243778455184e-003	-7.013059e-002	-6.986952e-002	-5.000000e+000	-2.513305e+000	-2.486695e+000	-2.500132e+000	-2.499868e+000	-2.500001e+000	-2.499999e+000	-2.569999e+000	-2.570001e+000	9.777068e-011	-9.777068e-011	-1.647792e-003	1.647792e-003	-3.293360e-013	3.293492e-013	-9.777068e-011	1.317370e-003	-1.317370e-003	1.317370e-003	3.801553e-004	-4.973389e-005	4.973389e-005	3.298562e-013	-3.303518e-013	1.697525e-003
1.042243778455184e-003	-7.011747e-002	-6.988263e-002	-5.000000e+000	-2.511756e+000	-2.488244e+000	-2.500116e+000	-2.499884e+000	-2.499999e+000	-2.500001e+000	-2.570001e+000	-2.569999e+000	8.594725e-011	-8.594725e-011	-1.450141e-003	1.450141e-003	-2.909950e-013	2.910086e-013	-8.594725e-011	1.164007e-003	-1.164007e-003	1.164007e-003	3.358992e-004	-4.976487e-005	4.976487e-005	2.913987e-013	-2.914501e-013	1.499906e-003
1.043243778455184e-003	-7.010198e-002	-6.989813e-002	-5.000000e+000	-2.510393e+000	-2.489607e+000	-2.500103e+000	-2.499897e+000	-2.500001e+000	-2.499999e+000	-2.569999e+000	-2.570001e+000	7.571543e-011	-7.571543e-011	-1.276199e-003	1.276199e-003	-2.572530e-013	2.572669e-013	-7.548806e-011	1.029040e-003	-1.029040e-003	1.029040e-003	2.969514e-004	-4.979214e-005	4.979214e-005	2.586966e-013	-2.574158e-013	1.325991e-003
1.044243778455183e-003	-7.009220e-002	-6.990790e-002	-5.000000e+000	-2.509194e+000	-2.490806e+000	-2.500091e+000	-2.499909e+000	-2.499999e+000	-2.500001e+000	-2.570001e+000	-2.569999e+000	6.684786e-011	-6.684786e-011	-1.123121e-003	1.123121e-003	-2.275583e-013	2.275726e-013	-6.639311e-011	9.102616e-004	-9.102615e-004	9.102615e-004	2.626755e-004	-4.981613e-005	4.981613e-005	2.292660e-013	-2.275412e-013	1.172937e-003
1.045243778455183e-003	-7.007957e-002	-6.992054e-002	-5.000000e+000	-2.508138e+000	-2.491862e+000	-2.500081e+000	-2.499919e+000	-2.500001e+000	-2.499999e+000	-2.569999e+000	-2.570001e+000	5.888978e-011	-5.888978e-011	-9.884042e-004	9.884042e-004	-2.014253e-013	2.014400e-013	-5.866241e-011	8.057306e-004	-8.057306e-004	8.057306e-004	2.325108e-004	-4.983724e-005	4.983724e-005	2.018743e-013	-2.014818e-013	1.038241e-003
1.046243778455183e-003	-7.007241e-002	-6.992769e-002	-5.000000e+000	-2.507209e+000	-2.492791e+000	-2.500071e+000	-2.499929e+000	-2.499999e+000	-2.500001e+000	-2.570001e+000	-2.569999e+000	5.184120e-011	-5.184120e-011	-8.698465e-004	8.698465e-004	-1.784270e-013	1.784420e-013	-5.184120e-011	7.137380e-004	-7.137380e-004	7.137380e-004	2.059644e-004	-4.985582e-005	4.985582e-005	1.782214e-013	-1.787170e-013	9.197023e-004
1.047243778455183e-003	-7.006216e-002	-6.993794e-002	-5.000000e+000	-2.506391e+000	-2.493609e+000	-2.500063e+000	-2.499937e+000	-2.500001e+000	-2.499999e+000	-2.569999e+000	-2.570001e+000	4.570211e-011	-4.570211e-011	-7.655097e-004	7.655097e-004	-1.581872e-013	1.582027e-013	-4.570211e-011	6.327797e-004	-6.327797e-004	6.327797e-004	1.826021e-004	-4.987218e-005	4.987218e-005	1.582743e-013	-1.583259e-013	8.153819e-004
1.048243778455183e-003	-7.005739e-002	-6.994271e-002	-5.000000e+000	-2.505672e+000	-2.494328e+000	-2.500056e+000	-2.499944e+000	-2.499999e+000	-2.500001e+000	-2.570001e+000	-2.569999e+000	4.024514e-011	-4.024514e-011	-6.736879e-004	6.736879e-004	-1.403752e-013	1.403910e-013	-4.024514e-011	5.615323e-004	-5.615323e-004	5.615323e-004	1.620422e-004	-4.988657e-005	4.988657e-005	1.417952e-013	-1.409586e-013	7.235745e-004
1.049243778455183e-003	-7.004881e-002	-6.995130e-002	-5.000000e+000	-2.505038e+000	-2.494962e+000	-2.500050e+000	-2.499950e+000	-2.500001e+000	-2.499999e+000	-2.569999e+000	-2.570001e+000	3.547029e-011	-3.547029e-011	-5.928801e-004	5.928801e-004	-1.246997e-013	1.247158e-013	-3.524292e-011	4.988310e-004	-4.988309e-004	4.988309e-004	1.439484e-004	-4.989924e-005	4.989924e-005	1.263292e-013	-1.250485e-013	6.427793e-004
1.050243778455183e-003	-7.004547e-002	-6.995463e-002	-5.000000e+000	-2.504481e+000	-2.495519e+000	-2.500044e+000	-2.499956e+000	-2.499999e+000	-2.500001e+000	-2.570001e+000	-2.569999e+000	3.115019e-011	-3.115019e-011	-5.217650e-004	5.217650e-004	-1.109044e-013	1.109209e-013	-3.069545e-011	4.436505e-004	-4.436505e-004	4.436505e-004	1.280249e-004	-4.991038e-005	4.991038e-005	1.118486e-013	-1.110121e-013	5.716754e-004
1.051243778455183e-003	-7.003856e-002	-6.996155e-002	-5.000000e+000	-2.503990e+000	-2.496010e+000	-2.500040e+000	-2.499960e+000	-2.500001e+000	-2.499999e+000	-2.569999e+000	-2.570001e+000	2.728484e-011	-2.728484e-011	-4.591800e-004	4.591800e-004	-9.876378e-014	9.878067e-014	-2.705747e-011	3.950889e-004	-3.950889e-004	3.950889e-004	1.140114e-004	-4.992019e-005	4.992019e-005	9.954720e-014	-9.915473e-014	5.091002e-004
1.052243778455183e-003	-7.003641e-002	-6.996369e-002	-5.000000e+000	-2.503559e+000	-2.496441e+000	-2.500035e+000	-2.499965e+000	-2.499999e+000	-2.500001e+000	-2.570001e+000	-2.569999e+000	2.410161e-011	-2.410161e-011	-4.041021e-004	4.041021e-004	-8.807941e-014	8.809667e-014	-2.410161e-011	3.523521e-004	-3.523521e-004	3.523521e-004	1.016788e-004	-4.992883e-005	4.992883e-005	8.777759e-014	-8.694103e-014	4.540309e-004
1.053243778455183e-003	-7.003045e-002	-6.996965e-002	-5.000000e+000	-2.503179e+000	-2.496821e+000	-2.500031e+000	-2.499969e+000	-2.500001e+000	-2.499999e+000	-2.569999e+000	-2.570001e+000	2.114575e-011	-2.114575e-011	-3.556306e-004	3.556306e-004	-7.867659e-014	7.869422e-014	-2.114575e-011	3.147416e-004	-3.147416e-004	3.147416e-004	9.082543e-005	-4.993643e-005	4.993643e-005	7.741298e-014	-7.657643e-014	4.055670e-004
1.054243778455183e-003	-7.002926e-002	-6.997085e-002	-5.000000e+000	-2.502845e+000	-2.497155e+000	-2.500028e+000	-2.499972e+000	-2.499999e+000	-2.500001e+000	-2.570001e+000	-2.569999e+000	1.841727e-011	-1.841727e-011	-3.129732e-004	3.129732e-004	-7.040161e-014	7.041960e-014	-1.841727e-011	2.816424e-004	-2.816424e-004	2.816424e-004	8.127395e-005	-4.994311e-005	4.994311e-005	6.956690e-014	-6.961855e-014	3.629163e-004
1.055243778455183e-003	-7.002425e-002	-6.997585e-002	-5.000000e+000	-2.502550e+000	-2.497450e+000	-2.500025e+000	-2.499975e+000	-2.500001e+000	-2.499999e+000	-2.569999e+000	-2.570001e+000	1.637090e-011	-1.637090e-011	-2.754325e-004	2.754325e-004	-6.311918e-014	6.313753e-014	-1.614353e-011	2.525134e-004	-2.525134e-004	2.525134e-004	7.286815e-005	-4.994899e-005	4.994899e-005	6.300125e-014	-6.349700e-014	3.253815e-004
1.056243778455182e-003	-7.002378e-002	-6.997633e-002	-5.000000e+000	-2.502291e+000	-2.497709e+000	-2.500023e+000	-2.499977e+000	-2.499999e+000	-2.500001e+000	-2.570001e+000	-2.569999e+000	1.455192e-011	-1.455192e-011	-2.423948e-004	2.423948e-004	-5.671024e-014	5.672895e-014	-1.409717e-011	2.268784e-004	-2.268784e-004	2.268784e-004	6.547062e-005	-4.995417e-005	4.995417e-005	5.630466e-014	-5.680042e-014	2.923490e-004
1.057243778455182e-003	-7.001948e-002	-6.998062e-002	-5.000000e+000	-2.502064e+000	-2.497936e+000	-2.500021e+000	-2.499979e+000	-2.500001e+000	-2.499999e+000	-2.569999e+000	-2.570001e+000	1.273293e-011	-1.273293e-011	-2.133199e-004	2.133199e-004	-5.107003e-014	5.108910e-014	-1.250555e-011	2.043182e-004	-2.043182e-004	2.043182e-004	5.896041e-005	-4.995873e-005	4.995873e-005	5.012971e-014	-5.018138e-014	2.632786e-004
1.058243778455182e-003	-7.001948e-002	-6.998062e-002	-5.000000e+000	-2.501863e+000	-2.498137e+000	-2.500018e+000	-2.499982e+000	-2.499999e+000	-2.500001e+000	-2.570001e+000	-2.569999e+000	1.114131e-011	-1.114131e-011	-1.877325e-004	1.877325e-004	-4.610633e-014	4.612576e-014	-1.114131e-011	1.844642e-004	-1.844642e-004	1.844642e-004	5.323109e-005	-4.996274e-005	4.996274e-005	4.608907e-014	-4.525257e-014	2.376952e-004
1.059243778455182e-003	-7.001567e-002	-6.998444e-002	-5.000000e+000	-2.501687e+000	-2.498313e+000	-2.500017e+000	-2.499983e+000	-2.500001e+000	-2.499999e+000	-2.569999e+000	-2.570001e+000	9.777068e-012	-9.777068e-012	-1.652143e-004	1.652143e-004	-4.173799e-014	4.175779e-014	-9.777068e-012	1.669916e-004	-1.669916e-004	1.669916e-004	4.818899e-005	-4.996627e-005	4.996627e-005	4.288907e-014	-4.249667e-014	2.151805e-004
1.060243778455182e-003	-7.001638e-002	-6.998372e-002	-5.000000e+000	-2.501531e+000	-2.498469e+000	-2.500015e+000	-2.499985e+000	-2.499999e+000	-2.500001e+000	-2.570001e+000	-2.569999e+000	8.640200e-012	-8.640200e-012	-1.453971e-004	1.453971e-004	-3.789361e-014	3.791377e-014	-8.640200e-012	1.516147e-004	-1.516147e-004	1.516147e-004	4.375168e-005	-4.996937e-005	4.996937e-005	3.914490e-014	-3.964069e-014	1.953664e-004
1.061243778455182e-003	-7.001281e-002	-6.998730e-002	-5.000000e+000	-2.501395e+000	-2.498605e+000	-2.500014e+000	-2.499986e+000	-2.500001e+000	-2.499999e+000	-2.569999e+000	-2.570001e+000	7.503331e-012	-7.503331e-012	-1.279569e-004	1.279569e-004	-3.451033e-014	3.453086e-014	-7.503331e-012	1.380824e-004	-1.380824e-004	1.380824e-004	3.984663e-005	-4.997211e-005	4.997211e-005	3.587599e-014	-3.548361e-014	1.779290e-004
1.062243778455182e-003	-7.001376e-002	-6.998634e-002	-5.000000e+000	-2.501274e+000	-2.498726e+000	-2.500013e+000	-2.499987e+000	-2.499999e+000	-2.500001e+000	-2.570001e+000	-2.569999e+000	6.593837e-012	-6.593837e-012	-1.126086e-004	1.126086e-004	-3.153286e-014	3.155374e-014	-6.593837e-012	1.261732e-004	-1.261732e-004	1.261732e-004	3.640998e-005	-4.997451e-005	4.997451e-005	3.344431e-014	-3.216377e-014	1.625832e-004
1.063243778455182e-003	-7.001042e-002	-6.998968e-002	-5.000000e+000	-2.501168e+000	-2.498832e+000	-2.500011e+000	-2.499989e+000	-2.500001e+000	-2.499999e+000	-2.569999e+000	-2.570001e+000	5.911716e-012	-5.911716e-012	-9.910141e-005	9.910141e-005	-2.891250e-014	2.893375e-014	-5.911716e-012	1.156925e-004	-1.156925e-004	1.156925e-004	3.338555e-005	-4.997663e-005	4.997663e-005	3.100967e-014	-2.972913e-014	1.490780e-004
1.064243778455182e-003	-7.001185e-002	-6.998825e-002	-5.000000e+000	-2.501075e+000	-2.498925e+000	-2.500011e+000	-2.499989e+000	-2.499999e+000	-2.500001e+000	-2.570001e+000	-2.569999e+000	5.229595e-012	-5.229595e-012	-8.721434e-005	8.721434e-005	-2.660644e-014	2.662804e-014	-5.229595e-012	1.064689e-004	-1.064689e-004	1.064689e-004	3.072390e-005	-4.997849e-005	4.997849e-005	2.768481e-014	-2.684837e-014	1.371928e-004
1.065243778455182e-003	-7.000875e-002	-6.999135e-002	-5.000000e+000	-2.500993e+000	-2.499007e+000	-2.500010e+000	-2.499990e+000	-2.500001e+000	-2.499999e+000	-2.569999e+000	-2.570001e+000	4.774847e-012	-4.774847e-012	-7.675311e-005	7.675311e-005	-2.457696e-014	2.459892e-014	-4.774847e-012	9.835175e-005	-9.835174e-005	9.835174e-005	2.838150e-005	-4.998013e-005	4.998013e-005	2.500883e-014	-2.461651e-014	1.267332e-004
1.066243778455182e-003	-7.001019e-002	-6.998992e-002	-5.000000e+000	-2.500921e+000	-2.499079e+000	-2.500009e+000	-2.499991e+000	-2.499999e+000	-2.500001e+000	-2.570001e+000	-2.569999e+000	4.320100e-012	-4.320100e-012	-6.754669e-005	6.754669e-005	-2.279089e-014	2.281321e-014	-4.320100e-012	9.120819e-005	-9.120819e-005	9.120819e-005	2.632008e-005	-4.998158e-005	4.998158e-005	2.368821e-014	-2.329589e-014	1.175283e-004
1.067243778455181e-003	-7.000732e-002	-6.999278e-002	-5.000000e+000	-2.500858e+000	-2.499142e+000	-2.500008e+000	-2.499992e+000	-2.500001e+000	-2.499999e+000	-2.569999e+000	-2.570001e+000	3.637979e-012	-3.637979e-012	-5.944456e-005	5.944456e-005	-2.121904e-014	2.124171e-014	-3.637979e-012	8.492149e-005	-8.492149e-005	8.492149e-005	2.450592e-005	-4.998285e-005	4.998285e-005	2.220341e-014	-2.269927e-014	1.094274e-004
1.068243778455181e-003	-7.000899e-002	-6.999111e-002	-5.000000e+000	-2.500802e+000	-2.499198e+000	-2.500008e+000	-2.499992e+000	-2.499999e+000	-2.500001e+000	-2.570001e+000	-2.569999e+000	2.955858e-012	-2.955858e-012	-5.231427e-005	5.231427e-005	-1.983570e-014	1.985874e-014	-2.955858e-012	7.938888e-005	-7.938888e-005	7.938888e-005	2.290936e-005	-4.998396e-005	4.998396e-005	2.132059e-014	-2.181645e-014	1.022982e-004
1.069243778455181e-003	-7.000637e-002	-6.999373e-002	-5.000000e+000	-2.500753e+000	-2.499247e+000	-2.500007e+000	-2.499993e+000	-2.500001e+000	-2.499999e+000	-2.569999e+000	-2.570001e+000	2.501110e-012	-2.501110e-012	-4.603925e-005	4.603925e-005	-1.861828e-014	1.864167e-014	-2.501110e-012	7.451989e-005	-7.451989e-005	7.451989e-005	2.150431e-005	-4.998495e-005	4.998495e-005	2.077881e-014	-1.949832e-014	9.602420e-005
1.070243778455181e-003	-7.000828e-002	-6.999183e-002	-5.000000e+000	-2.500710e+000	-2.499290e+000	-2.500007e+000	-2.499993e+000	-2.499999e+000	-2.500001e+000	-2.570001e+000	-2.569999e+000	2.273737e-012	-2.273737e-012	-4.051691e-005	4.051691e-005	-1.754686e-014	1.757061e-014	-2.273737e-012	7.023494e-005	-7.023494e-005	7.023494e-005	2.026779e-005	-4.998581e-005	4.998581e-005	1.928824e-014	-1.711959e-014	9.050273e-005
1.071243778455181e-003	-7.000566e-002	-6.999445e-002	-5.000000e+000	-2.500671e+000	-2.499329e+000	-2.500007e+000	-2.499993e+000	-2.500001e+000	-2.499999e+000	-2.569999e+000	-2.570001e+000	2.046363e-012	-2.046363e-012	-3.565697e-005	3.565697e-005	-1.660393e-014	1.662804e-014	-2.046363e-012	6.646394e-005	-6.646394e-005	6.646394e-005	1.917960e-005	-4.998657e-005	4.998657e-005	1.831225e-014	-1.614359e-014	8.564354e-005
1.072243778455181e-003	-7.000756e-002	-6.999254e-002	-5.000000e+000	-2.500638e+000	-2.499362e+000	-2.500006e+000	-2.499994e+000	-2.499999e+000	-2.500001e+000	-2.570001e+000	-2.569999e+000	1.818989e-012	-1.818989e-012	-3.137997e-005	3.137997e-005	-1.577409e-014	1.579856e-014	-1.818989e-012	6.314529e-005	-6.314529e-005	6.314529e-005	1.822193e-005	-4.998724e-005	4.998724e-005	1.811259e-014	-1.594393e-014	8.136721e-005
1.073243778455181e-003	-7.000494e-002	-6.999516e-002	-5.000000e+000	-2.500608e+000	-2.499392e+000	-2.500006e+000	-2.499994e+000	-2.500001e+000	-2.499999e+000	-2.569999e+000	-2.570001e+000	1.818989e-012	-1.818989e-012	-2.761599e-005	2.761599e-005	-1.504376e-014	1.506859e-014	-1.818989e-012	6.022469e-005	-6.022469e-005	6.022469e-005	1.737913e-005	-4.998783e-005	4.998783e-005	1.718263e-014	-1.501396e-014	7.760382e-005
1.074243778455181e-003	-7.000685e-002	-6.999326e-002	-5.000000e+000	-2.500582e+000	-2.499418e+000	-2.500006e+000	-2.499994e+000	-2.499999e+000	-2.500001e+000	-2.570001e+000	-2.569999e+000	1.591616e-012	-1.591616e-012	-2.430349e-005	2.430349e-005	-1.440101e-014	1.442620e-014	-1.591616e-012	5.765443e-005	-5.765443e-005	5.765443e-005	1.663742e-005	-4.998835e-005	4.998835e-005	1.553210e-014	-1.425163e-014	7.429184e-005
1.075243778455181e-003	-7.000446e-002	-6.999564e-002	-5.000000e+000	-2.500560e+000	-2.499440e+000	-2.500005e+000	-2.499995e+000	-2.500001e+000	-2.499999e+000	-2.569999e+000	-2.570001e+000	1.136868e-012	-1.136868e-012	-2.138832e-005	2.138832e-005	-1.383534e-014	1.386089e-014	-1.136868e-012	5.539245e-005	-5.539245e-005	5.539245e-005	1.598468e-005	-4.998881e-005	4.998881e-005	1.384757e-014	-1.389939e-014	7.137713e-005
1.076243778455181e-003	-7.000637e-002	-6.999373e-002	-5.000000e+000	-2.500539e+000	-2.499461e+000	-2.500005e+000	-2.499995e+000	-2.499999e+000	-2.500001e+000	-2.570001e+000	-2.569999e+000	9.094947e-013	-9.094947e-013	-1.882282e-005	1.882282e-005	-1.333750e-014	1.336340e-014	-9.094947e-013	5.340180e-005	-5.340180e-005	5.340180e-005	1.541023e-005	-4.998921e-005	4.998921e-005	1.298450e-014	-1.303634e-014	6.881203e-005
1.077243778455181e-003	-7.000422e-002	-6.999588e-002	-5.000000e+000	-2.500522e+000	-2.499478e+000	-2.500005e+000	-2.499995e+000	-2.500001e+000	-2.499999e+000	-2.569999e+000	-2.570001e+000	6.821210e-013	-6.821210e-013	-1.656505e-005	1.656505e-005	-1.289934e-014	1.292562e-014	-6.821210e-013	5.164993e-005	-5.164993e-005	5.164993e-005	1.490469e-005	-4.998957e-005	4.998957e-005	1.291639e-014	-1.252414e-014	6.655462e-005
1.078243778455181e-003	-7.000613e-002	-6.999397e-002	-5.000000e+000	-2.500506e+000	-2.499494e+000	-2.500005e+000	-2.499995e+000	-2.499999e+000	-2.500001e+000	-2.570001e+000	-2.569999e+000	4.547474e-013	-4.547474e-013	-1.457810e-005	1.457810e-005	-1.251372e-014	1.254037e-014	-4.547474e-013	5.010819e-005	-5.010819e-005	5.010819e-005	1.445979e-005	-4.998988e-005	4.998988e-005	1.248502e-014	-1.253687e-014	6.456798e-005
1.079243778455180e-003	-7.000375e-002	-6.999636e-002	-5.000000e+000	-2.500493e+000	-2.499507e+000	-2.500005e+000	-2.499995e+000	-2.500001e+000	-2.499999e+000	-2.569999e+000	-2.570001e+000	4.547474e-013	-4.547474e-013	-1.282948e-005	1.282948e-005	-1.217433e-014	1.220136e-014	-4.547474e-013	4.875138e-005	-4.875138e-005	4.875138e-005	1.406825e-005	-4.999015e-005	4.999015e-005	1.218288e-014	-1.312290e-014	6.281963e-005
1.080243778455180e-003	-7.000589e-002	-6.999421e-002	-5.000000e+000	-2.500480e+000	-2.499520e+000	-2.500005e+000	-2.499995e+000	-2.499999e+000	-2.500001e+000	-2.570001e+000	-2.569999e+000	6.821210e-013	-6.821210e-013	-1.129060e-005	1.129060e-005	-1.187563e-014	1.190303e-014	-6.821210e-013	4.755731e-005	-4.755731e-005	4.755731e-005	1.372368e-005	-4.999039e-005	4.999039e-005	1.242711e-014	-1.381123e-014	6.128100e-005
1.081243778455180e-003	-7.000351e-002	-6.999660e-002	-5.000000e+000	-2.500470e+000	-2.499530e+000	-2.500005e+000	-2.499995e+000	-2.500001e+000	-2.499999e+000	-2.569999e+000	-2.570001e+000	6.821210e-013	-6.821210e-013	-9.936310e-006	9.936310e-006	-1.161273e-014	1.164051e-014	-6.821210e-013	4.650647e-005	-4.650648e-005	4.650648e-005	1.342044e-005	-4.999061e-005	4.999061e-005	1.221840e-014	-1.271435e-014	5.992692e-005
1.082243778455180e-003	-7.000566e-002	-6.999445e-002	-5.000000e+000	-2.500460e+000	-2.499540e+000	-2.500005e+000	-2.499995e+000	-2.499999e+000	-2.500001e+000	-2.570001e+000	-2.569999e+000	4.547474e-013	-4.547474e-013	-8.744464e-006	8.744464e-006	-1.138135e-014	1.140949e-014	-4.547474e-013	4.558168e-005	-4.558168e-005	4.558168e-005	1.315357e-005	-4.999079e-005	4.999079e-005	1.130027e-014	-1.090805e-014	5.873526e-005
1.083243778455180e-003	-7.000351e-002	-6.999660e-002	-5.000000e+000	-2.500452e+000	-2.499548e+000	-2.500005e+000	-2.499995e+000	-2.500001e+000	-2.499999e+000	-2.569999e+000	-2.570001e+000	4.547474e-013	-4.547474e-013	-7.695578e-006	7.695578e-006	-1.117770e-014	1.120621e-014	-4.547474e-013	4.476782e-005	-4.476782e-005	4.476782e-005	1.291871e-005	-4.999096e-005	4.999096e-005	1.138432e-014	-1.099212e-014	5.768654e-005
1.084243778455180e-003	-7.000566e-002	-6.999445e-002	-5.000000e+000	-2.500445e+000	-2.499555e+000	-2.500005e+000	-2.499995e+000	-2.499999e+000	-2.500001e+000	-2.570001e+000	-2.569999e+000	4.547474e-013	-4.547474e-013	-6.772505e-006	6.772505e-006	-1.099845e-014	1.102734e-014	-4.547474e-013	4.405158e-005	-4.405158e-005	4.405158e-005	1.271203e-005	-4.999110e-005	4.999110e-005	1.200592e-014	-1.161374e-014	5.676361e-005
1.085243778455180e-003	-7.000327e-002	-6.999683e-002	-5.000000e+000	-2.500439e+000	-2.499561e+000	-2.500004e+000	-2.499996e+000	-2.500001e+000	-2.499999e+000	-2.569999e+000	-2.570001e+000	4.547474e-013	-4.547474e-013	-5.960153e-006	5.960153e-006	-1.084069e-014	1.086994e-014	-4.547474e-013	4.342125e-005	-4.342125e-005	4.342125e-005	1.253013e-005	-4.999123e-005	4.999123e-005	1.078529e-014	-1.083720e-014	5.595138e-005
1.086243778455180e-003	-7.000542e-002	-6.999469e-002	-5.000000e+000	-2.500433e+000	-2.499567e+000	-2.500004e+000	-2.499996e+000	-2.499999e+000	-2.500001e+000	-2.570001e+000	-2.569999e+000	4.547474e-013	-4.547474e-013	-5.245241e-006	5.245241e-006	-1.070182e-014	1.073144e-014	-4.547474e-013	4.286653e-005	-4.286653e-005	4.286653e-005	1.237006e-005	-4.999134e-005	4.999134e-005	9.430313e-015	-9.926323e-015	5.523658e-005
1.087243778455180e-003	-7.000327e-002	-6.999683e-002	-5.000000e+000	-2.500428e+000	-2.499572e+000	-2.500004e+000	-2.499996e+000	-2.500001e+000	-2.499999e+000	-2.569999e+000	-2.570001e+000	2.273737e-013	-2.273737e-013	-4.616082e-006	4.616082e-006	-1.057959e-014	1.060958e-014	-2.273737e-013	4.237834e-005	-4.237834e-005	4.237834e-005	1.222918e-005	-4.999144e-005	4.999144e-005	9.497885e-015	-9.993899e-015	5.460752e-005
1.088243778455180e-003	-7.000542e-002	-6.999469e-002	-5.000000e+000	-2.500424e+000	-2.499576e+000	-2.500004e+000	-2.499996e+000	-2.499999e+000	-2.500001e+000	-2.570001e+000	-2.569999e+000	0.000000e+000	0.000000e+000	-4.062390e-006	4.062390e-006	-1.047201e-014	1.050235e-014	0.000000e+000	4.194872e-005	-4.194872e-005	4.194872e-005	1.210520e-005	-4.999153e-005	4.999153e-005	1.035133e-014	-1.084735e-014	5.405392e-005
1.089243778455180e-003	-7.000303e-002	-6.999707e-002	-5.000000e+000	-2.500420e+000	-2.499580e+000	-2.500004e+000	-2.499996e+000	-2.500001e+000	-2.499999e+000	-2.569999e+000	-2.570001e+000	0.000000e+000	0.000000e+000	-3.575112e-006	3.575112e-006	-1.037731e-014	1.040801e-014	0.000000e+000	4.157062e-005	-4.157062e-005	4.157062e-005	1.199609e-005	-4.999160e-005	4.999160e-005	1.109335e-014	-1.114531e-014	5.356672e-005
1.090243778455180e-003	-7.000518e-002	-6.999493e-002	-5.000000e+000	-2.500417e+000	-2.499583e+000	-2.500004e+000	-2.499996e+000	-2.499999e+000	-2.500001e+000	-2.570001e+000	-2.569999e+000	2.273737e-013	-2.273737e-013	-3.146283e-006	3.146283e-006	-1.029394e-014	1.032500e-014	-2.273737e-013	4.123788e-005	-4.123788e-005	4.123788e-005	1.190007e-005	-4.999167e-005	4.999167e-005	1.070387e-014	-1.031177e-014	5.313795e-005
1.091243778455179e-003	-7.000303e-002	-6.999707e-002	-5.000000e+000	-2.500413e+000	-2.499587e+000	-2.500004e+000	-2.499996e+000	-2.500001e+000	-2.499999e+000	-2.569999e+000	-2.570001e+000	4.547474e-013	-4.547474e-013	-2.768891e-006	2.768891e-006	-1.022055e-014	1.025197e-014	-4.547474e-013	4.094505e-005	-4.094505e-005	4.094505e-005	1.181557e-005	-4.999173e-005	4.999173e-005	9.937589e-015	-1.043370e-014	5.276062e-005
1.092243778455179e-003	-7.000518e-002	-6.999493e-002	-5.000000e+000	-2.500411e+000	-2.499589e+000	-2.500004e+000	-2.499996e+000	-2.499999e+000	-2.500001e+000	-2.570001e+000	-2.569999e+000	4.547474e-013	-4.547474e-013	-2.436766e-006	2.436766e-006	-1.015595e-014	1.018772e-014	-4.547474e-013	4.068734e-005	-4.068734e-005	4.068734e-005	1.174120e-005	-4.999178e-005	4.999178e-005	1.009848e-014	-1.148277e-014	5.242855e-005
1.093243778455179e-003	-7.000303e-002	-6.999707e-002	-5.000000e+000	-2.500409e+000	-2.499591e+000	-2.500004e+000	-2.499996e+000	-2.500001e+000	-2.499999e+000	-2.569999e+000	-2.570001e+000	2.273737e-013	-2.273737e-013	-2.144480e-006	2.144480e-006	-1.009907e-014	1.013120e-014	-2.273737e-013	4.046055e-005	-4.046055e-005	4.046055e-005	1.167576e-005	-4.999183e-005	4.999183e-005	1.091322e-014	-1.185344e-014	5.213631e-005
1.094243778455179e-003	-7.000518e-002	-6.999493e-002	-5.000000e+000	-2.500407e+000	-2.499593e+000	-2.500004e+000	-2.499996e+000	-2.499999e+000	-2.500001e+000	-2.570001e+000	-2.569999e+000	0.000000e+000	0.000000e+000	-1.887253e-006	1.887253e-006	-1.004899e-014	1.008149e-014	0.000000e+000	4.026096e-005	-4.026096e-005	4.026096e-005	1.161816e-005	-4.999187e-005	4.999187e-005	1.150209e-014	-1.155415e-014	5.187912e-005
1.095243778455179e-003	-7.000303e-002	-6.999707e-002	-5.000000e+000	-2.500405e+000	-2.499595e+000	-2.500004e+000	-2.499996e+000	-2.500001e+000	-2.499999e+000	-2.569999e+000	-2.570001e+000	0.000000e+000	0.000000e+000	-1.660879e-006	1.660879e-006	-1.000490e-014	1.003775e-014	0.000000e+000	4.008531e-005	-4.008531e-005	4.008531e-005	1.156747e-005	-4.999190e-005	4.999190e-005	1.222802e-014	-1.139192e-014	5.165278e-005
1.096243778455179e-003	-7.000518e-002	-6.999493e-002	-5.000000e+000	-2.500403e+000	-2.499597e+000	-2.500004e+000	-2.499996e+000	-2.499999e+000	-2.500001e+000	-2.570001e+000	-2.569999e+000	0.000000e+000	0.000000e+000	-1.461659e-006	1.461659e-006	-9.966077e-015	9.999287e-015	0.000000e+000	3.993072e-005	-3.993072e-005	3.993072e-005	1.152287e-005	-4.999193e-005	4.999193e-005	1.254019e-014	-1.170409e-014	5.145359e-005
1.097243778455179e-003	-7.000279e-002	-6.999731e-002	-5.000000e+000	-2.500402e+000	-2.499598e+000	-2.500004e+000	-2.499996e+000	-2.500001e+000	-2.499999e+000	-2.569999e+000	-2.570001e+000	0.000000e+000	0.000000e+000	-1.286336e-006	1.286336e-006	-9.931888e-015	9.965456e-015	0.000000e+000	3.979469e-005	-3.979469e-005	3.979469e-005	1.148361e-005	-4.999196e-005	4.999196e-005	1.147440e-014	-1.152650e-014	5.127830e-005
1.098243778455179e-003	-7.000494e-002	-6.999516e-002	-5.000000e+000	-2.500401e+000	-2.499599e+000	-2.500004e+000	-2.499996e+000	-2.499999e+000	-2.500001e+000	-2.570001e+000	-2.569999e+000	2.273737e-013	-2.273737e-013	-1.132041e-006	1.132041e-006	-9.901779e-015	9.935705e-015	-2.273737e-013	3.967497e-005	-3.967496e-005	3.967496e-005	1.144906e-005	-4.999198e-005	4.999198e-005	9.479097e-015	-1.041940e-014	5.112403e-005
1.099243778455179e-003	-7.000279e-002	-6.999731e-002	-5.000000e+000	-2.500400e+000	-2.499600e+000	-2.500004e+000	-2.499996e+000	-2.500001e+000	-2.499999e+000	-2.569999e+000	-2.570001e+000	2.273737e-013	-2.273737e-013	-9.962547e-007	9.962547e-007	-9.875259e-015	9.909543e-015	-2.273737e-013	3.956960e-005	-3.956960e-005	3.956960e-005	1.141866e-005	-4.999201e-005	4.999201e-005	8.458927e-015	-8.955158e-015	5.098826e-005
1.100243778455179e-003	-7.000494e-002	-6.999516e-002	-5.000000e+000	-2.500399e+000	-2.499601e+000	-2.500004e+000	-2.499996e+000	-2.499999e+000	-2.500001e+000	-2.570001e+000	-2.569999e+000	0.000000e+000	0.000000e+000	-8.767554e-007	8.767554e-007	-9.851897e-015	9.886543e-015	0.000000e+000	3.947688e-005	-3.947688e-005	3.947688e-005	1.139190e-005	-4.999203e-005	4.999203e-005	9.592740e-015	-8.756705e-015	5.086878e-005
1.101243778455179e-003	-7.000279e-002	-6.999731e-002	-5.000000e+000	-2.500398e+000	-2.499602e+000	-2.500004e+000	-2.499996e+000	-2.500001e+000	-2.499999e+000	-2.569999e+000	-2.570001e+000	0.000000e+000	0.000000e+000	-7.715899e-007	7.715899e-007	-9.831313e-015	9.866327e-015	0.000000e+000	3.939528e-005	-3.939528e-005	3.939528e-005	1.136835e-005	-4.999204e-005	4.999204e-005	9.814623e-015	-9.866773e-015	5.076363e-005
1.102243778455179e-003	-7.000494e-002	-6.999516e-002	-5.000000e+000	-2.500397e+000	-2.499603e+000	-2.500004e+000	-2.499996e+000	-2.499999e+000	-2.500001e+000	-2.570001e+000	-2.569999e+000	0.000000e+000	0.000000e+000	-6.790388e-007	6.790388e-007	-9.813177e-015	9.848557e-015	0.000000e+000	3.932347e-005	-3.932347e-005	3.932347e-005	1.134763e-005	-4.999206e-005	4.999206e-005	9.393189e-015	-1.077762e-014	5.067110e-005
1.103243778455178e-003	-7.000279e-002	-6.999731e-002	-5.000000e+000	-2.500396e+000	-2.499604e+000	-2.500004e+000	-2.499996e+000	-2.500001e+000	-2.499999e+000	-2.569999e+000	-2.570001e+000	0.000000e+000	0.000000e+000	-5.975891e-007	5.975891e-007	-9.797196e-015	9.832938e-015	0.000000e+000	3.926027e-005	-3.926027e-005	3.926027e-005	1.132939e-005	-4.999207e-005	4.999207e-005	1.062548e-014	-1.156584e-014	5.058966e-005
1.104243778455178e-003	-7.000494e-002	-6.999516e-002	-5.000000e+000	-2.500396e+000	-2.499604e+000	-2.500004e+000	-2.499996e+000	-2.499999e+000	-2.500001e+000	-2.570001e+000	-2.569999e+000	0.000000e+000	0.000000e+000	-5.259092e-007	5.259092e-007	-9.783112e-015	9.819213e-015	0.000000e+000	3.920465e-005	-3.920465e-005	3.920465e-005	1.131334e-005	-4.999208e-005	4.999208e-005	1.164275e-014	-1.169495e-014	5.051799e-005
1.105243778455178e-003	-7.000279e-002	-6.999731e-002	-5.000000e+000	-2.500396e+000	-2.499604e+000	-2.500004e+000	-2.499996e+000	-2.500001e+000	-2.499999e+000	-2.569999e+000	-2.570001e+000	0.000000e+000	0.000000e+000	-4.628271e-007	4.628271e-007	-9.770696e-015	9.807155e-015	0.000000e+000	3.915570e-005	-3.915570e-005	3.915570e-005	1.129922e-005	-4.999209e-005	4.999209e-005	1.175978e-014	-1.092382e-014	5.045492e-005
1.106243778455178e-003	-7.000494e-002	-6.999516e-002	-5.000000e+000	-2.500395e+000	-2.499605e+000	-2.500004e+000	-2.499996e+000	-2.499999e+000	-2.500001e+000	-2.570001e+000	-2.569999e+000	2.273737e-013	-2.273737e-013	-4.073117e-007	4.073117e-007	-9.759747e-015	9.796565e-015	-2.273737e-013	3.911262e-005	-3.911262e-005	3.911262e-005	1.128679e-005	-4.999210e-005	4.999210e-005	1.149275e-014	-9.768633e-015	5.039941e-005
1.107243778455178e-003	-7.000279e-002	-6.999731e-002	-5.000000e+000	-2.500395e+000	-2.499605e+000	-2.500004e+000	-2.499996e+000	-2.500001e+000	-2.499999e+000	-2.569999e+000	-2.570001e+000	2.273737e-013	-2.273737e-013	-3.584553e-007	3.584553e-007	-9.750091e-015	9.787267e-015	-2.273737e-013	3.907472e-005	-3.907472e-005	3.907472e-005	1.127585e-005	-4.999211e-005	4.999211e-005	1.124266e-014	-9.074470e-015	5.035056e-005
1.108243778455178e-003	-7.000494e-002	-6.999516e-002	-5.000000e+000	-2.500394e+000	-2.499606e+000	-2.500004e+000	-2.499996e+000	-2.499999e+000	-2.500001e+000	-2.570001e+000	-2.569999e+000	0.000000e+000	0.000000e+000	-3.154591e-007	3.154591e-007	-9.741572e-015	9.779105e-015	0.000000e+000	3.904135e-005	-3.904136e-005	3.904136e-005	1.126622e-005	-4.999212e-005	4.999212e-005	1.086506e-014	-9.140960e-015	5.030757e-005
1.109243778455178e-003	-7.000279e-002	-6.999731e-002	-5.000000e+000	-2.500394e+000	-2.499606e+000	-2.500004e+000	-2.499996e+000	-2.500001e+000	-2.499999e+000	-2.569999e+000	-2.570001e+000	0.000000e+000	0.000000e+000	-2.776202e-007	2.776202e-007	-9.734052e-015	9.771945e-015	0.000000e+000	3.901199e-005	-3.901199e-005	3.901199e-005	1.125775e-005	-4.999212e-005	4.999212e-005	9.682183e-015	-8.846262e-015	5.026974e-005
1.110243778455178e-003	-7.000494e-002	-6.999516e-002	-5.000000e+000	-2.500394e+000	-2.499606e+000	-2.500004e+000	-2.499996e+000	-2.499999e+000	-2.500001e+000	-2.570001e+000	-2.569999e+000	0.000000e+000	0.000000e+000	-2.443201e-007	2.443201e-007	-9.727413e-015	9.765665e-015	0.000000e+000	3.898616e-005	-3.898616e-005	3.898616e-005	1.125029e-005	-4.999213e-005	4.999213e-005	9.158198e-015	-9.210472e-015	5.023645e-005
1.111243778455178e-003	-7.000279e-002	-6.999731e-002	-5.000000e+000	-2.500394e+000	-2.499606e+000	-2.500004e+000	-2.499996e+000	-2.500001e+000	-2.499999e+000	-2.569999e+000	-2.570001e+000	0.000000e+000	0.000000e+000	-2.150143e-007	2.150143e-007	-9.721550e-015	9.760159e-015	0.000000e+000	3.896342e-005	-3.896342e-005	3.896342e-005	1.124373e-005	-4.999213e-005	4.999213e-005	9.355941e-015	-9.852316e-015	5.020715e-005
1.112243778455178e-003	-7.000494e-002	-6.999516e-002	-5.000000e+000	-2.500393e+000	-2.499607e+000	-2.500004e+000	-2.499996e+000	-2.499999e+000	-2.500001e+000	-2.570001e+000	-2.569999e+000	0.000000e+000	0.000000e+000	-1.892236e-007	1.892236e-007	-9.716367e-015	9.755334e-015	0.000000e+000	3.894340e-005	-3.894340e-005	3.894340e-005	1.123795e-005	-4.999213e-005	4.999213e-005	8.945163e-015	-9.441546e-015	5.018136e-005
1.114243778455178e-003	-7.000494e-002	-6.999516e-002	-5.000000e+000	-2.500393e+000	-2.499607e+000	-2.500004e+000	-2.499996e+000	-2.499999e+000	-2.500001e+000	-2.570001e+000	-2.569999e+000	-2.273737e-013	2.273737e-013	-1.465519e-007	1.465519e-007	-9.707731e-015	9.747415e-015	2.273737e-013	3.891029e-005	-3.891029e-005	3.891029e-005	1.122840e-005	-4.999214e-005	4.999214e-005	1.004178e-014	-1.053819e-014	5.013869e-005
1.116243778455177e-003	-7.000494e-002	-6.999516e-002	-5.000000e+000	-2.500393e+000	-2.499607e+000	-2.500004e+000	-2.499996e+000	-2.499999e+000	-2.500001e+000	-2.570001e+000	-2.569999e+000	0.000000e+000	0.000000e+000	-1.135031e-007	1.135031e-007	-9.700962e-015	9.741363e-015	0.000000e+000	3.888465e-005	-3.888465e-005	3.888465e-005	1.122100e-005	-4.999214e-005	4.999214e-005	9.727873e-015	-1.022433e-014	5.010565e-005
1.118243778455177e-003	-7.000494e-002	-6.999516e-002	-5.000000e+000	-2.500392e+000	-2.499608e+000	-2.500004e+000	-2.499996e+000	-2.499999e+000	-2.500001e+000	-2.570001e+000	-2.569999e+000	0.000000e+000	0.000000e+000	-8.790705e-008	8.790706e-008	-9.695638e-015	9.736756e-015	0.000000e+000	3.886479e-005	-3.886479e-005	3.886479e-005	1.121527e-005	-4.999215e-005	4.999215e-005	1.091221e-014	-9.632344e-015	5.008006e-005
1.120243778455177e-003	-7.000494e-002	-6.999516e-002	-5.000000e+000	-2.500392e+000	-2.499608e+000	-2.500004e+000	-2.499996e+000	-2.499999e+000	-2.500001e+000	-2.570001e+000	-2.569999e+000	2.273737e-013	-2.273737e-013	-6.808319e-008	6.808319e-008	-9.691434e-015	9.733269e-015	-2.273737e-013	3.884940e-005	-3.884941e-005	3.884941e-005	1.121083e-005	-4.999215e-005	4.999215e-005	1.160700e-014	-1.165941e-014	5.006024e-005
1.123243778455177e-003	-7.000279e-002	-6.999731e-002	-5.000000e+000	-2.500392e+000	-2.499608e+000	-2.500004e+000	-2.499996e+000	-2.500001e+000	-2.499999e+000	-2.569999e+000	-2.570001e+000	0.000000e+000	0.000000e+000	-4.640493e-008	4.640493e-008	-9.686691e-015	9.729602e-015	0.000000e+000	3.883259e-005	-3.883259e-005	3.883259e-005	1.120598e-005	-4.999216e-005	4.999216e-005	9.143466e-015	-9.195880e-015	5.003856e-005
1.126243778455177e-003	-7.000494e-002	-6.999516e-002	-5.000000e+000	-2.500392e+000	-2.499608e+000	-2.500004e+000	-2.499996e+000	-2.499999e+000	-2.500001e+000	-2.570001e+000	-2.569999e+000	0.000000e+000	0.000000e+000	-3.162921e-008	3.162921e-008	-9.683287e-015	9.727274e-015	0.000000e+000	3.882112e-005	-3.882112e-005	3.882112e-005	1.120267e-005	-4.999216e-005	4.999216e-005	1.046688e-014	-1.007525e-014	5.002379e-005
1.128672349883748e-003	-7.000469e-002	-6.999553e-002	-5.000000e+000	-2.500392e+000	-2.499608e+000	-2.500004e+000	-2.499996e+000	-2.499999e+000	-2.500001e+000	-2.570001e+000	-2.569999e+000	7.224435e-014	-7.224435e-014	-2.418054e-008	2.418054e-008	-9.681409e-015	9.726262e-015	-2.498150e-014	3.881534e-005	-3.881534e-005	3.881534e-005	1.120100e-005	-4.999216e-005	4.999216e-005	1.067623e-014	-1.036929e-014	5.001634e-005
1.131100921312319e-003	-7.000442e-002	-6.999588e-002	-5.000000e+000	-2.500392e+000	-2.499608e+000	-2.500004e+000	-2.499996e+000	-2.500000e+000	-2.500000e+000	-2.570001e+000	-2.570000e+000	1.095799e-013	-1.095799e-013	-1.788020e-008	1.788020e-008	-9.679754e-015	9.725473e-015	-3.080852e-014	3.881045e-005	-3.881045e-005	3.881045e-005	1.119959e-005	-4.999216e-005	4.999216e-005	1.076845e-014	-1.049683e-014	5.001004e-005
1.133529492740890e-003	-7.000414e-002	-6.999620e-002	-5.000000e+000	-2.500392e+000	-2.499608e+000	-2.500004e+000	-2.499996e+000	-2.500000e+000	-2.500000e+000	-2.570000e+000	-2.570000e+000	1.120067e-013	-1.120067e-013	-1.272819e-008	1.272819e-008	-9.678322e-015	9.724906e-015	-1.748105e-014	3.880646e-005	-3.880645e-005	3.880645e-005	1.119843e-005	-4.999216e-005	4.999216e-005	1.074354e-014	-1.045787e-014	5.000489e-005
1.135958064169462e-003	-7.000383e-002	-6.999651e-002	-5.000000e+000	-2.500392e+000	-2.499608e+000	-2.500004e+000	-2.499996e+000	-2.500000e+000	-2.500000e+000	-2.570000e+000	-2.570000e+000	7.952478e-014	-7.952478e-014	-8.724520e-009	8.724521e-009	-9.677114e-015	9.724561e-015	1.500090e-014	3.880335e-005	-3.880335e-005	3.880335e-005	1.119754e-005	-4.999216e-005	4.999216e-005	1.060150e-014	-1.025241e-014	5.000089e-005
1.138386635598033e-003	-7.000350e-002	-6.999679e-002	-5.000000e+000	-2.500392e+000	-2.499608e+000	-2.500004e+000	-2.499996e+000	-2.500000e+000	-2.500000e+000	-2.570000e+000	-2.570001e+000	1.213406e-014	-1.213406e-014	-5.869182e-009	5.869183e-009	-9.676128e-015	9.724438e-015	6.663734e-014	3.880113e-005	-3.880113e-005	3.880113e-005	1.119690e-005	-4.999216e-005	4.999216e-005	1.034232e-014	-9.880458e-015	4.999803e-005
1.140815207026604e-003	-7.000316e-002	-6.999706e-002	-5.000000e+000	-2.500392e+000	-2.499608e+000	-2.500004e+000	-2.499996e+000	-2.500001e+000	-2.499999e+000	-2.569999e+000	-2.570001e+000	-9.016542e-014	9.016542e-014	-4.162177e-009	4.162178e-009	-9.675366e-015	9.724538e-015	1.374283e-013	3.879981e-005	-3.879981e-005	3.879981e-005	1.119652e-005	-4.999216e-005	4.999216e-005	9.966011e-015	-9.342006e-015	4.999633e-005
1.143243778455175e-003	-7.000279e-002	-6.999731e-002	-5.000000e+000	-2.500392e+000	-2.499608e+000	-2.500004e+000	-2.499996e+000	-2.500001e+000	-2.499999e+000	-2.569999e+000	-2.570001e+000	-2.273737e-013	2.273737e-013	-3.603505e-009	3.603507e-009	-9.674827e-015	9.724860e-015	2.273737e-013	3.879938e-005	-3.879938e-005	3.879938e-005	1.119639e-005	-4.999216e-005	4.999216e-005	9.472570e-015	-8.637056e-015	4.999577e-005
1.152243778455174e-003	-7.000316e-002	-6.999706e-002	-5.000000e+000	-2.500392e+000	-2.499608e+000	-2.500004e+000	-2.499996e+000	-2.500001e+000	-2.499999e+000	-2.569999e+000	-2.570001e+000	-1.379851e-013	1.379851e-013	-2.139026e-009	2.139027e-009	-9.672951e-015	9.726168e-015	1.379851e-013	3.879824e-005	-3.879824e-005	3.879824e-005	1.119606e-005	-4.999216e-005	4.999216e-005	9.714605e-015	-9.341624e-015	4.999430e-005
1.161243778455174e-003	-7.000350e-002	-6.999679e-002	-5.000000e+000	-2.500392e+000	-2.499608e+000	-2.500004e+000	-2.499996e+000	-2.500000e+000	-2.500000e+000	-2.570000e+000	-2.570001e+000	-6.756544e-014	6.756544e-014	-9.911659e-010	9.911671e-010	-9.671142e-015	9.727532e-015	6.756544e-014	3.879735e-005	-3.879735e-005	3.879735e-005	1.119581e-005	-4.999216e-005	4.999216e-005	9.929934e-015	-9.844195e-015	4.999315e-005
1.170243778455173e-003	-7.000383e-002	-6.999651e-002	-5.000000e+000	-2.500392e+000	-2.499608e+000	-2.500004e+000	-2.499996e+000	-2.500000e+000	-2.500000e+000	-2.570000e+000	-2.570000e+000	-1.611462e-014	1.611462e-014	-1.599247e-010	1.599258e-010	-9.669401e-015	9.728950e-015	1.611462e-014	3.879670e-005	-3.879670e-005	3.879670e-005	1.119562e-005	-4.999216e-005	4.999216e-005	1.011856e-014	-1.014477e-014	4.999232e-005
1.179243778455172e-003	-7.000414e-002	-6.999620e-002	-5.000000e+000	-2.500392e+000	-2.499608e+000	-2.500004e+000	-2.499996e+000	-2.500000e+000	-2.500000e+000	-2.570000e+000	-2.570000e+000	1.636733e-014	-1.636733e-014	3.546976e-010	-3.546965e-010	-9.667729e-015	9.730423e-015	-1.636733e-014	3.879630e-005	-3.879630e-005	3.879630e-005	1.119550e-005	-4.999216e-005	4.999216e-005	1.028047e-014	-1.024335e-014	4.999181e-005
1.188243778455171e-003	-7.000442e-002	-6.999588e-002	-5.000000e+000	-2.500392e+000	-2.499608e+000	-2.500004e+000	-2.499996e+000	-2.500000e+000	-2.500000e+000	-2.570001e+000	-2.570000e+000	2.988042e-014	-2.988042e-014	5.527009e-010	-5.526997e-010	-9.666125e-015	9.731950e-015	-2.988042e-014	3.879615e-005	-3.879615e-005	3.879615e-005	1.119546e-005	-4.999216e-005	4.999216e-005	1.041568e-014	-1.013993e-014	4.999161e-005
1.197243778455171e-003	-7.000469e-002	-6.999553e-002	-5.000000e+000	-2.500392e+000	-2.499608e+000	-2.500004e+000	-2.499996e+000	-2.499999e+000	-2.500001e+000	-2.570001e+000	-2.569999e+000	2.442464e-014	-2.442464e-014	4.340853e-010	-4.340838e-010	-9.664589e-015	9.733532e-015	-2.442464e-014	3.879624e-005	-3.879624e-005	3.879624e-005	1.119549e-005	-4.999216e-005	4.999216e-005	1.052419e-014	-9.834515e-015	4.999173e-005
1.206243778455170e-003	-7.000494e-002	-6.999516e-002	-5.000000e+000	-2.500392e+000	-2.499608e+000	-2.500004e+000	-2.499996e+000	-2.499999e+000	-2.500001e+000	-2.570001e+000	-2.569999e+000	0.000000e+000	0.000000e+000	-1.149303e-012	1.151079e-012	-9.663120e-015	9.735169e-015	0.000000e+000	3.879658e-005	-3.879658e-005	3.879658e-005	1.119558e-005	-4.999216e-005	4.999216e-005	1.060598e-014	-9.327104e-015	4.999217e-005
2.008243778455114e-003	-7.000494e-002	-6.999516e-002	-5.000000e+000	-2.500392e+000	-2.499608e+000	-2.500004e+000	-2.499996e+000	-2.499999e+000	-2.500001e+000	-2.570001e+000	-2.569999e+000	0.000000e+000	0.000000e+000	0.000000e+000	0.000000e+000	-9.546133e-015	9.852156e-015	0.000000e+000	3.879658e-005	-3.879658e-005	3.879658e-005	1.119558e-005	-4.999216e-005	4.999216e-005	9.716231e-015	-1.021900e-014	4.999216e-005
3.032243778455250e-003	-7.000494e-002	-6.999540e-002	-5.000000e+000	-2.500392e+000	-2.499608e+000	-2.500004e+000	-2.499996e+000	-2.499999e+000	-2.500001e+000	-2.570001e+000	-2.569999e+000	0.000000e+000	0.000000e+000	0.000000e+000	1.776357e-015	-9.443621e-015	9.954668e-015	0.000000e+000	3.879658e-005	-3.879658e-005	3.879658e-005	1.119558e-005	-4.999216e-005	4.999216e-005	1.060312e-014	-1.022028e-014	4.999216e-005
4.056243778455386e-003	-7.000494e-002	-6.999540e-002	-5.000000e+000	-2.500392e+000	-2.499608e+000	-2.500004e+000	-2.499996e+000	-2.499999e+000	-2.500001e+000	-2.570001e+000	-2.569999e+000	-2.273737e-013	2.273737e-013	0.000000e+000	0.000000e+000	-9.376859e-015	1.002143e-014	2.273737e-013	3.879658e-005	-3.879658e-005	3.879658e-005	1.119558e-005	-4.999216e-005	4.999216e-005	9.712164e-015	-9.334888e-015	4.999216e-005
4.999243778455511e-003	-7.000303e-002	-6.999731e-002	-5.000000e+000	-2.500392e+000	-2.499608e+000	-2.500004e+000	-2.499996e+000	-2.500001e+000	-2.499999e+000	-2.569999e+000	-2.570001e+000	-7.684281e-012	7.684281e-012	-7.705215e-014	7.858194e-014	-9.335957e-015	1.006232e-014	7.684281e-012	3.879657e-005	-3.879658e-005	3.879658e-005	1.119558e-005	-4.999216e-005	4.999216e-005	1.054906e-014	-1.045763e-014	4.999216e-005
5.000000000000000e-003	-7.000494e-002	-6.999540e-002	-5.000000e+000	-2.500392e+000	-2.499608e+000	-2.500004e+000	-2.499996e+000	-2.499999e+000	-2.500001e+000	-2.570001e+000	-2.569999e+000	-3.137757e-011	3.137757e-011	-3.126388e-013	3.126388e-013	-9.335945e-015	1.006231e-014	3.137757e-011	3.879655e-005	-3.879658e-005	3.879658e-005	1.119558e-005	-4.999216e-005	4.999216e-005	1.019877e-014	-1.031750e-014	4.999216e-005
