time	V(N008,N005)	V(N009,N004)	V(n001)	V(n002)	V(n003)	V(n004)	V(n005)	V(n006)	V(n007)	V(n008)	V(n009)	I(C1)	I(C2)	I(C3)	I(C4)	I(R1)	I(R2)	I(R3)	I(R4)	I(R5)	I(R6)	I(R7)	I(R8)	I(R9)	I(V1)	I(V2)	I(V3)
0.000000000000000e+000	-7.000000e-002	-7.000000e-002	0.000000e+000	-2.100000e-020	-2.100000e-020	-2.102100e-020	-2.102100e-020	-2.102100e-020	-2.102100e-020	-7.000000e-002	-7.000000e-002	4.200000e-025	4.200000e-025	2.100000e-038	2.100000e-038	-4.579483e-038	-4.579482e-038	0.000000e+000	3.009266e-036	4.200000e-025	4.200000e-025	4.298951e-038	4.200000e-025	4.200000e-025	-1.261169e-043	-1.261169e-043	-4.200000e-025
1.000000000000000e-003	-7.000000e-002	-7.000000e-002	0.000000e+000	2.946450e-016	2.946450e-016	3.047882e-016	3.047882e-016	3.810810e-011	3.810810e-011	-7.000000e-002	-7.000000e-002	-1.077849e-019	-1.077849e-019	-1.969715e-019	-1.969715e-019	-9.526947e-020	-9.526947e-020	0.000000e+000	0.000000e+000	-2.028644e-019	-2.028644e-019	-2.253888e-032	-5.892899e-021	-5.892899e-021	9.526947e-020	9.526947e-020	2.028644e-019
1.000000100000000e-003	-7.187536e-002	-6.812465e-002	-5.000000e-001	-4.999984e-001	-1.612557e-006	-2.524338e-001	-2.475662e-001	-2.505584e-001	-2.494415e-001	-3.194416e-001	-3.205585e-001	-8.369087e-005	8.369087e-005	-1.209410e-002	1.209410e-002	-5.038366e-012	5.038365e-012	8.369087e-005	4.867601e-003	-4.951292e-003	4.951292e-003	7.142811e-003	-3.225114e-011	3.225114e-011	5.038359e-012	-5.038369e-012	1.209410e-002
1.000000300000000e-003	-7.651716e-002	-6.348282e-002	-1.500000e+000	-1.499993e+000	-6.967775e-006	-7.573525e-001	-7.426475e-001	-7.508354e-001	-7.491646e-001	-8.191646e-001	-8.208354e-001	-1.477507e-004	1.477507e-004	-3.628118e-002	3.628118e-002	-1.653444e-011	1.653444e-011	1.477507e-004	1.470506e-002	-1.485281e-002	1.485281e-002	2.142837e-002	-1.393555e-010	1.393555e-010	1.653442e-011	-1.653446e-011	3.628118e-002
1.000000452275298e-003	-8.041465e-002	-5.958545e-002	-2.261376e+000	-2.261363e+000	-1.367114e-005	-1.141809e+000	-1.119568e+000	-1.131394e+000	-1.129982e+000	-1.199982e+000	-1.201394e+000	-1.501924e-004	1.501924e-004	-5.469607e-002	5.469607e-002	-2.592371e-011	2.592371e-011	1.501924e-004	2.224089e-002	-2.239108e-002	2.239108e-002	3.230499e-002	-2.734229e-010	2.734229e-010	2.592369e-011	-2.592373e-011	5.469607e-002
1.000000603744237e-003	-8.411407e-002	-5.588591e-002	-3.018721e+000	-3.018697e+000	-2.403306e-005	-1.524232e+000	-1.494490e+000	-1.510118e+000	-1.508604e+000	-1.578604e+000	-1.580118e+000	-1.471979e-004	1.471979e-004	-7.301322e-002	7.301322e-002	-3.533767e-011	3.533767e-011	1.471979e-004	2.974211e-002	-2.988931e-002	2.988931e-002	4.312390e-002	-4.806613e-010	4.806613e-010	3.533764e-011	-3.533770e-011	7.301322e-002
1.000000906682115e-003	-9.163570e-002	-4.836440e-002	-4.533411e+000	-4.533360e+000	-5.116788e-005	-2.289074e+000	-2.244336e+000	-2.267439e+000	-2.265972e+000	-2.335972e+000	-2.337439e+000	-1.480426e-004	1.480426e-004	-1.096473e-001	1.096473e-001	-5.407155e-011	5.407155e-011	1.480427e-004	4.473766e-002	-4.488571e-002	4.488571e-002	6.476155e-002	-1.023358e-009	1.023358e-009	5.407156e-011	-5.407153e-011	1.096473e-001
1.000001000000000e-003	-9.393406e-002	-4.606581e-002	-5.000000e+000	-4.999939e+000	-6.107182e-005	-2.524678e+000	-2.475322e+000	-2.500744e+000	-2.499256e+000	-2.569256e+000	-2.570744e+000	-1.488270e-004	1.488270e-004	-1.209320e-001	1.209320e-001	-5.983514e-011	5.983514e-011	1.488271e-004	4.935639e-002	-4.950522e-002	4.950522e-002	7.142682e-002	-1.221436e-009	1.221436e-009	5.983519e-011	-5.983497e-011	1.209320e-001
1.000001017767486e-003	-9.421730e-002	-4.578257e-002	-5.000000e+000	-4.999937e+000	-6.322047e-005	-2.524701e+000	-2.475299e+000	-2.500484e+000	-2.499516e+000	-2.569516e+000	-2.570483e+000	-1.027916e-004	1.027916e-004	-1.209315e-001	1.209315e-001	-6.046751e-011	6.046751e-011	1.027917e-004	4.940192e-002	-4.950472e-002	4.950472e-002	7.142676e-002	-1.264409e-009	1.264409e-009	6.046754e-011	-6.046739e-011	1.209315e-001
1.000001053302458e-003	-9.458399e-002	-4.541612e-002	-5.000000e+000	-4.999932e+000	-6.751774e-005	-2.524729e+000	-2.475271e+000	-2.500145e+000	-2.499855e+000	-2.569855e+000	-2.570145e+000	-4.653995e-005	4.653995e-005	-1.209307e-001	1.209307e-001	-6.124017e-011	6.124017e-011	4.654001e-005	4.945754e-002	-4.950408e-002	4.950408e-002	7.142664e-002	-1.350355e-009	1.350355e-009	6.124016e-011	-6.124005e-011	1.209307e-001
1.000001124372401e-003	-9.475279e-002	-4.524708e-002	-5.000000e+000	-4.999924e+000	-7.611224e-005	-2.524747e+000	-2.475253e+000	-2.499995e+000	-2.500005e+000	-2.570005e+000	-2.569994e+000	-8.627730e-006	8.627730e-006	-1.209299e-001	1.209299e-001	-6.176078e-011	6.176078e-011	8.627792e-006	4.949490e-002	-4.950353e-002	4.950353e-002	7.142640e-002	-1.522245e-009	1.522245e-009	6.176074e-011	-6.176066e-011	1.209299e-001
1.000001245024353e-003	-9.475017e-002	-4.524994e-002	-5.000000e+000	-4.999909e+000	-9.070260e-005	-2.524752e+000	-2.475248e+000	-2.500002e+000	-2.499998e+000	-2.569999e+000	-2.570002e+000	1.501131e-007	-1.501131e-007	-1.209291e-001	1.209291e-001	-6.188101e-011	6.188101e-011	-1.500512e-007	4.950330e-002	-4.950315e-002	4.950315e-002	7.142598e-002	-1.814052e-009	1.814052e-009	6.188094e-011	-6.188095e-011	1.209291e-001
1.000001371447493e-003	-9.475207e-002	-4.524803e-002	-5.000000e+000	-4.999894e+000	-1.059908e-004	-2.524751e+000	-2.475249e+000	-2.500000e+000	-2.500000e+000	-2.570001e+000	-2.569999e+000	-5.861682e-008	5.861682e-008	-1.209284e-001	1.209284e-001	-6.187776e-011	6.187776e-011	5.867870e-008	4.950279e-002	-4.950285e-002	4.950285e-002	7.142554e-002	-2.119815e-009	2.119815e-009	6.187768e-011	-6.187776e-011	1.209284e-001
1.000001624293773e-003	-9.475088e-002	-4.524899e-002	-5.000000e+000	-4.999864e+000	-1.365667e-004	-2.524751e+000	-2.475249e+000	-2.500000e+000	-2.500000e+000	-2.570000e+000	-2.570000e+000	1.872152e-008	-1.872152e-008	-1.209269e-001	1.209269e-001	-6.187807e-011	6.187807e-011	-1.865964e-008	4.950226e-002	-4.950225e-002	4.950225e-002	7.142467e-002	-2.731335e-009	2.731335e-009	6.187804e-011	-6.187811e-011	1.209269e-001
1.000002129986334e-003	-9.475064e-002	-4.524922e-002	-5.000000e+000	-4.999802e+000	-1.977173e-004	-2.524750e+000	-2.475250e+000	-2.500000e+000	-2.500000e+000	-2.570000e+000	-2.570000e+000	3.594286e-009	-3.594286e-009	-1.209240e-001	1.209240e-001	-6.187634e-011	6.187634e-011	-3.532409e-009	4.950104e-002	-4.950104e-002	4.950104e-002	7.142292e-002	-3.954345e-009	3.954345e-009	6.187638e-011	-6.187638e-011	1.209240e-001
1.000003141371456e-003	-9.474921e-002	-4.525089e-002	-5.000000e+000	-4.999680e+000	-3.200127e-004	-2.524749e+000	-2.475251e+000	-2.500000e+000	-2.500000e+000	-2.570000e+000	-2.570000e+000	8.607464e-009	-8.607464e-009	-1.209180e-001	1.209180e-001	-6.187338e-011	6.187338e-011	-8.545590e-009	4.949862e-002	-4.949861e-002	4.949861e-002	7.141943e-002	-6.400255e-009	6.400255e-009	6.187340e-011	-6.187339e-011	1.209180e-001
1.000005164141700e-003	-9.474707e-002	-4.525280e-002	-5.000000e+000	-4.999435e+000	-5.645812e-004	-2.524747e+000	-2.475253e+000	-2.500000e+000	-2.500000e+000	-2.570000e+000	-2.570000e+000	6.547605e-009	-6.547605e-009	-1.209062e-001	1.209062e-001	-6.186730e-011	6.186730e-011	-6.485738e-009	4.949378e-002	-4.949377e-002	4.949377e-002	7.141244e-002	-1.129162e-008	1.129162e-008	6.186732e-011	-6.186732e-011	1.209062e-001
1.000152537402342e-003	-9.457137e-002	-4.542861e-002	-5.000000e+000	-4.981701e+000	-1.829867e-002	-2.524571e+000	-2.475429e+000	-2.500000e+000	-2.500000e+000	-2.570000e+000	-2.570000e+000	6.901428e-009	-6.901428e-009	-1.200480e-001	1.200480e-001	-6.142835e-011	6.142835e-011	-6.840000e-009	4.914261e-002	-4.914260e-002	4.914260e-002	7.090575e-002	-3.659735e-007	3.659735e-007	6.142836e-011	-6.142836e-011	1.200484e-001
1.000299910662984e-003	-9.439721e-002	-4.560285e-002	-5.000000e+000	-4.964119e+000	-3.588127e-002	-2.524397e+000	-2.475603e+000	-2.500000e+000	-2.500000e+000	-2.570000e+000	-2.570000e+000	7.150886e-009	-7.150886e-009	-1.191971e-001	1.191971e-001	-6.099314e-011	6.099314e-011	-7.089893e-009	4.879444e-002	-4.879443e-002	4.879443e-002	7.040339e-002	-7.176254e-007	7.176254e-007	6.099315e-011	-6.099315e-011	1.191978e-001
1.000447283923625e-003	-9.422459e-002	-4.577551e-002	-5.000000e+000	-4.946688e+000	-5.331237e-002	-2.524225e+000	-2.475775e+000	-2.500000e+000	-2.500000e+000	-2.570000e+000	-2.570000e+000	7.295978e-009	-7.295978e-009	-1.183536e-001	1.183536e-001	-6.056168e-011	6.056168e-011	-7.235416e-009	4.844927e-002	-4.844926e-002	4.844926e-002	6.990536e-002	-1.066247e-006	1.066247e-006	6.056169e-011	-6.056168e-011	1.183546e-001
1.000594657184267e-003	-9.405351e-002	-4.594659e-002	-5.000000e+000	-4.929408e+000	-7.059197e-002	-2.524054e+000	-2.475946e+000	-2.500000e+000	-2.500000e+000	-2.570000e+000	-2.570000e+000	7.336705e-009	-7.336705e-009	-1.175173e-001	1.175173e-001	-6.013396e-011	6.013396e-011	-7.276570e-009	4.810710e-002	-4.810709e-002	4.810709e-002	6.941166e-002	-1.411840e-006	1.411840e-006	6.013397e-011	-6.013397e-011	1.175187e-001
1.000742030444909e-003	-9.388397e-002	-4.611609e-002	-5.000000e+000	-4.912280e+000	-8.772008e-002	-2.523884e+000	-2.476116e+000	-2.500000e+000	-2.500000e+000	-2.570000e+000	-2.570000e+000	7.273065e-009	-7.273065e-009	-1.166885e-001	1.166885e-001	-5.971000e-011	5.971000e-011	-7.213355e-009	4.776793e-002	-4.776792e-002	4.776792e-002	6.892228e-002	-1.754402e-006	1.754402e-006	5.971000e-011	-5.971000e-011	1.166902e-001
1.000889403705550e-003	-9.371596e-002	-4.628402e-002	-5.000000e+000	-4.895303e+000	-1.046967e-001	-2.523716e+000	-2.476284e+000	-2.500000e+000	-2.500000e+000	-2.570000e+000	-2.570000e+000	7.105060e-009	-7.105060e-009	-1.158669e-001	1.158669e-001	-5.928978e-011	5.928978e-011	-7.045770e-009	4.743176e-002	-4.743175e-002	4.743175e-002	6.843723e-002	-2.093934e-006	2.093934e-006	5.928978e-011	-5.928979e-011	1.158690e-001
1.001036776966192e-003	-9.354949e-002	-4.645038e-002	-5.000000e+000	-4.878478e+000	-1.215218e-001	-2.523549e+000	-2.476451e+000	-2.500000e+000	-2.500000e+000	-2.570000e+000	-2.570000e+000	6.832688e-009	-6.832688e-009	-1.150527e-001	1.150527e-001	-5.887332e-011	5.887332e-011	-6.773816e-009	4.709858e-002	-4.709858e-002	4.709858e-002	6.795651e-002	-2.430436e-006	2.430436e-006	5.887331e-011	-5.887332e-011	1.150551e-001
1.002036776966192e-003	-9.244347e-002	-4.755664e-002	-5.000000e+000	-4.766791e+000	-2.332086e-001	-2.522444e+000	-2.477556e+000	-2.500000e+000	-2.500000e+000	-2.570000e+000	-2.570000e+000	6.513739e-009	-6.513739e-009	-1.096478e-001	1.096478e-001	-5.610879e-011	5.610879e-011	-6.457631e-009	4.488697e-002	-4.488696e-002	4.488696e-002	6.476547e-002	-4.664172e-006	4.664172e-006	5.610878e-011	-5.610874e-011	1.096524e-001
1.003036776966192e-003	-9.138370e-002	-4.861617e-002	-5.000000e+000	-4.659734e+000	-3.402659e-001	-2.521384e+000	-2.478616e+000	-2.500000e+000	-2.500000e+000	-2.570000e+000	-2.570000e+000	6.205964e-009	-6.205964e-009	-1.044669e-001	1.044669e-001	-5.345885e-011	5.345885e-011	-6.152505e-009	4.276702e-002	-4.276701e-002	4.276701e-002	6.170669e-002	-6.805319e-006	6.805319e-006	5.345887e-011	-5.345881e-011	1.044737e-001
1.004036776966192e-003	-9.037352e-002	-4.962659e-002	-5.000000e+000	-4.557735e+000	-4.422648e-001	-2.520374e+000	-2.479626e+000	-2.500000e+000	-2.500000e+000	-2.570000e+000	-2.570000e+000	5.912732e-009	-5.912732e-009	-9.953082e-002	9.953082e-002	-5.093412e-011	5.093412e-011	-5.861797e-009	4.074724e-002	-4.074723e-002	4.074723e-002	5.879243e-002	-8.845296e-006	8.845296e-006	5.093417e-011	-5.093412e-011	9.953967e-002
1.005036776966191e-003	-8.941174e-002	-5.058813e-002	-5.000000e+000	-4.460556e+000	-5.394442e-001	-2.519412e+000	-2.480588e+000	-2.500000e+000	-2.500000e+000	-2.570000e+000	-2.570000e+000	5.633354e-009	-5.633354e-009	-9.482798e-002	9.482798e-002	-4.852869e-011	4.852869e-011	-5.584825e-009	3.882289e-002	-3.882289e-002	3.882289e-002	5.601588e-002	-1.078888e-005	1.078888e-005	4.852872e-011	-4.852868e-011	9.483877e-002
1.006036776966191e-003	-8.849454e-002	-5.150557e-002	-5.000000e+000	-4.367968e+000	-6.320319e-001	-2.518495e+000	-2.481505e+000	-2.500000e+000	-2.500000e+000	-2.570000e+000	-2.570000e+000	5.367178e-009	-5.367178e-009	-9.034735e-002	9.034735e-002	-4.623691e-011	4.623691e-011	-5.320940e-009	3.698947e-002	-3.698947e-002	3.698947e-002	5.337052e-002	-1.264064e-005	1.264064e-005	4.623690e-011	-4.623689e-011	9.035999e-002
1.007036776966191e-003	-8.762145e-002	-5.237842e-002	-5.000000e+000	-4.279755e+000	-7.202447e-001	-2.517621e+000	-2.482379e+000	-2.500000e+000	-2.500000e+000	-2.570000e+000	-2.570000e+000	5.113578e-009	-5.113578e-009	-8.607842e-002	8.607842e-002	-4.405342e-011	4.405342e-011	-5.069523e-009	3.524268e-002	-3.524268e-002	3.524268e-002	5.085015e-002	-1.440490e-005	1.440490e-005	4.405340e-011	-4.405340e-011	8.609283e-002
1.009036776966191e-003	-8.599663e-002	-5.400324e-002	-5.000000e+000	-4.115637e+000	-8.843632e-001	-2.515996e+000	-2.484004e+000	-2.500000e+000	-2.500000e+000	-2.570000e+000	-2.570000e+000	4.641761e-009	-4.641761e-009	-7.813617e-002	7.813617e-002	-3.999107e-011	3.999107e-011	-4.601769e-009	3.199281e-002	-3.199281e-002	3.199281e-002	4.616105e-002	-1.768727e-005	1.768727e-005	3.999108e-011	-3.999107e-011	7.815386e-002
1.011036776966191e-003	-8.452153e-002	-5.547833e-002	-5.000000e+000	-3.966661e+000	-1.033339e+000	-2.514521e+000	-2.485479e+000	-2.500000e+000	-2.500000e+000	-2.570000e+000	-2.570000e+000	4.213477e-009	-4.213477e-009	-7.092673e-002	7.092673e-002	-3.630355e-011	3.630355e-011	-4.177172e-009	2.904280e-002	-2.904279e-002	2.904279e-002	4.190460e-002	-2.066678e-005	2.066678e-005	3.630359e-011	-3.630360e-011	7.094739e-002
1.013036776966191e-003	-8.318257e-002	-5.681729e-002	-5.000000e+000	-3.831431e+000	-1.168569e+000	-2.513182e+000	-2.486818e+000	-2.500000e+000	-2.500000e+000	-2.570000e+000	-2.570000e+000	3.824709e-009	-3.824709e-009	-6.438249e-002	6.438249e-002	-3.295627e-011	3.295627e-011	-3.791751e-009	2.636497e-002	-2.636497e-002	2.636497e-002	3.804089e-002	-2.337138e-005	2.337138e-005	3.295632e-011	-3.295628e-011	6.440586e-002
1.016036776966191e-003	-8.140206e-002	-5.859804e-002	-5.000000e+000	-3.651617e+000	-1.348383e+000	-2.511402e+000	-2.488598e+000	-2.500000e+000	-2.500000e+000	-2.570000e+000	-2.570000e+000	3.307769e-009	-3.307767e-009	-5.568067e-002	5.568067e-002	-2.850542e-011	2.850542e-011	-3.279263e-009	2.280430e-002	-2.280430e-002	2.280430e-002	3.290334e-002	-2.696766e-005	2.696766e-005	2.850545e-011	-2.850542e-011	5.570764e-002
1.019036776966190e-003	-7.986259e-002	-6.013727e-002	-5.000000e+000	-3.496106e+000	-1.503894e+000	-2.509862e+000	-2.490138e+000	-2.500000e+000	-2.500000e+000	-2.570000e+000	-2.570000e+000	2.860697e-009	-2.860697e-009	-4.815498e-002	4.815498e-002	-2.465613e-011	2.465613e-011	-2.836040e-009	1.972488e-002	-1.972488e-002	1.972488e-002	2.846018e-002	-3.007787e-005	3.007787e-005	2.465614e-011	-2.465610e-011	4.818505e-002
1.022036776966190e-003	-7.853079e-002	-6.146932e-002	-5.000000e+000	-3.361614e+000	-1.638386e+000	-2.508531e+000	-2.491469e+000	-2.500000e+000	-2.500000e+000	-2.570000e+000	-2.570000e+000	2.474049e-009	-2.474049e-009	-4.164644e-002	4.164644e-002	-2.132711e-011	2.132711e-011	-2.452722e-009	1.706167e-002	-1.706167e-002	1.706167e-002	2.461755e-002	-3.276772e-005	3.276772e-005	2.132713e-011	-2.132711e-011	4.167921e-002
1.025036776966190e-003	-7.737947e-002	-6.262064e-002	-5.000000e+000	-3.245300e+000	-1.754700e+000	-2.507379e+000	-2.492621e+000	-2.500000e+000	-2.500000e+000	-2.570000e+000	-2.570000e+000	2.139661e-009	-2.139661e-009	-3.601759e-002	3.601759e-002	-1.844804e-011	1.844804e-011	-2.121214e-009	1.475841e-002	-1.475841e-002	1.475841e-002	2.129427e-002	-3.509401e-005	3.509401e-005	1.844806e-011	-1.844806e-011	3.605268e-002
1.028036776966190e-003	-7.638311e-002	-6.361699e-002	-5.000000e+000	-3.144706e+000	-1.855294e+000	-2.506383e+000	-2.493617e+000	-2.500000e+000	-2.500000e+000	-2.570000e+000	-2.570000e+000	1.850470e-009	-1.850470e-009	-3.114952e-002	3.114952e-002	-1.595809e-011	1.595809e-011	-1.834511e-009	1.276646e-002	-1.276645e-002	1.276645e-002	1.842017e-002	-3.710588e-005	3.710588e-005	1.595810e-011	-1.595812e-011	3.118663e-002
1.031036776966189e-003	-7.552195e-002	-6.447816e-002	-5.000000e+000	-3.057708e+000	-1.942292e+000	-2.505522e+000	-2.494478e+000	-2.500000e+000	-2.500000e+000	-2.570000e+000	-2.570000e+000	1.600363e-009	-1.600363e-009	-2.693941e-002	2.693941e-002	-1.380468e-011	1.380468e-011	-1.586559e-009	1.104373e-002	-1.104373e-002	1.104373e-002	1.593452e-002	-3.884583e-005	3.884583e-005	1.380470e-011	-1.380468e-011	2.697825e-002
1.034036776966189e-003	-7.477689e-002	-6.522322e-002	-5.000000e+000	-2.982469e+000	-2.017531e+000	-2.504777e+000	-2.495223e+000	-2.500000e+000	-2.500000e+000	-2.570000e+000	-2.570000e+000	1.384062e-009	-1.384062e-009	-2.329833e-002	2.329833e-002	-1.194233e-011	1.194233e-011	-1.372119e-009	9.553847e-003	-9.553846e-003	9.553846e-003	1.378484e-002	-4.035061e-005	4.035061e-005	1.194231e-011	-1.194232e-011	2.333868e-002
1.037036776966189e-003	-7.413292e-002	-6.586719e-002	-5.000000e+000	-2.917399e+000	-2.082601e+000	-2.504133e+000	-2.495867e+000	-2.500000e+000	-2.500000e+000	-2.570000e+000	-2.570000e+000	1.196994e-009	-1.196994e-009	-2.014937e-002	2.014937e-002	-1.033168e-011	1.033168e-011	-1.186662e-009	8.265332e-003	-8.265331e-003	8.265331e-003	1.192569e-002	-4.165202e-005	4.165202e-005	1.033169e-011	-1.033165e-011	2.019102e-002
1.040036776966189e-003	-7.357550e-002	-6.642461e-002	-5.000000e+000	-2.861124e+000	-2.138876e+000	-2.503576e+000	-2.496424e+000	-2.500000e+000	-2.500000e+000	-2.570000e+000	-2.570000e+000	1.035210e-009	-1.035210e-009	-1.742602e-002	1.742602e-002	-8.938726e-012	8.938726e-012	-1.026272e-009	7.150971e-003	-7.150970e-003	7.150970e-003	1.031783e-002	-4.277752e-005	4.277752e-005	8.938720e-012	-8.938730e-012	1.746880e-002
1.043036776966188e-003	-7.309389e-002	-6.690621e-002	-5.000000e+000	-2.812455e+000	-2.187545e+000	-2.503094e+000	-2.496906e+000	-2.500000e+000	-2.500000e+000	-2.570000e+000	-2.570000e+000	8.952927e-010	-8.952927e-010	-1.507075e-002	1.507075e-002	-7.734042e-012	7.734042e-012	-8.875585e-010	6.187224e-003	-6.187224e-003	6.187224e-003	8.927280e-003	-4.375090e-005	4.375090e-005	7.734045e-012	-7.734056e-012	1.511450e-002
1.046036776966188e-003	-7.267690e-002	-6.732321e-002	-5.000000e+000	-2.770364e+000	-2.229636e+000	-2.502677e+000	-2.497323e+000	-2.500000e+000	-2.500000e+000	-2.570000e+000	-2.570000e+000	7.742882e-010	-7.742882e-010	-1.303382e-002	1.303382e-002	-6.692180e-012	6.692180e-012	-7.675949e-010	5.353736e-003	-5.353736e-003	5.353736e-003	7.724675e-003	-4.459273e-005	4.459273e-005	6.692184e-012	-6.692140e-012	1.307841e-002
1.049036776966188e-003	-7.231665e-002	-6.768346e-002	-5.000000e+000	-2.733961e+000	-2.266039e+000	-2.502316e+000	-2.497684e+000	-2.500000e+000	-2.500000e+000	-2.570000e+000	-2.570000e+000	6.696368e-010	-6.696368e-010	-1.127219e-002	1.127219e-002	-5.791134e-012	5.791134e-012	-6.638441e-010	4.632901e-003	-4.632900e-003	4.632900e-003	6.684612e-003	-4.532077e-005	4.532077e-005	5.791160e-012	-5.791130e-012	1.131751e-002
1.052036776966188e-003	-7.200480e-002	-6.799531e-002	-5.000000e+000	-2.702479e+000	-2.297521e+000	-2.502005e+000	-2.497995e+000	-2.500000e+000	-2.500000e+000	-2.570000e+000	-2.570000e+000	5.791287e-010	-5.791287e-010	-9.748664e-003	9.748664e-003	-5.011872e-012	5.011872e-012	-5.741185e-010	4.009492e-003	-4.009491e-003	4.009491e-003	5.785123e-003	-4.595042e-005	4.595042e-005	5.011881e-012	-5.011829e-012	9.794614e-003
1.055036776966187e-003	-7.173538e-002	-6.826472e-002	-5.000000e+000	-2.675252e+000	-2.324748e+000	-2.501735e+000	-2.498265e+000	-2.500000e+000	-2.500000e+000	-2.570000e+000	-2.570000e+000	5.008554e-010	-5.008554e-010	-8.431053e-003	8.431053e-003	-4.337933e-012	4.337934e-012	-4.965175e-010	3.470342e-003	-3.470341e-003	3.470341e-003	5.007206e-003	-4.649496e-005	4.649496e-005	4.337974e-012	-4.337930e-012	8.477548e-003
1.058036776966187e-003	-7.150197e-002	-6.849813e-002	-5.000000e+000	-2.651705e+000	-2.348295e+000	-2.501502e+000	-2.498498e+000	-2.500000e+000	-2.500000e+000	-2.570000e+000	-2.570000e+000	4.331611e-010	-4.331611e-010	-7.291528e-003	7.291528e-003	-3.755083e-012	3.755083e-012	-4.294050e-010	3.004062e-003	-3.004062e-003	3.004062e-003	4.334432e-003	-4.696590e-005	4.696590e-005	3.755119e-012	-3.755095e-012	7.338494e-003
1.061036776966187e-003	-7.130051e-002	-6.869960e-002	-5.000000e+000	-2.631341e+000	-2.368659e+000	-2.501300e+000	-2.498700e+000	-2.500000e+000	-2.500000e+000	-2.570000e+000	-2.570000e+000	3.746150e-010	-3.746150e-010	-6.306019e-003	6.306019e-003	-3.251009e-012	3.251010e-012	-3.713634e-010	2.600804e-003	-2.600804e-003	2.600804e-003	3.752588e-003	-4.737319e-005	4.737319e-005	3.251035e-012	-3.251019e-012	6.353392e-003
1.064036776966187e-003	-7.112598e-002	-6.887412e-002	-5.000000e+000	-2.613729e+000	-2.386271e+000	-2.501126e+000	-2.498874e+000	-2.500000e+000	-2.500000e+000	-2.570000e+000	-2.570000e+000	3.239826e-010	-3.239826e-010	-5.453709e-003	5.453709e-003	-2.815066e-012	2.815066e-012	-3.211689e-010	2.252050e-003	-2.252049e-003	2.252049e-003	3.249385e-003	-4.772543e-005	4.772543e-005	2.815096e-012	-2.815080e-012	5.501435e-003
1.067036776966186e-003	-7.097530e-002	-6.902480e-002	-5.000000e+000	-2.598497e+000	-2.401503e+000	-2.500975e+000	-2.499025e+000	-2.500000e+000	-2.500000e+000	-2.570000e+000	-2.570000e+000	2.801945e-010	-2.801945e-010	-4.716596e-003	4.716596e-003	-2.438043e-012	2.438044e-012	-2.777565e-010	1.950432e-003	-1.950432e-003	1.950432e-003	2.814194e-003	-4.803006e-005	4.803006e-005	2.438056e-012	-2.438054e-012	4.764626e-003
1.070036776966186e-003	-7.084465e-002	-6.915545e-002	-5.000000e+000	-2.585324e+000	-2.414676e+000	-2.500845e+000	-2.499155e+000	-2.500000e+000	-2.500000e+000	-2.570000e+000	-2.570000e+000	2.423235e-010	-2.423235e-010	-4.079110e-003	4.079110e-003	-2.111979e-012	2.111979e-012	-2.402114e-010	1.689581e-003	-1.689580e-003	1.689580e-003	2.437823e-003	-4.829352e-005	4.829352e-005	2.111974e-012	-2.111945e-012	4.127404e-003
1.073036776966186e-003	-7.073212e-002	-6.926799e-002	-5.000000e+000	-2.573931e+000	-2.426069e+000	-2.500732e+000	-2.499268e+000	-2.500000e+000	-2.500000e+000	-2.570000e+000	-2.570000e+000	2.095719e-010	-2.095719e-010	-3.527785e-003	3.527785e-003	-1.829984e-012	1.829985e-012	-2.077423e-010	1.463985e-003	-1.463985e-003	1.463985e-003	2.112322e-003	-4.852137e-005	4.852137e-005	1.830016e-012	-1.829986e-012	3.576307e-003
1.076036776966185e-003	-7.063437e-002	-6.936574e-002	-5.000000e+000	-2.564079e+000	-2.435921e+000	-2.500634e+000	-2.499366e+000	-2.500000e+000	-2.500000e+000	-2.570000e+000	-2.570000e+000	1.812461e-010	-1.812461e-010	-3.050976e-003	3.050976e-003	-1.586103e-012	1.586104e-012	-1.796607e-010	1.268881e-003	-1.268881e-003	1.268881e-003	1.830814e-003	-4.871843e-005	4.871843e-005	1.586097e-012	-1.586046e-012	3.099695e-003
1.079036776966185e-003	-7.055020e-002	-6.944990e-002	-5.000000e+000	-2.555557e+000	-2.444443e+000	-2.500550e+000	-2.499450e+000	-2.500000e+000	-2.500000e+000	-2.570000e+000	-2.570000e+000	1.567493e-010	-1.567493e-010	-2.638612e-003	2.638612e-003	-1.375185e-012	1.375186e-012	-1.553744e-010	1.100147e-003	-1.100147e-003	1.100147e-003	1.587354e-003	-4.888885e-005	4.888885e-005	1.375186e-012	-1.375128e-012	2.687501e-003
1.082036776966185e-003	-7.047701e-002	-6.952310e-002	-5.000000e+000	-2.548188e+000	-2.451812e+000	-2.500477e+000	-2.499523e+000	-2.500000e+000	-2.500000e+000	-2.570000e+000	-2.570000e+000	1.355627e-010	-1.355627e-010	-2.281982e-003	2.281982e-003	-1.192774e-012	1.192775e-012	-1.343707e-010	9.542183e-004	-9.542182e-004	9.542182e-004	1.376800e-003	-4.903624e-005	4.903624e-005	1.192786e-012	-1.192791e-012	2.331019e-003
1.085036776966185e-003	-7.041407e-002	-6.958604e-002	-5.000000e+000	-2.541815e+000	-2.458185e+000	-2.500414e+000	-2.499586e+000	-2.500000e+000	-2.500000e+000	-2.570000e+000	-2.570000e+000	1.172396e-010	-1.172396e-010	-1.973554e-003	1.973554e-003	-1.035018e-012	1.035018e-012	-1.162057e-010	8.280132e-004	-8.280131e-004	8.280131e-004	1.194705e-003	-4.916371e-005	4.916371e-005	1.035069e-012	-1.035053e-012	2.022718e-003
1.088036776966184e-003	-7.035947e-002	-6.964064e-002	-5.000000e+000	-2.536303e+000	-2.463697e+000	-2.500360e+000	-2.499640e+000	-2.500000e+000	-2.500000e+000	-2.570000e+000	-2.570000e+000	1.013953e-010	-1.013953e-010	-1.706812e-003	1.706812e-003	-8.985831e-013	8.985838e-013	-1.004965e-010	7.188658e-004	-7.188657e-004	7.188657e-004	1.037220e-003	-4.927395e-005	4.927395e-005	8.985897e-013	-8.985670e-013	1.756086e-003
1.091036776966184e-003	-7.031250e-002	-6.968760e-002	-5.000000e+000	-2.531536e+000	-2.468464e+000	-2.500312e+000	-2.499688e+000	-2.500000e+000	-2.500000e+000	-2.570000e+000	-2.570000e+000	8.769074e-011	-8.769074e-011	-1.476123e-003	1.476123e-003	-7.805888e-013	7.805896e-013	-8.691092e-011	6.244705e-004	-6.244704e-004	6.244704e-004	9.010216e-004	-4.936929e-005	4.936929e-005	7.805984e-013	-7.805828e-013	1.525492e-003
1.094036776966184e-003	-7.027125e-002	-6.972885e-002	-5.000000e+000	-2.527413e+000	-2.472587e+000	-2.500271e+000	-2.499729e+000	-2.500000e+000	-2.500000e+000	-2.570000e+000	-2.570000e+000	7.583889e-011	-7.583889e-011	-1.276613e-003	1.276613e-003	-6.785423e-013	6.785432e-013	-7.516032e-011	5.428335e-004	-5.428334e-004	5.428334e-004	7.832311e-004	-4.945174e-005	4.945174e-005	6.785789e-013	-6.785634e-013	1.326064e-003
1.097036776966184e-003	-7.023621e-002	-6.976390e-002	-5.000000e+000	-2.523848e+000	-2.476152e+000	-2.500236e+000	-2.499764e+000	-2.500000e+000	-2.500000e+000	-2.570000e+000	-2.570000e+000	6.558754e-011	-6.558754e-011	-1.104068e-003	1.104068e-003	-5.902883e-013	5.902893e-013	-6.499778e-011	4.722304e-004	-4.722303e-004	4.722303e-004	6.813609e-004	-4.952305e-005	4.952305e-005	5.903334e-013	-5.902902e-013	1.153591e-003
1.100036776966183e-003	-7.020545e-002	-6.979465e-002	-5.000000e+000	-2.520764e+000	-2.479236e+000	-2.500206e+000	-2.499794e+000	-2.500000e+000	-2.500000e+000	-2.570000e+000	-2.570000e+000	5.672263e-011	-5.672263e-011	-9.548444e-004	9.548444e-004	-5.139626e-013	5.139635e-013	-5.621015e-011	4.111699e-004	-4.111698e-004	4.111698e-004	5.932593e-004	-4.958472e-005	4.958472e-005	5.139833e-013	-5.139471e-013	1.004429e-003
1.103036776966183e-003	-7.017946e-002	-6.982064e-002	-5.000000e+000	-2.518097e+000	-2.481903e+000	-2.500179e+000	-2.499821e+000	-2.500000e+000	-2.500000e+000	-2.570000e+000	-2.570000e+000	4.905676e-011	-4.905676e-011	-8.257895e-004	8.257895e-004	-4.479528e-013	4.479538e-013	-4.860912e-011	3.583622e-004	-3.583621e-004	3.583621e-004	5.170653e-004	-4.963805e-005	4.963805e-005	4.479917e-013	-4.479487e-013	8.754275e-004
1.106036776966183e-003	-7.015634e-002	-6.984377e-002	-5.000000e+000	-2.515791e+000	-2.484209e+000	-2.500156e+000	-2.499844e+000	-2.500000e+000	-2.500000e+000	-2.570000e+000	-2.570000e+000	4.242739e-011	-4.242739e-011	-7.141773e-004	7.141773e-004	-3.908649e-013	3.908659e-013	-4.203660e-011	3.126919e-004	-3.126918e-004	3.126918e-004	4.511696e-004	-4.968418e-005	4.968418e-005	3.908779e-013	-3.908558e-013	7.638615e-004
1.109036776966183e-003	-7.013679e-002	-6.986332e-002	-5.000000e+000	-2.513796e+000	-2.486204e+000	-2.500137e+000	-2.499863e+000	-2.500000e+000	-2.500000e+000	-2.570000e+000	-2.570000e+000	3.669154e-011	-3.669154e-011	-6.176505e-004	6.176505e-004	-3.414928e-013	3.414938e-013	-3.635048e-011	2.731943e-004	-2.731943e-004	2.731943e-004	3.941803e-004	-4.972407e-005	4.972407e-005	3.415009e-013	-3.415135e-013	6.673745e-004
1.112036776966182e-003	-7.011938e-002	-6.988072e-002	-5.000000e+000	-2.512071e+000	-2.487929e+000	-2.500119e+000	-2.499881e+000	-2.500000e+000	-2.500000e+000	-2.570000e+000	-2.570000e+000	3.173373e-011	-3.173373e-011	-5.341700e-004	5.341700e-004	-2.987937e-013	2.987948e-013	-3.143441e-011	2.390351e-004	-2.390351e-004	2.390351e-004	3.448935e-004	-4.975858e-005	4.975858e-005	2.987776e-013	-2.987903e-013	5.839286e-004
1.115036776966182e-003	-7.010484e-002	-6.989527e-002	-5.000000e+000	-2.510579e+000	-2.489421e+000	-2.500105e+000	-2.499895e+000	-2.500000e+000	-2.500000e+000	-2.570000e+000	-2.570000e+000	2.744471e-011	-2.744471e-011	-4.619726e-004	4.619726e-004	-2.618658e-013	2.618670e-013	-2.718270e-011	2.094928e-004	-2.094928e-004	2.094928e-004	3.022682e-004	-4.978841e-005	4.978841e-005	2.619042e-013	-2.618753e-013	5.117610e-004
1.118036776966182e-003	-7.009196e-002	-6.990814e-002	-5.000000e+000	-2.509289e+000	-2.490711e+000	-2.500092e+000	-2.499908e+000	-2.500000e+000	-2.500000e+000	-2.570000e+000	-2.570000e+000	2.373568e-011	-2.373568e-011	-3.995333e-004	3.995333e-004	-2.299290e-013	2.299302e-013	-2.350475e-011	1.839434e-004	-1.839434e-004	1.839434e-004	2.654041e-004	-4.981422e-005	4.981422e-005	2.299433e-013	-2.299076e-013	4.493475e-004
1.121036776966182e-003	-7.008100e-002	-6.991911e-002	-5.000000e+000	-2.508173e+000	-2.491827e+000	-2.500081e+000	-2.499919e+000	-2.500000e+000	-2.500000e+000	-2.570000e+000	-2.570000e+000	2.052669e-011	-2.052669e-011	-3.455331e-004	3.455331e-004	-2.023087e-013	2.023099e-013	-2.032507e-011	1.618472e-004	-1.618472e-004	1.618472e-004	2.335224e-004	-4.983653e-005	4.983653e-005	2.022760e-013	-2.022612e-013	3.953696e-004
1.124036776966181e-003	-7.007122e-002	-6.992888e-002	-5.000000e+000	-2.507208e+000	-2.492792e+000	-2.500071e+000	-2.499929e+000	-2.500000e+000	-2.500000e+000	-2.570000e+000	-2.570000e+000	1.775291e-011	-1.775291e-011	-2.988315e-004	2.988315e-004	-1.784215e-013	1.784227e-013	-1.757439e-011	1.427375e-004	-1.427375e-004	1.427375e-004	2.059498e-004	-4.985584e-005	4.985584e-005	1.784486e-013	-1.784199e-013	3.486873e-004
1.127036776966181e-003	-7.006335e-002	-6.993675e-002	-5.000000e+000	-2.506374e+000	-2.493626e+000	-2.500063e+000	-2.499937e+000	-2.500000e+000	-2.500000e+000	-2.570000e+000	-2.570000e+000	1.535216e-011	-1.535216e-011	-2.584420e-004	2.584420e-004	-1.577629e-013	1.577641e-013	-1.519584e-011	1.262106e-004	-1.262106e-004	1.262106e-004	1.821039e-004	-4.987253e-005	4.987253e-005	1.577944e-013	-1.577658e-013	3.083145e-004
1.130036776966181e-003	-7.005596e-002	-6.994414e-002	-5.000000e+000	-2.505652e+000	-2.494348e+000	-2.500056e+000	-2.499944e+000	-2.500000e+000	-2.500000e+000	-2.570000e+000	-2.570000e+000	1.327738e-011	-1.327738e-011	-2.235115e-004	2.235115e-004	-1.398964e-013	1.398977e-013	-1.313882e-011	1.119175e-004	-1.119175e-004	1.119175e-004	1.614809e-004	-4.988696e-005	4.988696e-005	1.399091e-013	-1.399083e-013	2.733984e-004
1.133036776966181e-003	-7.005000e-002	-6.995010e-002	-5.000000e+000	-2.505028e+000	-2.494972e+000	-2.500050e+000	-2.499950e+000	-2.500000e+000	-2.500000e+000	-2.570000e+000	-2.570000e+000	1.148326e-011	-1.148326e-011	-1.933021e-004	1.933021e-004	-1.244447e-013	1.244461e-013	-1.135980e-011	9.955619e-005	-9.955618e-005	9.955618e-005	1.436453e-004	-4.989945e-005	4.989945e-005	1.244698e-013	-1.244135e-013	2.432015e-004
1.136036776966180e-003	-7.004428e-002	-6.995583e-002	-5.000000e+000	-2.504488e+000	-2.495512e+000	-2.500044e+000	-2.499956e+000	-2.500000e+000	-2.500000e+000	-2.570000e+000	-2.570000e+000	9.932499e-012	-9.932499e-012	-1.671757e-004	1.671757e-004	-1.110815e-013	1.110828e-013	-9.819701e-012	8.886561e-005	-8.886561e-005	8.886561e-005	1.282204e-004	-4.991025e-005	4.991025e-005	1.110909e-013	-1.110347e-013	2.170860e-004
1.139036776966180e-003	-7.003999e-002	-6.996012e-002	-5.000000e+000	-2.504021e+000	-2.495979e+000	-2.500040e+000	-2.499960e+000	-2.500000e+000	-2.500000e+000	-2.570000e+000	-2.570000e+000	8.588685e-012	-8.588685e-012	-1.445806e-004	1.445806e-004	-9.952436e-014	9.952575e-014	-8.490986e-012	7.961996e-005	-7.961995e-005	7.961995e-005	1.148802e-004	-4.991958e-005	4.991958e-005	9.953189e-014	-9.950350e-014	1.945002e-004
1.142036776966180e-003	-7.003570e-002	-6.996441e-002	-5.000000e+000	-2.503617e+000	-2.496383e+000	-2.500036e+000	-2.499964e+000	-2.500000e+000	-2.500000e+000	-2.570000e+000	-2.570000e+000	7.427836e-012	-7.427836e-012	-1.250393e-004	1.250393e-004	-8.952928e-014	8.953072e-014	-7.338130e-012	7.162393e-005	-7.162392e-005	7.162392e-005	1.033431e-004	-4.992766e-005	4.992766e-005	8.949838e-014	-8.950476e-014	1.749670e-004
1.145036776966180e-003	-7.003260e-002	-6.996751e-002	-5.000000e+000	-2.503268e+000	-2.496732e+000	-2.500032e+000	-2.499968e+000	-2.500000e+000	-2.500000e+000	-2.570000e+000	-2.570000e+000	6.424195e-012	-6.424195e-012	-1.081393e-004	1.081393e-004	-8.088513e-014	8.088659e-014	-6.343370e-012	6.470863e-005	-6.470862e-005	6.470862e-005	9.336529e-005	-4.993465e-005	4.993465e-005	8.091934e-014	-8.089110e-014	1.580739e-004
1.148036776966179e-003	-7.002926e-002	-6.997085e-002	-5.000000e+000	-2.502966e+000	-2.497034e+000	-2.500029e+000	-2.499971e+000	-2.500000e+000	-2.500000e+000	-2.570000e+000	-2.570000e+000	5.556444e-012	-5.556444e-012	-9.352337e-005	9.352337e-005	-7.340930e-014	7.341079e-014	-5.482725e-012	5.872798e-005	-5.872797e-005	5.872797e-005	8.473608e-005	-4.994069e-005	4.994069e-005	7.343228e-014	-7.339719e-014	1.434640e-004
1.151036776966179e-003	-7.002687e-002	-6.997323e-002	-5.000000e+000	-2.502705e+000	-2.497295e+000	-2.500027e+000	-2.499973e+000	-2.500000e+000	-2.500000e+000	-2.570000e+000	-2.570000e+000	4.804157e-012	-4.804157e-012	-8.088293e-005	8.088293e-005	-6.694387e-014	6.694540e-014	-4.737544e-012	5.355567e-005	-5.355566e-005	5.355566e-005	7.727317e-005	-4.994591e-005	4.994591e-005	6.695846e-014	-6.694424e-014	1.308288e-004
1.154036776966179e-003	-7.002449e-002	-6.997561e-002	-5.000000e+000	-2.502479e+000	-2.497521e+000	-2.500025e+000	-2.499975e+000	-2.500000e+000	-2.500000e+000	-2.570000e+000	-2.570000e+000	4.156675e-012	-4.156675e-012	-6.995094e-005	6.995094e-005	-6.135231e-014	6.135388e-014	-4.093614e-012	4.908243e-005	-4.908243e-005	4.908243e-005	7.081893e-005	-4.995043e-005	4.995043e-005	6.137182e-014	-6.137155e-014	1.199014e-004
1.157036776966179e-003	-7.002282e-002	-6.997728e-002	-5.000000e+000	-2.502283e+000	-2.497717e+000	-2.500023e+000	-2.499977e+000	-2.500000e+000	-2.500000e+000	-2.570000e+000	-2.570000e+000	3.593570e-012	-3.593570e-012	-6.049650e-005	6.049650e-005	-5.651649e-014	5.651809e-014	-3.537615e-012	4.521380e-005	-4.521379e-005	4.521379e-005	6.523704e-005	-4.995433e-005	4.995433e-005	5.651606e-014	-5.648809e-014	1.104508e-004
1.160036776966178e-003	-7.002091e-002	-6.997919e-002	-5.000000e+000	-2.502114e+000	-2.497886e+000	-2.500021e+000	-2.499979e+000	-2.500000e+000	-2.500000e+000	-2.570000e+000	-2.570000e+000	3.108624e-012	-3.108624e-012	-5.231991e-005	5.231991e-005	-5.233427e-014	5.233590e-014	-3.056222e-012	4.186804e-005	-4.186804e-005	4.186804e-005	6.040959e-005	-4.995771e-005	4.995771e-005	5.233465e-014	-5.234143e-014	1.022776e-004
1.163036776966178e-003	-7.001972e-002	-6.998038e-002	-5.000000e+000	-2.501968e+000	-2.498032e+000	-2.500020e+000	-2.499980e+000	-2.500000e+000	-2.500000e+000	-2.570000e+000	-2.570000e+000	2.688516e-012	-2.688516e-012	-4.524845e-005	4.524845e-005	-4.871730e-014	4.871897e-014	-2.638778e-012	3.897448e-005	-3.897448e-005	3.897448e-005	5.623461e-005	-4.996064e-005	4.996064e-005	4.871476e-014	-4.871468e-014	9.520908e-005
1.166036776966178e-003	-7.001805e-002	-6.998205e-002	-5.000000e+000	-2.501842e+000	-2.498158e+000	-2.500018e+000	-2.499982e+000	-2.500000e+000	-2.500000e+000	-2.570000e+000	-2.570000e+000	2.324363e-012	-2.324363e-012	-3.913276e-005	3.913276e-005	-4.558920e-014	4.559090e-014	-2.279066e-012	3.647201e-005	-3.647201e-005	3.647201e-005	5.262391e-005	-4.996316e-005	4.996316e-005	4.558282e-014	-4.556895e-014	8.909592e-005
1.169036776966178e-003	-7.001734e-002	-6.998277e-002	-5.000000e+000	-2.501733e+000	-2.498267e+000	-2.500017e+000	-2.499983e+000	-2.500000e+000	-2.500000e+000	-2.570000e+000	-2.570000e+000	2.009948e-012	-2.009948e-012	-3.384365e-005	3.384365e-005	-4.288388e-014	4.288561e-014	-1.967315e-012	3.430778e-005	-3.430778e-005	3.430778e-005	4.950122e-005	-4.996535e-005	4.996535e-005	4.289980e-014	-4.288600e-014	8.380899e-005
1.172036776966177e-003	-7.001615e-002	-6.998396e-002	-5.000000e+000	-2.501638e+000	-2.498362e+000	-2.500016e+000	-2.499984e+000	-2.500000e+000	-2.500000e+000	-2.570000e+000	-2.570000e+000	1.739942e-012	-1.739942e-012	-2.926940e-005	2.926940e-005	-4.054421e-014	4.054597e-014	-1.698197e-012	3.243606e-005	-3.243605e-005	3.243605e-005	4.680059e-005	-4.996724e-005	4.996724e-005	4.053236e-014	-4.049088e-014	7.923664e-005
1.175036776966177e-003	-7.001567e-002	-6.998444e-002	-5.000000e+000	-2.501556e+000	-2.498444e+000	-2.500015e+000	-2.499985e+000	-2.500000e+000	-2.500000e+000	-2.570000e+000	-2.570000e+000	1.503686e-012	-1.503686e-012	-2.531341e-005	2.531341e-005	-3.852075e-014	3.852256e-014	-1.465494e-012	3.081731e-005	-3.081731e-005	3.081731e-005	4.446497e-005	-4.996888e-005	4.996888e-005	3.855095e-014	-3.846791e-014	7.528228e-005
1.178036776966177e-003	-7.001472e-002	-6.998539e-002	-5.000000e+000	-2.501486e+000	-2.498514e+000	-2.500015e+000	-2.499985e+000	-2.500000e+000	-2.500000e+000	-2.570000e+000	-2.570000e+000	1.300293e-012	-1.300293e-012	-2.189209e-005	2.189209e-005	-3.677079e-014	3.677262e-014	-1.263878e-012	2.941735e-005	-2.941735e-005	2.941735e-005	4.244503e-005	-4.997029e-005	4.997029e-005	3.676553e-014	-3.673807e-014	7.186239e-005
1.181036776966177e-003	-7.001424e-002	-6.998587e-002	-5.000000e+000	-2.501425e+000	-2.498575e+000	-2.500014e+000	-2.499986e+000	-2.500000e+000	-2.500000e+000	-2.570000e+000	-2.570000e+000	1.123546e-012	-1.123546e-012	-1.893320e-005	1.893320e-005	-3.525734e-014	3.525921e-014	-1.088907e-012	2.820661e-005	-2.820661e-005	2.820661e-005	4.069811e-005	-4.997151e-005	4.997151e-005	3.529117e-014	-3.523604e-014	6.890471e-005
1.184036776966176e-003	-7.001352e-002	-6.998658e-002	-5.000000e+000	-2.501372e+000	-2.498628e+000	-2.500014e+000	-2.499986e+000	-2.500000e+000	-2.500000e+000	-2.570000e+000	-2.570000e+000	9.725554e-013	-9.725554e-013	-1.637423e-005	1.637423e-005	-3.394845e-014	3.395034e-014	-9.396928e-013	2.715951e-005	-2.715951e-005	2.715951e-005	3.918729e-005	-4.997257e-005	4.997257e-005	3.393111e-014	-3.394549e-014	6.634679e-005
1.187036776966176e-003	-7.001328e-002	-6.998682e-002	-5.000000e+000	-2.501326e+000	-2.498674e+000	-2.500013e+000	-2.499987e+000	-2.500000e+000	-2.500000e+000	-2.570000e+000	-2.570000e+000	8.411050e-013	-8.411050e-013	-1.416112e-005	1.416112e-005	-3.281646e-014	3.281839e-014	-8.073542e-013	2.625393e-005	-2.625393e-005	2.625393e-005	3.788067e-005	-4.997348e-005	4.997348e-005	3.284365e-014	-3.281649e-014	6.413460e-005
1.190036776966176e-003	-7.001257e-002	-6.998754e-002	-5.000000e+000	-2.501286e+000	-2.498714e+000	-2.500013e+000	-2.499987e+000	-2.500000e+000	-2.500000e+000	-2.570000e+000	-2.570000e+000	7.274181e-013	-7.274181e-013	-1.224713e-005	1.224713e-005	-3.183746e-014	3.183943e-014	-6.954437e-013	2.547075e-005	-2.547075e-005	2.547075e-005	3.675065e-005	-4.997427e-005	4.997427e-005	3.186179e-014	-3.182775e-014	6.222140e-005
1.193036776966176e-003	-7.001257e-002	-6.998754e-002	-5.000000e+000	-2.501252e+000	-2.498748e+000	-2.500012e+000	-2.499988e+000	-2.500000e+000	-2.500000e+000	-2.570000e+000	-2.570000e+000	6.297185e-013	-6.297185e-013	-1.059183e-005	1.059183e-005	-3.099079e-014	3.099278e-014	-5.977441e-013	2.479342e-005	-2.479342e-005	2.479342e-005	3.577337e-005	-4.997496e-005	4.997496e-005	3.100239e-014	-3.100310e-014	6.056678e-005
1.196036776966175e-003	-7.001209e-002	-6.998801e-002	-5.000000e+000	-2.501223e+000	-2.498777e+000	-2.500012e+000	-2.499988e+000	-2.500000e+000	-2.500000e+000	-2.570000e+000	-2.570000e+000	5.435652e-013	-5.435652e-013	-9.160256e-006	9.160256e-006	-3.025854e-014	3.026057e-014	-5.142553e-013	2.420764e-005	-2.420764e-005	2.420764e-005	3.492817e-005	-4.997555e-005	4.997555e-005	3.029365e-014	-3.023893e-014	5.913580e-005
1.199036776966175e-003	-7.001209e-002	-6.998801e-002	-5.000000e+000	-2.501197e+000	-2.498803e+000	-2.500012e+000	-2.499988e+000	-2.500000e+000	-2.500000e+000	-2.570000e+000	-2.570000e+000	4.698464e-013	-4.698464e-013	-7.922174e-006	7.922174e-006	-2.962527e-014	2.962733e-014	-4.414247e-013	2.370103e-005	-2.370103e-005	2.370103e-005	3.419720e-005	-4.997606e-005	4.997606e-005	2.961083e-014	-2.961170e-014	5.789824e-005
1.202036776966175e-003	-7.001162e-002	-6.998849e-002	-5.000000e+000	-2.501175e+000	-2.498825e+000	-2.500012e+000	-2.499988e+000	-2.500000e+000	-2.500000e+000	-2.570000e+000	-2.570000e+000	4.067857e-013	-4.067857e-013	-6.851428e-006	6.851428e-006	-2.907758e-014	2.907967e-014	-3.783640e-013	2.326290e-005	-2.326290e-005	2.326290e-005	3.356504e-005	-4.997650e-005	4.997650e-005	2.907159e-014	-2.910032e-014	5.682793e-005
1.205036776966175e-003	-7.001162e-002	-6.998849e-002	-5.000000e+000	-2.501156e+000	-2.498844e+000	-2.500011e+000	-2.499989e+000	-2.500000e+000	-2.500000e+000	-2.570000e+000	-2.570000e+000	3.517187e-013	-3.517187e-013	-5.925402e-006	5.925402e-006	-2.860391e-014	2.860604e-014	-3.232969e-013	2.288398e-005	-2.288398e-005	2.288398e-005	3.301831e-005	-4.997689e-005	4.997689e-005	2.862286e-014	-2.858228e-014	5.590229e-005
1.208036776966174e-003	-7.001114e-002	-6.998897e-002	-5.000000e+000	-2.501139e+000	-2.498861e+000	-2.500011e+000	-2.499989e+000	-2.500000e+000	-2.500000e+000	-2.570000e+000	-2.570000e+000	3.046452e-013	-3.046452e-013	-5.124536e-006	5.124536e-006	-2.819427e-014	2.819643e-014	-2.762235e-013	2.255627e-005	-2.255627e-005	2.255627e-005	3.254548e-005	-4.997722e-005	4.997722e-005	2.820747e-014	-2.818781e-014	5.510175e-005
1.211036776966174e-003	-7.001138e-002	-6.998873e-002	-5.000000e+000	-2.501125e+000	-2.498875e+000	-2.500011e+000	-2.499989e+000	-2.500000e+000	-2.500000e+000	-2.570000e+000	-2.570000e+000	2.637890e-013	-2.637890e-013	-4.431913e-006	4.431913e-006	-2.783998e-014	2.784218e-014	-2.353673e-013	2.227286e-005	-2.227286e-005	2.227286e-005	3.213656e-005	-4.997751e-005	4.997751e-005	2.784188e-014	-2.782923e-014	5.440942e-005
1.214036776966174e-003	-7.001090e-002	-6.998920e-002	-5.000000e+000	-2.501112e+000	-2.498888e+000	-2.500011e+000	-2.499989e+000	-2.500000e+000	-2.500000e+000	-2.570000e+000	-2.570000e+000	2.282619e-013	-2.282619e-013	-3.832904e-006	3.832904e-006	-2.753358e-014	2.753581e-014	-1.998401e-013	2.202775e-005	-2.202775e-005	2.202775e-005	3.178290e-005	-4.997775e-005	4.997775e-005	2.755657e-014	-2.750931e-014	5.381065e-005
1.217036776966174e-003	-7.001114e-002	-6.998897e-002	-5.000000e+000	-2.501102e+000	-2.498898e+000	-2.500011e+000	-2.499989e+000	-2.500000e+000	-2.500000e+000	-2.570000e+000	-2.570000e+000	1.962874e-013	-1.962874e-013	-3.314856e-006	3.314856e-006	-2.726859e-014	2.727085e-014	-1.696421e-013	2.181578e-005	-2.181577e-005	2.181577e-005	3.147705e-005	-4.997797e-005	4.997797e-005	2.725972e-014	-2.723335e-014	5.329282e-005
1.220036776966173e-003	-7.001066e-002	-6.998944e-002	-5.000000e+000	-2.501092e+000	-2.498908e+000	-2.500011e+000	-2.499989e+000	-2.500000e+000	-2.500000e+000	-2.570000e+000	-2.570000e+000	1.714184e-013	-1.714184e-013	-2.866826e-006	2.866826e-006	-2.703942e-014	2.704171e-014	-1.429967e-013	2.163245e-005	-2.163245e-005	2.163245e-005	3.121253e-005	-4.997815e-005	4.997815e-005	2.707411e-014	-2.699922e-014	5.284498e-005
1.223036776966173e-003	-7.001090e-002	-6.998920e-002	-5.000000e+000	-2.501084e+000	-2.498916e+000	-2.500011e+000	-2.499989e+000	-2.500000e+000	-2.500000e+000	-2.570000e+000	-2.570000e+000	1.474376e-013	-1.474376e-013	-2.479351e-006	2.479351e-006	-2.684121e-014	2.684353e-014	-1.190159e-013	2.147390e-005	-2.147390e-005	2.147390e-005	3.098376e-005	-4.997831e-005	4.997831e-005	2.684984e-014	-2.682362e-014	5.245766e-005
1.226036776966173e-003	-7.001066e-002	-6.998944e-002	-5.000000e+000	-2.501077e+000	-2.498923e+000	-2.500011e+000	-2.499989e+000	-2.500000e+000	-2.500000e+000	-2.570000e+000	-2.570000e+000	1.278977e-013	-1.278977e-013	-2.144247e-006	2.144247e-006	-2.666979e-014	2.667215e-014	-1.003642e-013	2.133678e-005	-2.133678e-005	2.133678e-005	3.078592e-005	-4.997845e-005	4.997845e-005	2.667606e-014	-2.665682e-014	5.212270e-005
1.229036776966173e-003	-7.001090e-002	-6.998920e-002	-5.000000e+000	-2.501071e+000	-2.498929e+000	-2.500011e+000	-2.499989e+000	-2.500000e+000	-2.500000e+000	-2.570000e+000	-2.570000e+000	1.092459e-013	-1.092459e-013	-1.854435e-006	1.854435e-006	-2.652154e-014	2.652393e-014	-8.437695e-014	2.121819e-005	-2.121819e-005	2.121819e-005	3.061481e-005	-4.997857e-005	4.997857e-005	2.654884e-014	-2.650889e-014	5.183301e-005
1.232036776966172e-003	-7.001042e-002	-6.998968e-002	-5.000000e+000	-2.501066e+000	-2.498934e+000	-2.500010e+000	-2.499990e+000	-2.500000e+000	-2.500000e+000	-2.570000e+000	-2.570000e+000	9.592327e-014	-9.592327e-014	-1.603793e-006	1.603793e-006	-2.639333e-014	2.639575e-014	-6.927792e-014	2.111563e-005	-2.111563e-005	2.111563e-005	3.046684e-005	-4.997867e-005	4.997867e-005	2.639845e-014	-2.638636e-014	5.158246e-005
1.235036776966172e-003	-7.001066e-002	-6.998944e-002	-5.000000e+000	-2.501062e+000	-2.498938e+000	-2.500010e+000	-2.499990e+000	-2.500000e+000	-2.500000e+000	-2.570000e+000	-2.570000e+000	8.171241e-014	-8.171241e-014	-1.387027e-006	1.387027e-006	-2.628244e-014	2.628489e-014	-5.684342e-014	2.102693e-005	-2.102693e-005	2.102693e-005	3.033886e-005	-4.997876e-005	4.997876e-005	2.628876e-014	-2.626289e-014	5.136579e-005
1.238036776966172e-003	-7.001042e-002	-6.998968e-002	-5.000000e+000	-2.501058e+000	-2.498942e+000	-2.500010e+000	-2.499990e+000	-2.500000e+000	-2.500000e+000	-2.570000e+000	-2.570000e+000	7.016610e-014	-7.016610e-014	-1.199559e-006	1.199559e-006	-2.618654e-014	2.618902e-014	-4.529710e-014	2.095022e-005	-2.095022e-005	2.095022e-005	3.022818e-005	-4.997884e-005	4.997884e-005	2.619215e-014	-2.616639e-014	5.117840e-005
1.241036776966172e-003	-7.001066e-002	-6.998944e-002	-5.000000e+000	-2.501055e+000	-2.498945e+000	-2.500010e+000	-2.499990e+000	-2.500000e+000	-2.500000e+000	-2.570000e+000	-2.570000e+000	6.128431e-014	-6.128431e-014	-1.037429e-006	1.037429e-006	-2.610359e-014	2.610611e-014	-3.641532e-014	2.088388e-005	-2.088388e-005	2.088388e-005	3.013246e-005	-4.997891e-005	4.997891e-005	2.610214e-014	-2.610425e-014	5.101634e-005
1.244036776966171e-003	-7.001042e-002	-6.998968e-002	-5.000000e+000	-2.501052e+000	-2.498948e+000	-2.500010e+000	-2.499990e+000	-2.500000e+000	-2.500000e+000	-2.570000e+000	-2.570000e+000	5.417888e-014	-5.417888e-014	-8.972121e-007	8.972121e-007	-2.603186e-014	2.603441e-014	-2.842171e-014	2.082650e-005	-2.082650e-005	2.082650e-005	3.004967e-005	-4.997896e-005	4.997896e-005	2.603054e-014	-2.600498e-014	5.087618e-005
1.247036776966171e-003	-7.001066e-002	-6.998944e-002	-5.000000e+000	-2.501049e+000	-2.498951e+000	-2.500010e+000	-2.499990e+000	-2.500000e+000	-2.500000e+000	-2.570000e+000	-2.570000e+000	4.529710e-014	-4.529710e-014	-7.759467e-007	7.759467e-007	-2.596982e-014	2.597240e-014	-2.042810e-014	2.077688e-005	-2.077689e-005	2.077689e-005	2.997808e-005	-4.997901e-005	4.997901e-005	2.601845e-014	-2.596525e-014	5.075496e-005
1.250036776966171e-003	-7.001042e-002	-6.998968e-002	-5.000000e+000	-2.501047e+000	-2.498953e+000	-2.500010e+000	-2.499990e+000	-2.500000e+000	-2.500000e+000	-2.570000e+000	-2.570000e+000	3.907985e-014	-3.907985e-014	-6.710712e-007	6.710712e-007	-2.591616e-014	2.591877e-014	-1.421085e-014	2.073397e-005	-2.073397e-005	2.073397e-005	2.991616e-005	-4.997906e-005	4.997906e-005	2.592914e-014	-2.591072e-014	5.065013e-005
1.253036776966171e-003	-7.001042e-002	-6.998968e-002	-5.000000e+000	-2.501045e+000	-2.498955e+000	-2.500010e+000	-2.499990e+000	-2.500000e+000	-2.500000e+000	-2.570000e+000	-2.570000e+000	3.286260e-014	-3.286260e-014	-5.803705e-007	5.803705e-007	-2.586975e-014	2.587239e-014	-7.993606e-015	2.069686e-005	-2.069686e-005	2.069686e-005	2.986261e-005	-4.997909e-005	4.997909e-005	2.588611e-014	-2.586085e-014	5.055947e-005
1.256036776966170e-003	-7.001019e-002	-6.998992e-002	-5.000000e+000	-2.501044e+000	-2.498956e+000	-2.500010e+000	-2.499990e+000	-2.500000e+000	-2.500000e+000	-2.570000e+000	-2.570000e+000	3.019807e-014	-3.019807e-014	-5.019287e-007	5.019287e-007	-2.582961e-014	2.583229e-014	-3.552714e-015	2.066476e-005	-2.066476e-005	2.066476e-005	2.981630e-005	-4.997913e-005	4.997913e-005	2.583291e-014	-2.581466e-014	5.048106e-005
1.258465348394742e-003	-7.001028e-002	-6.998994e-002	-5.000000e+000	-2.501042e+000	-2.498958e+000	-2.500010e+000	-2.499990e+000	-2.500000e+000	-2.500000e+000	-2.570000e+000	-2.570000e+000	2.700366e-014	-2.700366e-014	-4.477031e-007	4.477031e-007	-2.580186e-014	2.580456e-014	-8.577078e-016	2.064257e-005	-2.064257e-005	2.064257e-005	2.978428e-005	-4.997915e-005	4.997915e-005	2.580268e-014	-2.578245e-014	5.042686e-005
1.260893919823313e-003	-7.001035e-002	-6.998995e-002	-5.000000e+000	-2.501041e+000	-2.498959e+000	-2.500010e+000	-2.499990e+000	-2.500000e+000	-2.500000e+000	-2.570000e+000	-2.570000e+000	2.407046e-014	-2.407046e-014	-3.981483e-007	3.981483e-007	-2.577651e-014	2.577923e-014	1.742553e-015	2.062229e-005	-2.062229e-005	2.062229e-005	2.975503e-005	-4.997917e-005	4.997917e-005	2.577651e-014	-2.575400e-014	5.037732e-005
1.263322491251884e-003	-7.001040e-002	-6.998993e-002	-5.000000e+000	-2.501040e+000	-2.498960e+000	-2.500010e+000	-2.499990e+000	-2.500000e+000	-2.500000e+000	-2.570000e+000	-2.570000e+000	2.139847e-014	-2.139847e-014	-3.532643e-007	3.532643e-007	-2.575353e-014	2.575629e-014	4.248068e-015	2.060393e-005	-2.060393e-005	2.060393e-005	2.972853e-005	-4.997919e-005	4.997919e-005	2.575440e-014	-2.572929e-014	5.033246e-005
1.265751062680455e-003	-7.001044e-002	-6.998990e-002	-5.000000e+000	-2.501040e+000	-2.498960e+000	-2.500010e+000	-2.499990e+000	-2.500000e+000	-2.500000e+000	-2.570000e+000	-2.570000e+000	1.898770e-014	-1.898770e-014	-3.130511e-007	3.130511e-007	-2.573295e-014	2.573573e-014	6.658838e-015	2.058747e-005	-2.058747e-005	2.058747e-005	2.970479e-005	-4.997921e-005	4.997921e-005	2.573636e-014	-2.570834e-014	5.029226e-005
1.268179634109027e-003	-7.001045e-002	-6.998985e-002	-5.000000e+000	-2.501039e+000	-2.498961e+000	-2.500010e+000	-2.499990e+000	-2.500000e+000	-2.500000e+000	-2.570000e+000	-2.570000e+000	1.683815e-014	-1.683815e-014	-2.775088e-007	2.775088e-007	-2.571476e-014	2.571756e-014	8.974863e-015	2.057293e-005	-2.057293e-005	2.057293e-005	2.968380e-005	-4.997922e-005	4.997922e-005	2.572238e-014	-2.569115e-014	5.025673e-005
1.270608205537598e-003	-7.001045e-002	-6.998977e-002	-5.000000e+000	-2.501038e+000	-2.498962e+000	-2.500010e+000	-2.499990e+000	-2.500000e+000	-2.500000e+000	-2.570000e+000	-2.570000e+000	1.494981e-014	-1.494981e-014	-2.466372e-007	2.466372e-007	-2.569896e-014	2.570179e-014	1.119614e-014	2.056030e-005	-2.056030e-005	2.056030e-005	2.966557e-005	-4.997923e-005	4.997923e-005	2.571247e-014	-2.567770e-014	5.022587e-005
1.273036776966169e-003	-7.001042e-002	-6.998968e-002	-5.000000e+000	-2.501038e+000	-2.498962e+000	-2.500010e+000	-2.499990e+000	-2.500000e+000	-2.500000e+000	-2.570000e+000	-2.570000e+000	1.332268e-014	-1.332268e-014	-2.204365e-007	2.204365e-007	-2.568554e-014	2.568840e-014	1.332268e-014	2.054958e-005	-2.054958e-005	2.054958e-005	2.965010e-005	-4.997924e-005	4.997924e-005	2.570662e-014	-2.566801e-014	5.019968e-005
1.276179634109026e-003	-7.001031e-002	-6.998980e-002	-5.000000e+000	-2.501037e+000	-2.498963e+000	-2.500010e+000	-2.499990e+000	-2.500000e+000	-2.500000e+000	-2.570000e+000	-2.570000e+000	1.157658e-014	-1.157658e-014	-1.905719e-007	1.905719e-007	-2.567025e-014	2.567314e-014	1.474943e-014	2.053736e-005	-2.053736e-005	2.053736e-005	2.963247e-005	-4.997926e-005	4.997926e-005	2.567425e-014	-2.564838e-014	5.016983e-005
1.279322491251883e-003	-7.001023e-002	-6.998988e-002	-5.000000e+000	-2.501037e+000	-2.498963e+000	-2.500010e+000	-2.499990e+000	-2.500000e+000	-2.500000e+000	-2.570000e+000	-2.570000e+000	9.947282e-015	-9.947282e-015	-1.637843e-007	1.637843e-007	-2.565653e-014	2.565946e-014	1.608125e-014	2.052640e-005	-2.052640e-005	2.052640e-005	2.961666e-005	-4.997927e-005	4.997927e-005	2.565076e-014	-2.563407e-014	5.014305e-005
1.282465348394740e-003	-7.001019e-002	-6.998991e-002	-5.000000e+000	-2.501036e+000	-2.498964e+000	-2.500010e+000	-2.499990e+000	-2.500000e+000	-2.500000e+000	-2.570000e+000	-2.570000e+000	8.434778e-015	-8.434778e-015	-1.400737e-007	1.400737e-007	-2.564439e-014	2.564734e-014	1.731813e-014	2.051669e-005	-2.051669e-005	2.051669e-005	2.960266e-005	-4.997928e-005	4.997928e-005	2.563617e-014	-2.562509e-014	5.011935e-005
1.285608205537596e-003	-7.001019e-002	-6.998991e-002	-5.000000e+000	-2.501036e+000	-2.498964e+000	-2.500010e+000	-2.499990e+000	-2.500000e+000	-2.500000e+000	-2.570000e+000	-2.570000e+000	7.039069e-015	-7.039069e-015	-1.194400e-007	1.194400e-007	-2.563382e-014	2.563681e-014	1.846008e-014	2.050825e-005	-2.050825e-005	2.050825e-005	2.959048e-005	-4.997929e-005	4.997929e-005	2.563047e-014	-2.562143e-014	5.009873e-005
1.288751062680453e-003	-7.001023e-002	-6.998988e-002	-5.000000e+000	-2.501035e+000	-2.498965e+000	-2.500010e+000	-2.499990e+000	-2.500000e+000	-2.500000e+000	-2.570000e+000	-2.570000e+000	5.760155e-015	-5.760155e-015	-1.018834e-007	1.018834e-007	-2.562482e-014	2.562784e-014	1.950708e-014	2.050107e-005	-2.050107e-005	2.050107e-005	2.958011e-005	-4.997930e-005	4.997930e-005	2.563367e-014	-2.562310e-014	5.008118e-005
1.291893919823310e-003	-7.001031e-002	-6.998980e-002	-5.000000e+000	-2.501035e+000	-2.498965e+000	-2.500010e+000	-2.499990e+000	-2.500000e+000	-2.500000e+000	-2.570000e+000	-2.570000e+000	4.598037e-015	-4.598037e-015	-8.740370e-008	8.740370e-008	-2.561740e-014	2.562045e-014	2.045915e-014	2.049514e-005	-2.049514e-005	2.049514e-005	2.957156e-005	-4.997930e-005	4.997930e-005	2.564575e-014	-2.563009e-014	5.006670e-005
1.295036776966167e-003	-7.001042e-002	-6.998968e-002	-5.000000e+000	-2.501035e+000	-2.498965e+000	-2.500010e+000	-2.499990e+000	-2.500000e+000	-2.500000e+000	-2.570000e+000	-2.570000e+000	3.552714e-015	-3.552714e-015	-7.600102e-008	7.600102e-008	-2.561155e-014	2.561464e-014	2.131628e-014	2.049048e-005	-2.049048e-005	2.049048e-005	2.956483e-005	-4.997931e-005	4.997931e-005	2.566673e-014	-2.564240e-014	5.005530e-005
1.299465348394738e-003	-7.001045e-002	-6.998977e-002	-5.000000e+000	-2.501035e+000	-2.498965e+000	-2.500010e+000	-2.499990e+000	-2.500000e+000	-2.500000e+000	-2.570000e+000	-2.570000e+000	3.084290e-015	-3.084290e-015	-6.234721e-008	6.234721e-008	-2.560454e-014	2.560768e-014	2.227579e-014	2.048489e-005	-2.048489e-005	2.048489e-005	2.955677e-005	-4.997931e-005	4.997931e-005	2.564318e-014	-2.562561e-014	5.004166e-005
1.303893919823309e-003	-7.001045e-002	-6.998985e-002	-5.000000e+000	-2.501034e+000	-2.498966e+000	-2.500010e+000	-2.499990e+000	-2.500000e+000	-2.500000e+000	-2.570000e+000	-2.570000e+000	2.687419e-015	-2.687419e-015	-5.043272e-008	5.043272e-008	-2.559843e-014	2.560161e-014	2.300005e-014	2.048001e-005	-2.048001e-005	2.048001e-005	2.954973e-005	-4.997932e-005	4.997932e-005	2.562335e-014	-2.560867e-014	5.002975e-005
1.308322491251880e-003	-7.001044e-002	-6.998990e-002	-5.000000e+000	-2.501034e+000	-2.498966e+000	-2.500010e+000	-2.499990e+000	-2.500000e+000	-2.500000e+000	-2.570000e+000	-2.570000e+000	2.362101e-015	-2.362101e-015	-4.025753e-008	4.025753e-008	-2.559320e-014	2.559642e-014	2.348907e-014	2.047585e-005	-2.047585e-005	2.047585e-005	2.954373e-005	-4.997932e-005	4.997932e-005	2.560723e-014	-2.559157e-014	5.001958e-005
1.312751062680451e-003	-7.001040e-002	-6.998993e-002	-5.000000e+000	-2.501034e+000	-2.498966e+000	-2.500010e+000	-2.499990e+000	-2.500000e+000	-2.500000e+000	-2.570000e+000	-2.570000e+000	2.108336e-015	-2.108336e-015	-3.182164e-008	3.182164e-008	-2.558886e-014	2.559213e-014	2.374283e-014	2.047240e-005	-2.047240e-005	2.047240e-005	2.953875e-005	-4.997932e-005	4.997932e-005	2.559483e-014	-2.557431e-014	5.001114e-005
1.317179634109022e-003	-7.001035e-002	-6.998995e-002	-5.000000e+000	-2.501034e+000	-2.498966e+000	-2.500010e+000	-2.499990e+000	-2.500000e+000	-2.500000e+000	-2.570000e+000	-2.570000e+000	1.926123e-015	-1.926123e-015	-2.512507e-008	2.512507e-008	-2.558541e-014	2.558873e-014	2.376135e-014	2.046966e-005	-2.046966e-005	2.046966e-005	2.953479e-005	-4.997932e-005	4.997932e-005	2.558614e-014	-2.555690e-014	5.000445e-005
1.321608205537593e-003	-7.001028e-002	-6.998994e-002	-5.000000e+000	-2.501034e+000	-2.498966e+000	-2.500010e+000	-2.499990e+000	-2.500000e+000	-2.500000e+000	-2.570000e+000	-2.570000e+000	1.815464e-015	-1.815464e-015	-2.016780e-008	2.016780e-008	-2.558285e-014	2.558622e-014	2.354462e-014	2.046763e-005	-2.046763e-005	2.046763e-005	2.953187e-005	-4.997933e-005	4.997933e-005	2.558116e-014	-2.553934e-014	4.999949e-005
1.326036776966164e-003	-7.001019e-002	-6.998992e-002	-5.000000e+000	-2.501034e+000	-2.498966e+000	-2.500010e+000	-2.499990e+000	-2.500000e+000	-2.500000e+000	-2.570000e+000	-2.570000e+000	1.776357e-015	-1.776357e-015	-1.694983e-008	1.694984e-008	-2.558119e-014	2.558459e-014	2.309264e-014	2.046631e-005	-2.046631e-005	2.046631e-005	2.952997e-005	-4.997933e-005	4.997933e-005	2.557990e-014	-2.552161e-014	4.999628e-005
1.334608205537592e-003	-7.001030e-002	-6.998980e-002	-5.000000e+000	-2.501033e+000	-2.498967e+000	-2.500010e+000	-2.499990e+000	-2.500000e+000	-2.500000e+000	-2.570000e+000	-2.570000e+000	1.237362e-015	-1.237362e-015	-1.216956e-008	1.216956e-008	-2.557870e-014	2.558219e-014	2.406041e-014	2.046436e-005	-2.046436e-005	2.046436e-005	2.952714e-005	-4.997933e-005	4.997933e-005	2.557475e-014	-2.554111e-014	4.999150e-005
1.343179634109020e-003	-7.001038e-002	-6.998973e-002	-5.000000e+000	-2.501033e+000	-2.498967e+000	-2.500010e+000	-2.499990e+000	-2.500000e+000	-2.500000e+000	-2.570000e+000	-2.570000e+000	7.511502e-016	-7.511502e-016	-8.219800e-009	8.219802e-009	-2.557663e-014	2.558022e-014	2.483247e-014	2.046274e-005	-2.046274e-005	2.046274e-005	2.952481e-005	-4.997933e-005	4.997933e-005	2.557379e-014	-2.555632e-014	4.998755e-005
1.351751062680448e-003	-7.001042e-002	-6.998969e-002	-5.000000e+000	-2.501033e+000	-2.498967e+000	-2.500010e+000	-2.499990e+000	-2.500000e+000	-2.500000e+000	-2.570000e+000	-2.570000e+000	3.177201e-016	-3.177201e-016	-5.100557e-009	5.100559e-009	-2.557499e-014	2.557867e-014	2.540882e-014	2.046146e-005	-2.046146e-005	2.046146e-005	2.952297e-005	-4.997933e-005	4.997933e-005	2.557702e-014	-2.556724e-014	4.998444e-005
1.360322491251876e-003	-7.001042e-002	-6.998969e-002	-5.000000e+000	-2.501033e+000	-2.498967e+000	-2.500010e+000	-2.499990e+000	-2.500000e+000	-2.500000e+000	-2.570000e+000	-2.570000e+000	-6.292776e-017	6.292776e-017	-2.811831e-009	2.811833e-009	-2.557378e-014	2.557754e-014	2.578947e-014	2.046053e-005	-2.046053e-005	2.046053e-005	2.952162e-005	-4.997934e-005	4.997934e-005	2.558445e-014	-2.557389e-014	4.998215e-005
1.368893919823304e-003	-7.001038e-002	-6.998973e-002	-5.000000e+000	-2.501033e+000	-2.498967e+000	-2.500010e+000	-2.499990e+000	-2.500000e+000	-2.500000e+000	-2.570000e+000	-2.570000e+000	-3.907935e-016	3.907935e-016	-1.353622e-009	1.353623e-009	-2.557299e-014	2.557684e-014	2.597441e-014	2.045993e-005	-2.045993e-005	2.045993e-005	2.952076e-005	-4.997934e-005	4.997934e-005	2.559606e-014	-2.557624e-014	4.998069e-005
1.377465348394732e-003	-7.001030e-002	-6.998980e-002	-5.000000e+000	-2.501033e+000	-2.498967e+000	-2.500010e+000	-2.499990e+000	-2.500000e+000	-2.500000e+000	-2.570000e+000	-2.570000e+000	-6.658770e-016	6.658770e-016	-7.259283e-010	7.259300e-010	-2.557263e-014	2.557656e-014	2.596365e-014	2.045967e-005	-2.045967e-005	2.045967e-005	2.952039e-005	-4.997934e-005	4.997934e-005	2.561186e-014	-2.557432e-014	4.998006e-005
1.386036776966159e-003	-7.001019e-002	-6.998992e-002	-5.000000e+000	-2.501033e+000	-2.498967e+000	-2.500010e+000	-2.499990e+000	-2.500000e+000	-2.500000e+000	-2.570000e+000	-2.570000e+000	-8.881784e-016	8.881784e-016	-9.287513e-010	9.287533e-010	-2.557269e-014	2.557671e-014	2.575717e-014	2.045976e-005	-2.045976e-005	2.045976e-005	2.952051e-005	-4.997934e-005	4.997934e-005	2.563185e-014	-2.556811e-014	4.998026e-005
2.008036776966119e-003	-7.001019e-002	-6.998992e-002	-5.000000e+000	-2.501033e+000	-2.498967e+000	-2.500010e+000	-2.499990e+000	-2.500000e+000	-2.500000e+000	-2.570000e+000	-2.570000e+000	0.000000e+000	0.000000e+000	6.661338e-016	1.110223e-015	-2.556944e-014	2.557900e-014	2.575717e-014	2.045938e-005	-2.045938e-005	2.045938e-005	2.951996e-005	-4.997934e-005	4.997934e-005	2.555941e-014	-2.559352e-014	4.997934e-005
3.032036776966255e-003	-7.001019e-002	-6.998992e-002	-5.000000e+000	-2.501033e+000	-2.498967e+000	-2.500010e+000	-2.499990e+000	-2.500000e+000	-2.500000e+000	-2.570000e+000	-2.570000e+000	0.000000e+000	0.000000e+000	8.881784e-016	1.332268e-015	-2.556620e-014	2.558224e-014	2.531308e-014	2.045938e-005	-2.045938e-005	2.045938e-005	2.951996e-005	-4.997934e-005	4.997934e-005	2.557609e-014	-2.556297e-014	4.997934e-005
4.056036776966390e-003	-7.001019e-002	-6.998992e-002	-5.000000e+000	-2.501033e+000	-2.498967e+000	-2.500010e+000	-2.499990e+000	-2.500000e+000	-2.500000e+000	-2.570000e+000	-2.570000e+000	4.440892e-016	-4.440892e-016	6.661338e-016	1.332268e-015	-2.556408e-014	2.558436e-014	2.575717e-014	2.045938e-005	-2.045938e-005	2.045938e-005	2.951996e-005	-4.997934e-005	4.997934e-005	2.557131e-014	-2.556776e-014	4.997934e-005
4.999036776966516e-003	-7.001042e-002	-6.998968e-002	-5.000000e+000	-2.501033e+000	-2.498967e+000	-2.500010e+000	-2.499990e+000	-2.500000e+000	-2.500000e+000	-2.570000e+000	-2.570000e+000	5.157967e-014	-5.157967e-014	1.816364e-015	6.302862e-016	-2.556279e-014	2.558565e-014	-2.627490e-014	2.045938e-005	-2.045938e-005	2.045938e-005	2.951996e-005	-4.997934e-005	4.997934e-005	2.555974e-014	-2.557202e-014	4.997934e-005
5.000000000000000e-003	-7.001019e-002	-6.998992e-002	-5.000000e+000	-2.501033e+000	-2.498967e+000	-2.500010e+000	-2.499990e+000	-2.500000e+000	-2.500000e+000	-2.570000e+000	-2.570000e+000	1.404210e-012	-1.404210e-012	1.554312e-014	-1.287859e-014	-2.556281e-014	2.558567e-014	-1.379341e-012	2.045938e-005	-2.045938e-005	2.045938e-005	2.951996e-005	-4.997934e-005	4.997934e-005	2.555075e-014	-2.555849e-014	4.997934e-005
