time	V(N008,N005)	V(N009,N004)	V(n001)	V(n002)	V(n003)	V(n004)	V(n005)	V(n006)	V(n007)	V(n008)	V(n009)	I(C1)	I(C2)	I(C3)	I(C4)	I(R0)	I(R1)	I(R2)	I(R3)	I(R4)	I(R5)	I(R6)	I(R7)	I(R8)	I(V1)	I(V2)	I(V3)
0.000000000000000e+000	-7.000000e-002	-7.000000e-002	0.000000e+000	-3.500000e-015	-3.500000e-015	-3.503500e-015	-3.503500e-015	-3.503500e-015	-3.503500e-015	-7.000000e-002	-7.000000e-002	7.000000e-020	7.000000e-020	3.500000e-033	3.500000e-033	7.000000e-020	-7.233884e-031	-7.233884e-031	0.000000e+000	0.000000e+000	-5.634721e-033	7.000000e-020	7.000000e-020	7.000000e-020	-3.503500e-033	-3.503500e-033	-7.000000e-020
1.000000000000000e-003	-7.000000e-002	-7.000000e-002	0.000000e+000	-2.378302e-015	-2.378163e-015	-2.073754e-015	-2.081668e-015	-2.081668e-015	-2.080736e-015	-7.000000e-002	-7.000000e-002	-8.326673e-017	-8.326673e-017	-3.422488e-017	-3.409201e-017	-6.090950e-018	1.978481e-026	-2.329939e-027	0.000000e+000	-3.956963e-017	1.984269e-021	-5.929894e-018	4.756604e-020	4.756326e-020	-5.551115e-017	0.000000e+000	3.417751e-017
1.000000433190088e-003	-7.000244e-002	-6.999755e-002	-2.165951e+000	-2.165938e+000	-1.230637e-005	-1.084058e+000	-1.081892e+000	-1.084056e+000	-1.081895e+000	-1.151895e+000	-1.154056e+000	-1.080615e-002	1.080615e-002	-5.257939e-002	5.257939e-002	-2.163760e-002	-6.324837e-015	6.324837e-015	1.080615e-002	1.083145e-002	3.094180e-002	2.163760e-002	-2.461275e-010	2.461275e-010	7.173521e-012	-6.063298e-013	5.257939e-002
1.000001000000000e-003	-7.001257e-002	-6.998754e-002	-5.000000e+000	-4.999938e+000	-6.129991e-005	-2.502504e+000	-2.497496e+000	-2.502491e+000	-2.497509e+000	-2.567509e+000	-2.572491e+000	-2.491139e-002	2.491139e-002	-1.213755e-001	1.213755e-001	-4.994870e-002	-3.147825e-014	3.147825e-014	2.491139e-002	2.503731e-002	7.142682e-002	4.994870e-002	-1.225998e-009	1.225998e-009	7.670309e-012	7.275958e-012	1.213755e-001
1.000017618063883e-003	-7.040289e-002	-6.959709e-002	-5.000000e+000	-4.997923e+000	-2.077251e-003	-2.502695e+000	-2.497305e+000	-2.502292e+000	-2.497708e+000	-2.567708e+000	-2.572292e+000	-2.295290e-002	2.295290e-002	-1.212737e-001	1.212737e-001	-4.990455e-002	-9.996886e-013	9.996886e-013	2.295290e-002	2.695165e-002	7.136922e-002	4.990455e-002	-4.154501e-008	4.154501e-008	3.634465e-012	1.549612e-012	1.212738e-001
1.000034236127767e-003	-7.076515e-002	-6.923476e-002	-5.000000e+000	-4.995909e+000	-4.091116e-003	-2.502872e+000	-2.497128e+000	-2.502107e+000	-2.497893e+000	-2.567893e+000	-2.572106e+000	-2.114269e-002	2.114269e-002	-1.211723e-001	1.211723e-001	-4.986074e-002	-1.893838e-012	1.893838e-012	2.114269e-002	2.871805e-002	7.131168e-002	4.986074e-002	-8.182232e-008	8.182232e-008	8.297498e-013	-2.864300e-012	1.211724e-001
1.000050854191650e-003	-7.109935e-002	-6.890052e-002	-5.000000e+000	-4.993897e+000	-6.102897e-003	-2.503034e+000	-2.496966e+000	-2.501934e+000	-2.498066e+000	-2.568066e+000	-2.571934e+000	-1.948078e-002	1.948078e-002	-1.210713e-001	1.210713e-001	-4.981727e-002	-2.713927e-012	2.713927e-012	1.948078e-002	3.033649e-002	7.125420e-002	4.981727e-002	-1.220579e-007	1.220579e-007	-7.438358e-013	-5.965779e-012	1.210715e-001
1.000067472255534e-003	-7.140548e-002	-6.859439e-002	-5.000000e+000	-4.991887e+000	-8.112594e-003	-2.503181e+000	-2.496819e+000	-2.501775e+000	-2.498225e+000	-2.568225e+000	-2.571775e+000	-1.796716e-002	1.796716e-002	-1.209708e-001	1.209708e-001	-4.977413e-002	-3.459955e-012	3.459955e-012	1.796716e-002	3.180698e-002	7.119678e-002	4.977413e-002	-1.622519e-007	1.622519e-007	-1.086292e-012	-7.754824e-012	1.209709e-001
1.000084090319417e-003	-7.168354e-002	-6.831637e-002	-5.000000e+000	-4.989880e+000	-1.012021e-002	-2.503313e+000	-2.496687e+000	-2.501629e+000	-2.498371e+000	-2.568371e+000	-2.571629e+000	-1.660182e-002	1.660182e-002	-1.208706e-001	1.208706e-001	-4.973133e-002	-4.131922e-012	4.131922e-012	1.660182e-002	3.312951e-002	7.113942e-002	4.973133e-002	-2.024041e-007	2.024041e-007	-1.976189e-013	-8.231435e-012	1.208708e-001
1.000100708383300e-003	-7.193354e-002	-6.806645e-002	-5.000000e+000	-4.987874e+000	-1.212573e-002	-2.503430e+000	-2.496570e+000	-2.501497e+000	-2.498503e+000	-2.568503e+000	-2.571497e+000	-1.538478e-002	1.538478e-002	-1.207708e-001	1.207708e-001	-4.968888e-002	-4.729829e-012	4.729829e-012	1.538478e-002	3.430410e-002	7.108212e-002	4.968888e-002	-2.425146e-007	2.425146e-007	1.922184e-012	-7.395614e-012	1.207710e-001
1.000117326447184e-003	-7.215548e-002	-6.784463e-002	-5.000000e+000	-4.985871e+000	-1.412917e-002	-2.503533e+000	-2.496467e+000	-2.501378e+000	-2.498622e+000	-2.568622e+000	-2.571378e+000	-1.431603e-002	1.431603e-002	-1.206714e-001	1.206714e-001	-4.964675e-002	-5.253675e-012	5.253675e-012	1.431603e-002	3.533073e-002	7.102488e-002	4.964675e-002	-2.825835e-007	2.825835e-007	5.273115e-012	-5.247358e-012	1.206716e-001
1.000233709722139e-003	-7.332850e-002	-6.667161e-002	-5.000000e+000	-4.971897e+000	-2.810314e-002	-2.504074e+000	-2.495926e+000	-2.500745e+000	-2.499255e+000	-2.569255e+000	-2.570745e+000	-8.617719e-003	8.617719e-003	-1.199815e-001	1.199815e-001	-4.935646e-002	-8.030255e-012	8.030255e-012	8.617719e-003	4.073874e-002	7.062563e-002	4.935646e-002	-5.620628e-007	5.620628e-007	8.034166e-012	-8.025580e-012	1.199821e-001
1.000466476272048e-003	-7.439756e-002	-6.560254e-002	-5.000000e+000	-4.944192e+000	-5.580753e-002	-2.504577e+000	-2.495423e+000	-2.500179e+000	-2.499821e+000	-2.569821e+000	-2.570179e+000	-3.026514e-003	3.026514e-003	-1.186253e-001	1.186253e-001	-4.879232e-002	-1.068482e-011	1.068482e-011	3.026514e-003	4.576580e-002	6.983407e-002	4.879232e-002	-1.116151e-006	1.116151e-006	1.068298e-011	-1.068475e-011	1.186264e-001
1.000775531251976e-003	-7.475686e-002	-6.524301e-002	-5.000000e+000	-4.907879e+000	-9.212089e-002	-2.504759e+000	-2.495241e+000	-2.500002e+000	-2.499998e+000	-2.569998e+000	-2.570002e+000	-4.684164e-004	4.684164e-004	-1.168571e-001	1.168571e-001	-4.806240e-002	-1.178139e-011	1.178139e-011	4.684164e-004	4.759398e-002	6.879655e-002	4.806240e-002	-1.842418e-006	1.842418e-006	1.178028e-011	-1.177966e-011	1.168589e-001
1.001178450970842e-003	-7.475209e-002	-6.524801e-002	-5.000000e+000	-4.861403e+000	-1.385970e-001	-2.504729e+000	-2.495271e+000	-2.499977e+000	-2.500023e+000	-2.570023e+000	-2.569977e+000	1.548820e-004	-1.548820e-004	-1.145994e-001	1.145994e-001	-4.713348e-002	-1.186081e-011	1.186081e-011	-1.548820e-004	4.728837e-002	6.746866e-002	4.713348e-002	-2.771941e-006	2.771941e-006	1.186029e-011	-1.186082e-011	1.146021e-001
1.001759587874364e-003	-7.462811e-002	-6.537175e-002	-5.000000e+000	-4.796195e+000	-2.038056e-001	-2.504606e+000	-2.495394e+000	-2.499978e+000	-2.500022e+000	-2.570022e+000	-2.569978e+000	2.248562e-004	-2.248562e-004	-1.114333e-001	1.114333e-001	-4.583177e-002	-1.157037e-011	1.157037e-011	-2.248562e-004	4.605663e-002	6.560556e-002	4.583177e-002	-4.076112e-006	4.076112e-006	1.157125e-011	-1.157157e-011	1.114373e-001
1.002759587874364e-003	-7.440996e-002	-6.559014e-002	-5.000000e+000	-4.687950e+000	-3.120503e-001	-2.504389e+000	-2.495611e+000	-2.499979e+000	-2.500021e+000	-2.570021e+000	-2.569979e+000	2.139916e-004	-2.139916e-004	-1.061778e-001	1.061778e-001	-4.367122e-002	-1.102480e-011	1.102480e-011	-2.139916e-004	4.388522e-002	6.251285e-002	4.367122e-002	-6.241006e-006	6.241006e-006	1.102451e-011	-1.102585e-011	1.061841e-001
1.003759587874364e-003	-7.420087e-002	-6.579924e-002	-5.000000e+000	-4.584289e+000	-4.157117e-001	-2.504180e+000	-2.495820e+000	-2.499980e+000	-2.500020e+000	-2.570020e+000	-2.569980e+000	2.038706e-004	-2.038706e-004	-1.011449e-001	1.011449e-001	-4.160215e-002	-1.050247e-011	1.050247e-011	-2.038706e-004	4.180603e-002	5.955109e-002	4.160215e-002	-8.314234e-006	8.314234e-006	1.050049e-011	-1.050182e-011	1.011532e-001
1.004759587874363e-003	-7.400203e-002	-6.599808e-002	-5.000000e+000	-4.485540e+000	-5.144595e-001	-2.503983e+000	-2.496017e+000	-2.499981e+000	-2.500019e+000	-2.570019e+000	-2.569981e+000	1.941974e-004	-1.941974e-004	-9.635060e-002	9.635060e-002	-3.963116e-002	-1.000489e-011	1.000489e-011	-1.941974e-004	3.982536e-002	5.672973e-002	3.963116e-002	-1.028919e-005	1.028919e-005	1.000267e-011	-1.000355e-011	9.636089e-002
1.005759587874363e-003	-7.381225e-002	-6.618786e-002	-5.000000e+000	-4.391474e+000	-6.085265e-001	-2.503794e+000	-2.496206e+000	-2.499981e+000	-2.500019e+000	-2.570019e+000	-2.569982e+000	1.849965e-004	-1.849965e-004	-9.178352e-002	9.178352e-002	-3.775359e-002	-9.530897e-012	9.530897e-012	-1.849965e-004	3.793859e-002	5.404210e-002	3.775359e-002	-1.217053e-005	1.217053e-005	9.528822e-012	-9.529266e-012	9.179569e-002
1.006759587874363e-003	-7.363176e-002	-6.636810e-002	-5.000000e+000	-4.301866e+000	-6.981348e-001	-2.503614e+000	-2.496386e+000	-2.499982e+000	-2.500018e+000	-2.570018e+000	-2.569982e+000	1.762258e-004	-1.762258e-004	-8.743292e-002	8.743292e-002	-3.596502e-002	-9.079368e-012	9.079368e-012	-1.762258e-004	3.614125e-002	5.148187e-002	3.596502e-002	-1.396270e-005	1.396270e-005	9.076739e-012	-9.077183e-012	8.744688e-002
1.007759587874363e-003	-7.345963e-002	-6.654048e-002	-5.000000e+000	-4.216505e+000	-7.834955e-001	-2.503443e+000	-2.496557e+000	-2.499983e+000	-2.500017e+000	-2.570017e+000	-2.569983e+000	1.678733e-004	-1.678733e-004	-8.328855e-002	8.328855e-002	-3.426123e-002	-8.649245e-012	8.649245e-012	-1.678733e-004	3.442910e-002	4.904298e-002	3.426123e-002	-1.566991e-005	1.566991e-005	8.647305e-012	-8.648193e-012	8.330422e-002
1.009759587874363e-003	-7.313967e-002	-6.686020e-002	-5.000000e+000	-4.057730e+000	-9.422703e-001	-2.503124e+000	-2.496876e+000	-2.499985e+000	-2.500015e+000	-2.570015e+000	-2.569985e+000	1.523357e-004	-1.523357e-004	-7.557982e-002	7.557982e-002	-3.109211e-002	-7.849194e-012	7.849194e-012	-1.523357e-004	3.124444e-002	4.450656e-002	3.109211e-002	-1.884541e-005	1.884541e-005	7.848833e-012	-7.848833e-012	7.559867e-002
1.011759587874363e-003	-7.284927e-002	-6.715059e-002	-5.000000e+000	-3.913650e+000	-1.086350e+000	-2.502836e+000	-2.497164e+000	-2.499986e+000	-2.500014e+000	-2.570014e+000	-2.569986e+000	1.382363e-004	-1.382363e-004	-6.858458e-002	6.858458e-002	-2.821629e-002	-7.123192e-012	7.123192e-012	-1.382363e-004	2.835453e-002	4.039001e-002	2.821629e-002	-2.172700e-005	2.172700e-005	7.120526e-012	-7.123191e-012	6.860630e-002
1.013759587874363e-003	-7.258582e-002	-6.741428e-002	-5.000000e+000	-3.782906e+000	-1.217094e+000	-2.502573e+000	-2.497427e+000	-2.499987e+000	-2.500013e+000	-2.570013e+000	-2.569988e+000	1.254419e-004	-1.254419e-004	-6.223677e-002	6.223677e-002	-2.560665e-002	-6.464385e-012	6.464385e-012	-1.254419e-004	2.573210e-002	3.665446e-002	2.560665e-002	-2.434188e-005	2.434188e-005	6.462830e-012	-6.465051e-012	6.226111e-002
1.016759587874362e-003	-7.223558e-002	-6.776452e-002	-5.000000e+000	-3.609125e+000	-1.390875e+000	-2.502225e+000	-2.497775e+000	-2.499989e+000	-2.500011e+000	-2.570011e+000	-2.569989e+000	1.084360e-004	-1.084360e-004	-5.379946e-002	5.379946e-002	-2.213800e-002	-5.588718e-012	5.588718e-012	-1.084360e-004	2.224644e-002	3.168928e-002	2.213800e-002	-2.781751e-005	2.781751e-005	5.587086e-012	-5.589307e-012	5.382727e-002
1.019759587874362e-003	-7.193279e-002	-6.806731e-002	-5.000000e+000	-3.458902e+000	-1.541098e+000	-2.501923e+000	-2.498077e+000	-2.499991e+000	-2.500009e+000	-2.570009e+000	-2.569991e+000	9.373559e-005	-9.373559e-005	-4.650598e-002	4.650598e-002	-1.913958e-002	-4.831763e-012	4.831763e-012	-9.373558e-005	1.923332e-002	2.739722e-002	1.913958e-002	-3.082195e-005	3.082195e-005	4.829470e-012	-4.829026e-012	4.653680e-002
1.022759587874362e-003	-7.167077e-002	-6.832910e-002	-5.000000e+000	-3.329046e+000	-1.670954e+000	-2.501663e+000	-2.498337e+000	-2.499992e+000	-2.500008e+000	-2.570008e+000	-2.569992e+000	8.102805e-005	-8.102805e-005	-4.020125e-002	4.020125e-002	-1.654766e-002	-4.177428e-012	4.177428e-012	-8.102805e-005	1.662868e-002	2.368702e-002	1.654766e-002	-3.341908e-005	3.341908e-005	4.176659e-012	-4.177103e-012	4.023468e-002
1.025759587874362e-003	-7.144475e-002	-6.855536e-002	-5.000000e+000	-3.216793e+000	-1.783207e+000	-2.501438e+000	-2.498562e+000	-2.499993e+000	-2.500007e+000	-2.570007e+000	-2.569993e+000	7.004324e-005	-7.004324e-005	-3.475126e-002	3.475126e-002	-1.430711e-002	-3.611799e-012	3.611799e-012	-7.004324e-005	1.437715e-002	2.047981e-002	1.430711e-002	-3.566413e-005	3.566413e-005	3.609113e-012	-3.610445e-012	3.478692e-002
1.028759587874361e-003	-7.124925e-002	-6.875086e-002	-5.000000e+000	-3.119759e+000	-1.880241e+000	-2.501243e+000	-2.498757e+000	-2.499994e+000	-2.500006e+000	-2.570006e+000	-2.569994e+000	6.054762e-005	-6.054762e-005	-3.004010e-002	3.004010e-002	-1.237031e-002	-3.122852e-012	3.122852e-012	-6.054762e-005	1.243086e-002	1.770739e-002	1.237031e-002	-3.760483e-005	3.760483e-005	3.121503e-012	-3.121947e-012	3.007770e-002
1.031759587874361e-003	-7.107997e-002	-6.891990e-002	-5.000000e+000	-3.035879e+000	-1.964121e+000	-2.501075e+000	-2.498925e+000	-2.499995e+000	-2.500005e+000	-2.570005e+000	-2.569995e+000	5.233931e-005	-5.233931e-005	-2.596763e-002	2.596763e-002	-1.069608e-002	-2.700190e-012	2.700190e-012	-5.233930e-005	1.074842e-002	1.531083e-002	1.069608e-002	-3.928242e-005	3.928242e-005	2.697842e-012	-2.699174e-012	2.600691e-002
1.034759587874361e-003	-7.093382e-002	-6.906605e-002	-5.000000e+000	-2.963371e+000	-2.036629e+000	-2.500929e+000	-2.499071e+000	-2.499995e+000	-2.500005e+000	-2.570004e+000	-2.569995e+000	4.524378e-005	-4.524378e-005	-2.244725e-002	2.244725e-002	-9.248823e-003	-2.334827e-012	2.334827e-012	-4.524377e-005	9.294067e-003	1.323916e-002	9.248823e-003	-4.073259e-005	4.073259e-005	2.331912e-012	-2.334133e-012	2.248798e-002
1.037759587874361e-003	-7.080770e-002	-6.919241e-002	-5.000000e+000	-2.900692e+000	-2.099308e+000	-2.500804e+000	-2.499196e+000	-2.499996e+000	-2.500004e+000	-2.570004e+000	-2.569996e+000	3.911017e-005	-3.911017e-005	-1.940412e-002	1.940412e-002	-7.997765e-003	-2.018996e-012	2.018996e-012	-3.911017e-005	8.036875e-003	1.144834e-002	7.997765e-003	-4.198616e-005	4.198616e-005	2.017497e-012	-2.019718e-012	1.944611e-002
1.040759587874360e-003	-7.069826e-002	-6.930161e-002	-5.000000e+000	-2.846511e+000	-2.153489e+000	-2.500695e+000	-2.499305e+000	-2.499997e+000	-2.500003e+000	-2.570003e+000	-2.569997e+000	3.380809e-005	-3.380809e-005	-1.677354e-002	1.677354e-002	-6.916312e-003	-1.745982e-012	1.745982e-012	-3.380809e-005	6.950120e-003	9.900303e-003	6.916312e-003	-4.306979e-005	4.306979e-005	1.744827e-012	-1.747935e-012	1.681661e-002
1.043759587874360e-003	-7.060432e-002	-6.939578e-002	-5.000000e+000	-2.799675e+000	-2.200325e+000	-2.500601e+000	-2.499399e+000	-2.499997e+000	-2.500003e+000	-2.570003e+000	-2.569997e+000	2.922479e-005	-2.922479e-005	-1.449959e-002	1.449959e-002	-5.981468e-003	-1.509979e-012	1.509979e-012	-2.922479e-005	6.010693e-003	8.562128e-003	5.981468e-003	-4.400651e-005	4.400651e-005	1.506795e-012	-1.508127e-012	1.454360e-002
1.046759587874360e-003	-7.052231e-002	-6.947780e-002	-5.000000e+000	-2.759188e+000	-2.240812e+000	-2.500520e+000	-2.499480e+000	-2.499997e+000	-2.500003e+000	-2.570003e+000	-2.569998e+000	2.526285e-005	-2.526285e-005	-1.253391e-002	1.253391e-002	-5.173360e-003	-1.305971e-012	1.305971e-012	-2.526285e-005	5.198622e-003	7.405367e-003	5.173360e-003	-4.481625e-005	4.481625e-005	1.303402e-012	-1.304734e-012	1.257873e-002
1.049759587874360e-003	-7.045174e-002	-6.954813e-002	-5.000000e+000	-2.724190e+000	-2.275810e+000	-2.500450e+000	-2.499550e+000	-2.499998e+000	-2.500002e+000	-2.570002e+000	-2.569998e+000	2.183802e-005	-2.183802e-005	-1.083471e-002	1.083471e-002	-4.474804e-003	-1.129620e-012	1.129620e-012	-2.183802e-005	4.496642e-003	6.405425e-003	4.474804e-003	-4.551620e-005	4.551620e-005	1.128431e-012	-1.130651e-012	1.088023e-002
1.052759587874359e-003	-7.039094e-002	-6.960893e-002	-5.000000e+000	-2.693937e+000	-2.306063e+000	-2.500389e+000	-2.499611e+000	-2.499998e+000	-2.500002e+000	-2.570002e+000	-2.569998e+000	1.887748e-005	-1.887748e-005	-9.365873e-003	9.365873e-003	-3.870951e-003	-9.771765e-013	9.771765e-013	-1.887748e-005	3.889829e-003	5.541044e-003	3.870951e-003	-4.612127e-005	4.612127e-005	9.743317e-013	-9.761081e-013	9.411995e-003
1.055759587874359e-003	-7.033825e-002	-6.966162e-002	-5.000000e+000	-2.667784e+000	-2.332216e+000	-2.500337e+000	-2.499663e+000	-2.499998e+000	-2.500002e+000	-2.570002e+000	-2.569998e+000	1.631830e-005	-1.631830e-005	-8.096161e-003	8.096161e-003	-3.348961e-003	-8.453994e-013	8.453994e-013	-1.631830e-005	3.365279e-003	4.793845e-003	3.348961e-003	-4.664431e-005	4.664431e-005	8.442136e-013	-8.446577e-013	8.142807e-003
1.058759587874359e-003	-7.029271e-002	-6.970716e-002	-5.000000e+000	-2.645178e+000	-2.354822e+000	-2.500291e+000	-2.499709e+000	-2.499999e+000	-2.500001e+000	-2.570001e+000	-2.569999e+000	1.410606e-005	-1.410606e-005	-6.998582e-003	6.998582e-003	-2.897736e-003	-7.314870e-013	7.314870e-013	-1.410606e-005	2.911842e-003	4.147942e-003	2.897736e-003	-4.709644e-005	4.709644e-005	7.291945e-013	-7.309708e-013	7.045678e-003
1.061759587874359e-003	-7.025313e-002	-6.974673e-002	-5.000000e+000	-2.625636e+000	-2.374364e+000	-2.500252e+000	-2.499748e+000	-2.499999e+000	-2.500001e+000	-2.570001e+000	-2.569999e+000	1.219373e-005	-1.219373e-005	-6.049798e-003	6.049798e-003	-2.507682e-003	-6.330175e-013	6.330175e-013	-1.219373e-005	2.519876e-003	3.589603e-003	2.507682e-003	-4.748728e-005	4.748728e-005	6.314949e-013	-6.332712e-013	6.097286e-003
1.064759587874358e-003	-7.021904e-002	-6.978106e-002	-5.000000e+000	-2.608743e+000	-2.391257e+000	-2.500218e+000	-2.499782e+000	-2.499999e+000	-2.500001e+000	-2.570001e+000	-2.569999e+000	1.054065e-005	-1.054065e-005	-5.229640e-003	5.229640e-003	-2.170508e-003	-5.478973e-013	5.478973e-013	-1.054065e-005	2.181049e-003	3.106957e-003	2.170508e-003	-4.782513e-005	4.782513e-005	5.448975e-013	-5.480061e-013	5.277465e-003
1.067759587874358e-003	-7.018971e-002	-6.981015e-002	-5.000000e+000	-2.594141e+000	-2.405859e+000	-2.500189e+000	-2.499811e+000	-2.499999e+000	-2.500001e+000	-2.570001e+000	-2.569999e+000	9.111679e-006	-9.111679e-006	-4.520668e-003	4.520668e-003	-1.879043e-003	-4.743167e-013	4.743167e-013	-9.111678e-006	1.888155e-003	2.689742e-003	1.879043e-003	-4.811718e-005	4.811718e-005	4.711787e-013	-4.742873e-013	4.568785e-003
1.070759587874358e-003	-7.016444e-002	-6.983566e-002	-5.000000e+000	-2.581518e+000	-2.418482e+000	-2.500164e+000	-2.499836e+000	-2.499999e+000	-2.500001e+000	-2.570001e+000	-2.569999e+000	7.876427e-006	-7.876427e-006	-3.907811e-003	3.907811e-003	-1.627092e-003	-4.107112e-013	4.107112e-013	-7.876426e-006	1.634968e-003	2.329088e-003	1.627092e-003	-4.836964e-005	4.836964e-005	4.098943e-013	-4.112266e-013	3.956180e-003
1.073759587874358e-003	-7.014227e-002	-6.985760e-002	-5.000000e+000	-2.570606e+000	-2.429394e+000	-2.500142e+000	-2.499858e+000	-2.499999e+000	-2.500001e+000	-2.570001e+000	-2.569999e+000	6.808636e-006	-6.808636e-006	-3.378037e-003	3.378037e-003	-1.409297e-003	-3.557286e-013	3.557286e-013	-6.808636e-006	1.416106e-003	2.017328e-003	1.409297e-003	-4.858787e-005	4.858787e-005	3.539391e-013	-3.543832e-013	3.426625e-003
1.076759587874357e-003	-7.012320e-002	-6.987691e-002	-5.000000e+000	-2.561174e+000	-2.438826e+000	-2.500123e+000	-2.499877e+000	-2.500000e+000	-2.500000e+000	-2.570001e+000	-2.569999e+000	5.885604e-006	-5.885604e-006	-2.920083e-003	2.920083e-003	-1.221028e-003	-3.081999e-013	3.081999e-013	-5.885603e-006	1.226914e-003	1.747832e-003	1.221028e-003	-4.877652e-005	4.877652e-005	3.073097e-013	-3.081979e-013	2.968860e-003
1.079759587874357e-003	-7.010674e-002	-6.989312e-002	-5.000000e+000	-2.553020e+000	-2.446980e+000	-2.500106e+000	-2.499894e+000	-2.500000e+000	-2.500000e+000	-2.570000e+000	-2.569999e+000	5.087704e-006	-5.087704e-006	-2.524214e-003	2.524214e-003	-1.058283e-003	-2.671145e-013	2.671145e-013	-5.087704e-006	1.063370e-003	1.514871e-003	1.058283e-003	-4.893959e-005	4.893959e-005	2.660094e-013	-2.673417e-013	2.573153e-003
1.082759587874357e-003	-7.009244e-002	-6.990743e-002	-5.000000e+000	-2.545972e+000	-2.454028e+000	-2.500092e+000	-2.499908e+000	-2.500000e+000	-2.500000e+000	-2.570000e+000	-2.569999e+000	4.397974e-006	-4.397974e-006	-2.182011e-003	2.182011e-003	-9.176002e-004	-2.315990e-013	2.315990e-013	-4.397974e-006	9.219982e-004	1.313492e-003	9.176002e-004	-4.908055e-005	4.908055e-005	2.304823e-013	-2.318146e-013	2.231092e-003
1.085759587874357e-003	-7.008052e-002	-6.991959e-002	-5.000000e+000	-2.539880e+000	-2.460120e+000	-2.500080e+000	-2.499920e+000	-2.500000e+000	-2.500000e+000	-2.570000e+000	-2.570000e+000	3.801750e-006	-3.801750e-006	-1.886201e-003	1.886201e-003	-7.959896e-004	-2.008983e-013	2.008983e-013	-3.801750e-006	7.997914e-004	1.139413e-003	7.959896e-004	-4.920241e-005	4.920241e-005	1.993961e-013	-1.998401e-013	1.935403e-003
1.088759587874356e-003	-7.006979e-002	-6.993032e-002	-5.000000e+000	-2.534613e+000	-2.465387e+000	-2.500069e+000	-2.499931e+000	-2.500000e+000	-2.500000e+000	-2.570000e+000	-2.570000e+000	3.286355e-006	-3.286355e-006	-1.630492e-003	1.630492e-003	-6.908657e-004	-1.743596e-013	1.743596e-013	-3.286355e-006	6.941520e-004	9.889342e-004	6.908657e-004	-4.930775e-005	4.930775e-005	1.727507e-013	-1.731948e-013	1.679800e-003
1.091759587874356e-003	-7.006049e-002	-6.993937e-002	-5.000000e+000	-2.530060e+000	-2.469940e+000	-2.500060e+000	-2.499940e+000	-2.500000e+000	-2.500000e+000	-2.570000e+000	-2.570000e+000	2.840831e-006	-2.840831e-006	-1.409450e-003	1.409450e-003	-5.999931e-004	-1.514187e-013	1.514187e-013	-2.840830e-006	6.028339e-004	8.588554e-004	5.999931e-004	-4.939880e-005	4.939880e-005	1.492140e-013	-1.518785e-013	1.458848e-003
1.094759587874356e-003	-7.005262e-002	-6.994724e-002	-5.000000e+000	-2.526124e+000	-2.473876e+000	-2.500052e+000	-2.499948e+000	-2.500000e+000	-2.500000e+000	-2.570000e+000	-2.570000e+000	2.455705e-006	-2.455705e-006	-1.218374e-003	1.218374e-003	-5.214399e-004	-1.315878e-013	1.315878e-013	-2.455705e-006	5.238957e-004	7.464111e-004	5.214399e-004	-4.947751e-005	4.947751e-005	1.296740e-013	-1.296740e-013	1.267851e-003
1.097759587874356e-003	-7.004571e-002	-6.995416e-002	-5.000000e+000	-2.522722e+000	-2.477278e+000	-2.500046e+000	-2.499954e+000	-2.500000e+000	-2.500000e+000	-2.570000e+000	-2.570000e+000	2.122790e-006	-2.122790e-006	-1.053201e-003	1.053201e-003	-4.535361e-004	-1.144454e-013	1.144454e-013	-2.122790e-006	4.556589e-004	6.492106e-004	4.535361e-004	-4.954555e-005	4.954555e-005	1.154632e-013	-1.154632e-013	1.102747e-003
1.100759587874355e-003	-7.003975e-002	-6.996036e-002	-5.000000e+000	-2.519782e+000	-2.480218e+000	-2.500040e+000	-2.499960e+000	-2.500000e+000	-2.500000e+000	-2.570000e+000	-2.570000e+000	1.835008e-006	-1.835008e-006	-9.104208e-004	9.104208e-004	-3.948378e-004	-9.962696e-014	9.962696e-014	-1.835008e-006	3.966728e-004	5.651874e-004	3.948378e-004	-4.960437e-005	4.960437e-005	9.858780e-014	-9.769963e-014	9.600252e-004
1.103759587874355e-003	-7.003474e-002	-6.996536e-002	-5.000000e+000	-2.517239e+000	-2.482761e+000	-2.500035e+000	-2.499965e+000	-2.500000e+000	-2.500000e+000	-2.570000e+000	-2.570000e+000	1.586240e-006	-1.586240e-006	-7.869970e-004	7.869970e-004	-3.440971e-004	-8.681741e-014	8.681741e-014	-1.586240e-006	3.456834e-004	4.925550e-004	3.440971e-004	-4.965521e-005	4.965521e-005	8.704149e-014	-8.792966e-014	8.366522e-004
1.106759587874355e-003	-7.003021e-002	-6.996989e-002	-5.000000e+000	-2.515042e+000	-2.484958e+000	-2.500030e+000	-2.499970e+000	-2.500000e+000	-2.500000e+000	-2.570000e+000	-2.570000e+000	1.371196e-006	-1.371196e-006	-6.803054e-004	6.803054e-004	-3.002353e-004	-7.574442e-014	7.574442e-014	-1.371196e-006	3.016065e-004	4.297693e-004	3.002353e-004	-4.969916e-005	4.969916e-005	7.327472e-014	-7.727152e-014	7.300046e-004
1.109759587874355e-003	-7.002640e-002	-6.997371e-002	-5.000000e+000	-2.513142e+000	-2.486858e+000	-2.500026e+000	-2.499974e+000	-2.500000e+000	-2.500000e+000	-2.570000e+000	-2.570000e+000	1.185306e-006	-1.185306e-006	-5.880778e-004	5.880778e-004	-2.623197e-004	-6.617257e-014	6.617257e-014	-1.185306e-006	2.635050e-004	3.754953e-004	2.623197e-004	-4.973715e-005	4.973715e-005	6.439294e-014	-6.838974e-014	6.378150e-004
1.112759587874354e-003	-7.002330e-002	-6.997681e-002	-5.000000e+000	-2.511500e+000	-2.488500e+000	-2.500023e+000	-2.499977e+000	-2.500000e+000	-2.500000e+000	-2.570000e+000	-2.570000e+000	1.024617e-006	-1.024617e-006	-5.083533e-004	5.083533e-004	-2.295442e-004	-5.789836e-014	5.789836e-014	-1.024617e-006	2.305688e-004	3.285791e-004	2.295442e-004	-4.976999e-005	4.976999e-005	5.551115e-014	-5.773160e-014	5.581233e-004
1.115759587874354e-003	-7.002044e-002	-6.997967e-002	-5.000000e+000	-2.510081e+000	-2.489919e+000	-2.500020e+000	-2.499980e+000	-2.500000e+000	-2.500000e+000	-2.570000e+000	-2.570000e+000	8.857115e-007	-8.857115e-007	-4.394369e-004	4.394369e-004	-2.012121e-004	-5.074587e-014	5.074587e-014	-8.857114e-007	2.020978e-004	2.880232e-004	2.012121e-004	-4.979839e-005	4.979839e-005	4.973799e-014	-4.973799e-014	4.892353e-004
1.118759587874354e-003	-7.001781e-002	-6.998229e-002	-5.000000e+000	-2.508854e+000	-2.491146e+000	-2.500018e+000	-2.499982e+000	-2.500000e+000	-2.500000e+000	-2.570000e+000	-2.570000e+000	7.656374e-007	-7.656374e-007	-3.798634e-004	3.798634e-004	-1.767208e-004	-4.456303e-014	4.456303e-014	-7.656373e-007	1.774865e-004	2.529654e-004	1.767208e-004	-4.982292e-005	4.982292e-005	4.440892e-014	-4.618528e-014	4.296863e-004
1.121759587874354e-003	-7.001567e-002	-6.998444e-002	-5.000000e+000	-2.507793e+000	-2.492207e+000	-2.500015e+000	-2.499985e+000	-2.500000e+000	-2.500000e+000	-2.570000e+000	-2.570000e+000	6.618415e-007	-6.618415e-007	-3.283661e-004	3.283661e-004	-1.555498e-004	-3.921838e-014	3.921838e-014	-6.618415e-007	1.562117e-004	2.226604e-004	1.555498e-004	-4.984414e-005	4.984414e-005	3.819167e-014	-3.907985e-014	3.782102e-004
1.124759587874353e-003	-7.001400e-002	-6.998610e-002	-5.000000e+000	-2.506876e+000	-2.493124e+000	-2.500014e+000	-2.499986e+000	-2.500000e+000	-2.500000e+000	-2.570000e+000	-2.570000e+000	5.721170e-007	-5.721170e-007	-2.838502e-004	2.838502e-004	-1.372489e-004	-3.459829e-014	3.459829e-014	-5.721170e-007	1.378211e-004	1.964637e-004	1.372489e-004	-4.986248e-005	4.986248e-005	3.286260e-014	-3.641532e-014	3.337126e-004
1.127759587874353e-003	-7.001209e-002	-6.998777e-002	-5.000000e+000	-2.506083e+000	-2.493917e+000	-2.500012e+000	-2.499988e+000	-2.500000e+000	-2.500000e+000	-2.570000e+000	-2.570000e+000	4.945563e-007	-4.945563e-007	-2.453692e-004	2.453692e-004	-1.214291e-004	-3.060454e-014	3.060454e-014	-4.945563e-007	1.219236e-004	1.738184e-004	1.214291e-004	-4.987833e-005	4.987833e-005	2.975398e-014	-3.019807e-014	2.952475e-004
1.130759587874353e-003	-7.001066e-002	-6.998920e-002	-5.000000e+000	-2.505399e+000	-2.494601e+000	-2.500011e+000	-2.499989e+000	-2.500000e+000	-2.500000e+000	-2.570000e+000	-2.570000e+000	4.275103e-007	-4.275103e-007	-2.121050e-004	2.121050e-004	-1.077538e-004	-2.715222e-014	2.715222e-014	-4.275103e-007	1.081814e-004	1.542432e-004	1.077538e-004	-4.989203e-005	4.989203e-005	2.575717e-014	-2.575717e-014	2.619970e-004
1.133759587874353e-003	-7.000947e-002	-6.999040e-002	-5.000000e+000	-2.504806e+000	-2.495194e+000	-2.500010e+000	-2.499990e+000	-2.500000e+000	-2.500000e+000	-2.570000e+000	-2.570000e+000	3.695536e-007	-3.695536e-007	-1.833503e-004	1.833503e-004	-9.593256e-005	-2.416792e-014	2.416792e-014	-3.695536e-007	9.630212e-005	1.373217e-004	9.593256e-005	-4.990387e-005	4.990387e-005	2.131628e-014	-2.398082e-014	2.332542e-004
1.136759587874352e-003	-7.000852e-002	-6.999135e-002	-5.000000e+000	-2.504294e+000	-2.495706e+000	-2.500009e+000	-2.499991e+000	-2.500000e+000	-2.500000e+000	-2.570000e+000	-2.570000e+000	3.194540e-007	-3.194540e-007	-1.584939e-004	1.584939e-004	-8.571385e-005	-2.158819e-014	2.158819e-014	-3.194540e-007	8.603331e-005	1.226942e-004	8.571385e-005	-4.991411e-005	4.991411e-005	1.865175e-014	-2.042810e-014	2.084080e-004
1.139759587874352e-003	-7.000756e-002	-6.999230e-002	-5.000000e+000	-2.503852e+000	-2.496148e+000	-2.500008e+000	-2.499992e+000	-2.500000e+000	-2.500000e+000	-2.570000e+000	-2.570000e+000	2.761463e-007	-2.761463e-007	-1.370072e-004	1.370072e-004	-7.688048e-005	-1.935819e-014	1.935819e-014	-2.761463e-007	7.715663e-005	1.100497e-004	7.688048e-005	-4.992296e-005	4.992296e-005	1.820766e-014	-2.131628e-014	1.869302e-004
1.142759587874352e-003	-7.000685e-002	-6.999302e-002	-5.000000e+000	-2.503469e+000	-2.496531e+000	-2.500007e+000	-2.499993e+000	-2.500000e+000	-2.500000e+000	-2.570000e+000	-2.570000e+000	2.387097e-007	-2.387097e-007	-1.184334e-004	1.184334e-004	-6.924463e-005	-1.743051e-014	1.743051e-014	-2.387097e-007	6.948334e-005	9.911942e-005	6.924463e-005	-4.993062e-005	4.993062e-005	1.554312e-014	-1.687539e-014	1.683641e-004
1.145759587874352e-003	-7.000613e-002	-6.999373e-002	-5.000000e+000	-2.503139e+000	-2.496861e+000	-2.500006e+000	-2.499994e+000	-2.500000e+000	-2.500000e+000	-2.570000e+000	-2.570000e+000	2.063483e-007	-2.063483e-007	-1.023777e-004	1.023777e-004	-6.264396e-005	-1.576416e-014	1.576416e-014	-2.063483e-007	6.285030e-005	8.967094e-005	6.264396e-005	-4.993723e-005	4.993723e-005	1.376677e-014	-1.421085e-014	1.523149e-004
1.148759587874351e-003	-7.000566e-002	-6.999421e-002	-5.000000e+000	-2.502852e+000	-2.497148e+000	-2.500006e+000	-2.499994e+000	-2.500000e+000	-2.500000e+000	-2.570000e+000	-2.570000e+000	1.783741e-007	-1.783741e-007	-8.849853e-005	8.849853e-005	-5.693812e-005	-1.432372e-014	1.432372e-014	-1.783741e-007	5.711649e-005	8.150336e-005	5.693812e-005	-4.994295e-005	4.994295e-005	1.332268e-014	-1.598721e-014	1.384415e-004
1.151759587874351e-003	-7.000518e-002	-6.999469e-002	-5.000000e+000	-2.502605e+000	-2.497395e+000	-2.500005e+000	-2.499995e+000	-2.500000e+000	-2.500000e+000	-2.570000e+000	-2.570000e+000	1.541923e-007	-1.541923e-007	-7.650097e-005	7.650097e-005	-5.200581e-005	-1.307855e-014	1.307855e-014	-1.541923e-007	5.216000e-005	7.444304e-005	5.200581e-005	-4.994789e-005	4.994789e-005	1.110223e-014	-1.421085e-014	1.264489e-004
1.154759587874351e-003	-7.000470e-002	-6.999516e-002	-5.000000e+000	-2.502392e+000	-2.497608e+000	-2.500005e+000	-2.499995e+000	-2.500000e+000	-2.500000e+000	-2.570000e+000	-2.570000e+000	1.332888e-007	-1.332888e-007	-6.612989e-005	6.612989e-005	-4.774217e-005	-1.200219e-014	1.200219e-014	-1.332888e-007	4.787546e-005	6.833988e-005	4.774217e-005	-4.995216e-005	4.995216e-005	1.199041e-014	-1.154632e-014	1.160821e-004
1.157759587874351e-003	-7.000446e-002	-6.999540e-002	-5.000000e+000	-2.502207e+000	-2.497793e+000	-2.500005e+000	-2.499995e+000	-2.500000e+000	-2.500000e+000	-2.570000e+000	-2.570000e+000	1.152191e-007	-1.152191e-007	-5.716480e-005	5.716480e-005	-4.405654e-005	-1.107174e-014	1.107174e-014	-1.152191e-007	4.417176e-005	6.306412e-005	4.405654e-005	-4.995586e-005	4.995586e-005	9.769963e-015	-1.154632e-014	1.071206e-004
1.160759587874350e-003	-7.000399e-002	-6.999588e-002	-5.000000e+000	-2.502048e+000	-2.497952e+000	-2.500004e+000	-2.499996e+000	-2.500000e+000	-2.500000e+000	-2.570000e+000	-2.570000e+000	9.959907e-008	-9.959907e-008	-4.941508e-005	4.941508e-005	-4.087056e-005	-1.026744e-014	1.026744e-014	-9.959906e-008	4.097016e-005	5.850357e-005	4.087056e-005	-4.995905e-005	4.995905e-005	9.769963e-015	-1.154632e-014	9.937413e-005
1.163759587874350e-003	-7.000375e-002	-6.999612e-002	-5.000000e+000	-2.501910e+000	-2.498090e+000	-2.500004e+000	-2.499996e+000	-2.500000e+000	-2.500000e+000	-2.570000e+000	-2.570000e+000	8.609663e-008	-8.609663e-008	-4.271598e-005	4.271598e-005	-3.811650e-005	-9.572174e-015	9.572173e-015	-8.609662e-008	3.820260e-005	5.456129e-005	3.811650e-005	-4.996181e-005	4.996181e-005	7.105427e-015	-1.065814e-014	9.267779e-005
1.166759587874350e-003	-7.000351e-002	-6.999636e-002	-5.000000e+000	-2.501790e+000	-2.498210e+000	-2.500004e+000	-2.499996e+000	-2.500000e+000	-2.500000e+000	-2.570000e+000	-2.570000e+000	7.442469e-008	-7.442469e-008	-3.692506e-005	3.692506e-005	-3.573580e-005	-8.971163e-015	8.971162e-015	-7.442468e-008	3.581023e-005	5.115346e-005	3.573580e-005	-4.996419e-005	4.996419e-005	5.329071e-015	-8.881784e-015	8.688926e-005
1.169759587874350e-003	-7.000327e-002	-6.999660e-002	-5.000000e+000	-2.501687e+000	-2.498313e+000	-2.500003e+000	-2.499997e+000	-2.500000e+000	-2.500000e+000	-2.570000e+000	-2.570000e+000	6.433508e-008	-6.433508e-008	-3.191921e-005	3.191921e-005	-3.367785e-005	-8.451630e-015	8.451630e-015	-6.433508e-008	3.374218e-005	4.820762e-005	3.367785e-005	-4.996626e-005	4.996626e-005	6.661338e-015	-7.993606e-015	8.188546e-005
1.172759587874349e-003	-7.000303e-002	-6.999683e-002	-5.000000e+000	-2.501598e+000	-2.498402e+000	-2.500003e+000	-2.499997e+000	-2.500000e+000	-2.500000e+000	-2.570000e+000	-2.570000e+000	5.561331e-008	-5.561331e-008	-2.759199e-005	2.759199e-005	-3.189889e-005	-8.002528e-015	8.002528e-015	-5.561331e-008	3.195450e-005	4.566114e-005	3.189889e-005	-4.996804e-005	4.996804e-005	7.549517e-015	-8.881784e-015	7.756003e-005
1.175759587874349e-003	-7.000303e-002	-6.999683e-002	-5.000000e+000	-2.501521e+000	-2.498479e+000	-2.500003e+000	-2.499997e+000	-2.500000e+000	-2.500000e+000	-2.570000e+000	-2.570000e+000	4.807393e-008	-4.807393e-008	-2.385140e-005	2.385140e-005	-3.036110e-005	-7.614311e-015	7.614311e-015	-4.807392e-008	3.040917e-005	4.345988e-005	3.036110e-005	-4.996958e-005	4.996958e-005	5.773160e-015	-7.105427e-015	7.382098e-005
1.178759587874349e-003	-7.000279e-002	-6.999707e-002	-5.000000e+000	-2.501455e+000	-2.498545e+000	-2.500003e+000	-2.499997e+000	-2.500000e+000	-2.500000e+000	-2.570000e+000	-2.570000e+000	4.155665e-008	-4.155665e-008	-2.061792e-005	2.061792e-005	-2.903178e-005	-7.278724e-015	7.278724e-015	-4.155664e-008	2.907334e-005	4.155704e-005	2.903178e-005	-4.997091e-005	4.997091e-005	7.993606e-015	-7.105427e-015	7.058882e-005
1.181759587874349e-003	-7.000279e-002	-6.999707e-002	-5.000000e+000	-2.501397e+000	-2.498603e+000	-2.500003e+000	-2.499997e+000	-2.500000e+000	-2.500000e+000	-2.570000e+000	-2.570000e+000	3.592290e-008	-3.592290e-008	-1.782279e-005	1.782279e-005	-2.788268e-005	-6.988632e-015	6.988631e-015	-3.592289e-008	2.791860e-005	3.991217e-005	2.788268e-005	-4.997206e-005	4.997206e-005	5.773160e-015	-7.993606e-015	6.779485e-005
1.184759587874348e-003	-7.000256e-002	-6.999731e-002	-5.000000e+000	-2.501347e+000	-2.498653e+000	-2.500003e+000	-2.499997e+000	-2.500000e+000	-2.500000e+000	-2.570000e+000	-2.570000e+000	3.105291e-008	-3.105291e-008	-1.540659e-005	1.540659e-005	-2.688936e-005	-6.737867e-015	6.737866e-015	-3.105290e-008	2.692041e-005	3.849029e-005	2.688936e-005	-4.997306e-005	4.997306e-005	5.329071e-015	-7.993606e-015	6.537965e-005
1.187759587874348e-003	-7.000256e-002	-6.999731e-002	-5.000000e+000	-2.501304e+000	-2.498696e+000	-2.500003e+000	-2.499997e+000	-2.500000e+000	-2.500000e+000	-2.570000e+000	-2.570000e+000	2.684313e-008	-2.684313e-008	-1.331795e-005	1.331795e-005	-2.603070e-005	-6.521097e-015	6.521097e-015	-2.684312e-008	2.605754e-005	3.726116e-005	2.603070e-005	-4.997392e-005	4.997392e-005	6.661338e-015	-7.105427e-015	6.329187e-005
1.190759587874348e-003	-7.000256e-002	-6.999731e-002	-5.000000e+000	-2.501267e+000	-2.498733e+000	-2.500003e+000	-2.499997e+000	-2.500000e+000	-2.500000e+000	-2.570000e+000	-2.570000e+000	2.320406e-008	-2.320406e-008	-1.151246e-005	1.151246e-005	-2.528845e-005	-6.333715e-015	6.333714e-015	-2.320405e-008	2.531165e-005	3.619867e-005	2.528845e-005	-4.997466e-005	4.997466e-005	4.884981e-015	-6.217249e-015	6.148712e-005
1.193759587874348e-003	-7.000232e-002	-6.999755e-002	-5.000000e+000	-2.501235e+000	-2.498765e+000	-2.500002e+000	-2.499998e+000	-2.500000e+000	-2.500000e+000	-2.570000e+000	-2.570000e+000	2.005833e-008	-2.005833e-008	-9.951742e-006	9.951742e-006	-2.464682e-005	-6.171735e-015	6.171734e-015	-2.005833e-008	2.466688e-005	3.528022e-005	2.464682e-005	-4.997530e-005	4.997530e-005	4.884981e-015	-5.329071e-015	5.992704e-005
1.196759587874347e-003	-7.000232e-002	-6.999755e-002	-5.000000e+000	-2.501207e+000	-2.498793e+000	-2.500002e+000	-2.499998e+000	-2.500000e+000	-2.500000e+000	-2.570000e+000	-2.570000e+000	1.733907e-008	-1.733907e-008	-8.602605e-006	8.602605e-006	-2.409218e-005	-6.031715e-015	6.031714e-015	-1.733906e-008	2.410952e-005	3.448629e-005	2.409218e-005	-4.997586e-005	4.997586e-005	1.332268e-015	-5.329071e-015	5.857847e-005
1.199759587874347e-003	-7.000232e-002	-6.999755e-002	-5.000000e+000	-2.501183e+000	-2.498817e+000	-2.500002e+000	-2.499998e+000	-2.500000e+000	-2.500000e+000	-2.570000e+000	-2.570000e+000	1.498844e-008	-1.498844e-008	-7.436367e-006	7.436367e-006	-2.361273e-005	-5.910677e-015	5.910676e-015	-1.498844e-008	2.362772e-005	3.379998e-005	2.361273e-005	-4.997634e-005	4.997634e-005	4.440892e-015	-7.993606e-015	5.741271e-005
1.202759587874347e-003	-7.000232e-002	-6.999755e-002	-5.000000e+000	-2.501162e+000	-2.498838e+000	-2.500002e+000	-2.499998e+000	-2.500000e+000	-2.500000e+000	-2.570000e+000	-2.570000e+000	1.295649e-008	-1.295649e-008	-6.428234e-006	6.428234e-006	-2.319828e-005	-5.806047e-015	5.806047e-015	-1.295649e-008	2.321123e-005	3.320671e-005	2.319828e-005	-4.997676e-005	4.997676e-005	3.552714e-015	-5.329071e-015	5.640499e-005
1.205759587874347e-003	-7.000232e-002	-6.999755e-002	-5.000000e+000	-2.501144e+000	-2.498856e+000	-2.500002e+000	-2.499998e+000	-2.500000e+000	-2.500000e+000	-2.570000e+000	-2.570000e+000	1.120001e-008	-1.120001e-008	-5.556772e-006	5.556772e-006	-2.284001e-005	-5.715603e-015	5.715602e-015	-1.120000e-008	2.285121e-005	3.269388e-005	2.284001e-005	-4.997712e-005	4.997712e-005	4.440892e-015	-7.105427e-015	5.553388e-005
1.208759587874346e-003	-7.000208e-002	-6.999779e-002	-5.000000e+000	-2.501129e+000	-2.498871e+000	-2.500002e+000	-2.499998e+000	-2.500000e+000	-2.500000e+000	-2.570000e+000	-2.570000e+000	9.681645e-009	-9.681646e-009	-4.803452e-006	4.803452e-006	-2.253031e-005	-5.637420e-015	5.637419e-015	-9.681641e-009	2.254000e-005	3.225056e-005	2.253031e-005	-4.997743e-005	4.997743e-005	3.996803e-015	-7.105427e-015	5.478087e-005
1.211759587874346e-003	-7.000208e-002	-6.999779e-002	-5.000000e+000	-2.501115e+000	-2.498885e+000	-2.500002e+000	-2.499998e+000	-2.500000e+000	-2.500000e+000	-2.570000e+000	-2.570000e+000	8.369124e-009	-8.369126e-009	-4.152258e-006	4.152258e-006	-2.226260e-005	-5.569835e-015	5.569835e-015	-8.369120e-009	2.227097e-005	3.186735e-005	2.226260e-005	-4.997769e-005	4.997769e-005	3.108624e-015	-5.329071e-015	5.412995e-005
1.214759587874346e-003	-7.000208e-002	-6.999779e-002	-5.000000e+000	-2.501104e+000	-2.498896e+000	-2.500002e+000	-2.499998e+000	-2.500000e+000	-2.500000e+000	-2.570000e+000	-2.570000e+000	7.234539e-009	-7.234540e-009	-3.589345e-006	3.589345e-006	-2.203118e-005	-5.511413e-015	5.511413e-015	-7.234535e-009	2.203842e-005	3.153608e-005	2.203118e-005	-4.997793e-005	4.997793e-005	4.440892e-015	-4.440892e-015	5.356727e-005
1.217759587874346e-003	-7.000208e-002	-6.999779e-002	-5.000000e+000	-2.501094e+000	-2.498906e+000	-2.500002e+000	-2.499998e+000	-2.500000e+000	-2.500000e+000	-2.570000e+000	-2.570000e+000	6.253767e-009	-6.253769e-009	-3.102745e-006	3.102745e-006	-2.183114e-005	-5.460912e-015	5.460911e-015	-6.253763e-009	2.183739e-005	3.124973e-005	2.183114e-005	-4.997812e-005	4.997812e-005	2.664535e-015	-4.440892e-015	5.308087e-005
1.220759587874345e-003	-7.000208e-002	-6.999779e-002	-5.000000e+000	-2.501085e+000	-2.498915e+000	-2.500002e+000	-2.499998e+000	-2.500000e+000	-2.500000e+000	-2.570000e+000	-2.570000e+000	5.405957e-009	-5.405958e-009	-2.682112e-006	2.682112e-006	-2.165821e-005	-5.417256e-015	5.417256e-015	-5.405953e-009	2.166362e-005	3.100220e-005	2.165821e-005	-4.997830e-005	4.997830e-005	5.329071e-015	-5.329071e-015	5.266041e-005
1.223759587874345e-003	-7.000208e-002	-6.999779e-002	-5.000000e+000	-2.501078e+000	-2.498922e+000	-2.500002e+000	-2.499998e+000	-2.500000e+000	-2.500000e+000	-2.570000e+000	-2.570000e+000	4.673082e-009	-4.673084e-009	-2.318503e-006	2.318503e-006	-2.150873e-005	-5.379519e-015	5.379518e-015	-4.673079e-009	2.151340e-005	3.078822e-005	2.150873e-005	-4.997845e-005	4.997845e-005	2.664535e-015	-5.329071e-015	5.229695e-005
1.226759587874345e-003	-7.000208e-002	-6.999779e-002	-5.000000e+000	-2.501071e+000	-2.498929e+000	-2.500002e+000	-2.499998e+000	-2.500000e+000	-2.500000e+000	-2.570000e+000	-2.570000e+000	4.039562e-009	-4.039563e-009	-2.004189e-006	2.004189e-006	-2.137951e-005	-5.346898e-015	5.346897e-015	-4.039558e-009	2.138355e-005	3.060326e-005	2.137951e-005	-4.997858e-005	4.997858e-005	4.884981e-015	-2.664535e-015	5.198277e-005
1.229759587874344e-003	-7.000208e-002	-6.999779e-002	-5.000000e+000	-2.501065e+000	-2.498935e+000	-2.500002e+000	-2.499998e+000	-2.500000e+000	-2.500000e+000	-2.570000e+000	-2.570000e+000	3.491926e-009	-3.491929e-009	-1.732485e-006	1.732485e-006	-2.126781e-005	-5.318699e-015	5.318698e-015	-3.491922e-009	2.127130e-005	3.044336e-005	2.126781e-005	-4.997869e-005	4.997869e-005	3.552714e-015	-5.329071e-015	5.171118e-005
1.232759587874344e-003	-7.000208e-002	-6.999779e-002	-5.000000e+000	-2.501061e+000	-2.498939e+000	-2.500002e+000	-2.499998e+000	-2.500000e+000	-2.500000e+000	-2.570000e+000	-2.570000e+000	3.018533e-009	-3.018535e-009	-1.497616e-006	1.497616e-006	-2.117125e-005	-5.294324e-015	5.294322e-015	-3.018530e-009	2.117427e-005	3.030515e-005	2.117125e-005	-4.997879e-005	4.997879e-005	2.664535e-015	-6.217249e-015	5.147640e-005
1.235759587874344e-003	-7.000208e-002	-6.999779e-002	-5.000000e+000	-2.501056e+000	-2.498944e+000	-2.500002e+000	-2.499998e+000	-2.500000e+000	-2.500000e+000	-2.570000e+000	-2.570000e+000	2.609317e-009	-2.609319e-009	-1.294587e-006	1.294587e-006	-2.108779e-005	-5.273252e-015	5.273251e-015	-2.609314e-009	2.109040e-005	3.018567e-005	2.108779e-005	-4.997887e-005	4.997887e-005	3.108624e-015	-5.329071e-015	5.127346e-005
1.238759587874344e-003	-7.000208e-002	-6.999779e-002	-5.000000e+000	-2.501053e+000	-2.498947e+000	-2.500002e+000	-2.499998e+000	-2.500000e+000	-2.500000e+000	-2.570000e+000	-2.570000e+000	2.255577e-009	-2.255579e-009	-1.119083e-006	1.119083e-006	-2.101564e-005	-5.255037e-015	5.255036e-015	-2.255573e-009	2.101789e-005	3.008239e-005	2.101564e-005	-4.997894e-005	4.997894e-005	2.664535e-015	-4.440892e-015	5.109802e-005
1.241759587874343e-003	-7.000208e-002	-6.999779e-002	-5.000000e+000	-2.501050e+000	-2.498950e+000	-2.500002e+000	-2.499998e+000	-2.500000e+000	-2.500000e+000	-2.570000e+000	-2.570000e+000	1.949793e-009	-1.949795e-009	-9.673707e-007	9.673707e-007	-2.095327e-005	-5.239292e-015	5.239291e-015	-1.949790e-009	2.095522e-005	2.999311e-005	2.095327e-005	-4.997900e-005	4.997900e-005	3.996803e-015	-4.440892e-015	5.094638e-005
1.244759587874343e-003	-7.000208e-002	-6.999779e-002	-5.000000e+000	-2.501047e+000	-2.498953e+000	-2.500002e+000	-2.499998e+000	-2.500000e+000	-2.500000e+000	-2.570000e+000	-2.570000e+000	1.685464e-009	-1.685465e-009	-8.362263e-007	8.362263e-007	-2.089935e-005	-5.225681e-015	5.225680e-015	-1.685460e-009	2.090104e-005	2.991593e-005	2.089935e-005	-4.997906e-005	4.997906e-005	3.108624e-015	-6.217249e-015	5.081528e-005
1.247759587874343e-003	-7.000208e-002	-6.999779e-002	-5.000000e+000	-2.501045e+000	-2.498955e+000	-2.500002e+000	-2.499998e+000	-2.500000e+000	-2.500000e+000	-2.570000e+000	-2.570000e+000	1.456968e-009	-1.456971e-009	-7.228608e-007	7.228608e-007	-2.085275e-005	-5.213916e-015	5.213914e-015	-1.456966e-009	2.085420e-005	2.984922e-005	2.085275e-005	-4.997911e-005	4.997911e-005	3.552714e-015	-4.440892e-015	5.070196e-005
1.250759587874343e-003	-7.000208e-002	-6.999779e-002	-5.000000e+000	-2.501043e+000	-2.498957e+000	-2.500002e+000	-2.499998e+000	-2.500000e+000	-2.500000e+000	-2.570000e+000	-2.570000e+000	1.259451e-009	-1.259451e-009	-6.248641e-007	6.248641e-007	-2.081246e-005	-5.203745e-015	5.203744e-015	-1.259446e-009	2.081372e-005	2.979155e-005	2.081246e-005	-4.997915e-005	4.997915e-005	3.996803e-015	-3.552714e-015	5.060401e-005
1.253759587874342e-003	-7.000208e-002	-6.999779e-002	-5.000000e+000	-2.501041e+000	-2.498959e+000	-2.500002e+000	-2.499998e+000	-2.500000e+000	-2.500000e+000	-2.570000e+000	-2.570000e+000	1.088709e-009	-1.088711e-009	-5.401525e-007	5.401525e-007	-2.077763e-005	-5.194953e-015	5.194952e-015	-1.088705e-009	2.077872e-005	2.974170e-005	2.077763e-005	-4.997918e-005	4.997918e-005	5.329071e-015	-7.105427e-015	5.051933e-005
1.256759587874342e-003	-7.000208e-002	-6.999779e-002	-5.000000e+000	-2.501040e+000	-2.498960e+000	-2.500002e+000	-2.499998e+000	-2.500000e+000	-2.500000e+000	-2.570000e+000	-2.570000e+000	9.411150e-010	-9.411167e-010	-4.669252e-007	4.669252e-007	-2.074753e-005	-5.187353e-015	5.187352e-015	-9.411116e-010	2.074847e-005	2.969861e-005	2.074753e-005	-4.997921e-005	4.997921e-005	2.220446e-015	-3.552714e-015	5.044613e-005
1.259331016445771e-003	-7.000208e-002	-6.999779e-002	-5.000000e+000	-2.501038e+000	-2.498962e+000	-2.500002e+000	-2.499998e+000	-2.500000e+000	-2.500000e+000	-2.570000e+000	-2.570000e+000	8.338081e-010	-8.338100e-010	-4.136860e-007	4.136860e-007	-2.072564e-005	-5.181828e-015	5.181827e-015	-8.338048e-010	2.072648e-005	2.966728e-005	2.072564e-005	-4.997923e-005	4.997923e-005	2.176666e-015	-4.456789e-015	5.039292e-005
1.261902445017199e-003	-7.000208e-002	-6.999779e-002	-5.000000e+000	-2.501037e+000	-2.498963e+000	-2.500002e+000	-2.499998e+000	-2.500000e+000	-2.500000e+000	-2.570000e+000	-2.570000e+000	7.361537e-010	-7.361556e-010	-3.652358e-007	3.652358e-007	-2.070572e-005	-5.176799e-015	5.176798e-015	-7.361505e-010	2.070646e-005	2.963877e-005	2.070572e-005	-4.997925e-005	4.997925e-005	2.253215e-015	-5.059506e-015	5.034449e-005
1.264473873588627e-003	-7.000208e-002	-6.999779e-002	-5.000000e+000	-2.501036e+000	-2.498964e+000	-2.500002e+000	-2.499998e+000	-2.500000e+000	-2.500000e+000	-2.570000e+000	-2.570000e+000	6.481518e-010	-6.481538e-010	-3.215746e-007	3.215746e-007	-2.068777e-005	-5.172268e-015	5.172267e-015	-6.481486e-010	2.068842e-005	2.961307e-005	2.068777e-005	-4.997927e-005	4.997927e-005	2.450092e-015	-5.360864e-015	5.030084e-005
1.267045302160056e-003	-7.000208e-002	-6.999779e-002	-5.000000e+000	-2.501036e+000	-2.498964e+000	-2.500002e+000	-2.499998e+000	-2.500000e+000	-2.500000e+000	-2.570000e+000	-2.570000e+000	5.698024e-010	-5.698045e-010	-2.827024e-007	2.827024e-007	-2.067179e-005	-5.168234e-015	5.168232e-015	-5.697993e-010	2.067236e-005	2.959020e-005	2.067179e-005	-4.997929e-005	4.997929e-005	2.767299e-015	-5.360864e-015	5.026199e-005
1.269616730731484e-003	-7.000208e-002	-6.999779e-002	-5.000000e+000	-2.501035e+000	-2.498965e+000	-2.500002e+000	-2.499998e+000	-2.500000e+000	-2.500000e+000	-2.570000e+000	-2.570000e+000	5.011056e-010	-5.011077e-010	-2.486191e-007	2.486191e-007	-2.065778e-005	-5.164696e-015	5.164695e-015	-5.011023e-010	2.065828e-005	2.957014e-005	2.065778e-005	-4.997930e-005	4.997930e-005	3.204834e-015	-5.059506e-015	5.022792e-005
1.272188159302912e-003	-7.000208e-002	-6.999779e-002	-5.000000e+000	-2.501034e+000	-2.498966e+000	-2.500002e+000	-2.499998e+000	-2.500000e+000	-2.500000e+000	-2.570000e+000	-2.570000e+000	4.420613e-010	-4.420633e-010	-2.193249e-007	2.193249e-007	-2.064574e-005	-5.161656e-015	5.161655e-015	-4.420579e-010	2.064618e-005	2.955290e-005	2.064574e-005	-4.997931e-005	4.997931e-005	3.762699e-015	-4.456789e-015	5.019864e-005
1.274759587874341e-003	-7.000208e-002	-6.999779e-002	-5.000000e+000	-2.501034e+000	-2.498966e+000	-2.500002e+000	-2.499998e+000	-2.500000e+000	-2.500000e+000	-2.570000e+000	-2.570000e+000	3.926695e-010	-3.926715e-010	-1.948195e-007	1.948195e-007	-2.063566e-005	-5.159113e-015	5.159112e-015	-3.926659e-010	2.063606e-005	2.953848e-005	2.063566e-005	-4.997932e-005	4.997932e-005	4.440892e-015	-3.552714e-015	5.017415e-005
1.277902445017198e-003	-7.000208e-002	-6.999779e-002	-5.000000e+000	-2.501033e+000	-2.498967e+000	-2.500002e+000	-2.499998e+000	-2.500000e+000	-2.500000e+000	-2.570000e+000	-2.570000e+000	3.393219e-010	-3.393240e-010	-1.683517e-007	1.683517e-007	-2.062478e-005	-5.156366e-015	5.156365e-015	-3.393184e-010	2.062512e-005	2.952290e-005	2.062478e-005	-4.997933e-005	4.997933e-005	4.324851e-015	-4.653358e-015	5.014769e-005
1.281045302160054e-003	-7.000208e-002	-6.999779e-002	-5.000000e+000	-2.501033e+000	-2.498967e+000	-2.500002e+000	-2.499998e+000	-2.500000e+000	-2.500000e+000	-2.570000e+000	-2.570000e+000	2.914827e-010	-2.914848e-010	-1.446168e-007	1.446168e-007	-2.061502e-005	-5.153902e-015	5.153901e-015	-2.914793e-010	2.061532e-005	2.950894e-005	2.061502e-005	-4.997934e-005	4.997934e-005	4.268637e-015	-5.387120e-015	5.012396e-005
1.284188159302911e-003	-7.000208e-002	-6.999779e-002	-5.000000e+000	-2.501032e+000	-2.498968e+000	-2.500002e+000	-2.499998e+000	-2.500000e+000	-2.500000e+000	-2.570000e+000	-2.570000e+000	2.491519e-010	-2.491540e-010	-1.236148e-007	1.236148e-007	-2.060639e-005	-5.151723e-015	5.151721e-015	-2.491484e-010	2.060664e-005	2.949658e-005	2.060639e-005	-4.997935e-005	4.997935e-005	4.272251e-015	-5.754001e-015	5.010297e-005
1.287331016445768e-003	-7.000208e-002	-6.999779e-002	-5.000000e+000	-2.501032e+000	-2.498968e+000	-2.500002e+000	-2.499998e+000	-2.500000e+000	-2.500000e+000	-2.570000e+000	-2.570000e+000	2.123295e-010	-2.123315e-010	-1.053457e-007	1.053457e-007	-2.059888e-005	-5.149827e-015	5.149825e-015	-2.123259e-010	2.059909e-005	2.948583e-005	2.059888e-005	-4.997936e-005	4.997936e-005	4.335692e-015	-5.754001e-015	5.008471e-005
1.290473873588625e-003	-7.000208e-002	-6.999779e-002	-5.000000e+000	-2.501032e+000	-2.498968e+000	-2.500002e+000	-2.499998e+000	-2.500000e+000	-2.500000e+000	-2.570000e+000	-2.570000e+000	1.810154e-010	-1.810173e-010	-8.980948e-008	8.980948e-008	-2.059249e-005	-5.148214e-015	5.148213e-015	-1.810117e-010	2.059267e-005	2.947668e-005	2.059249e-005	-4.997937e-005	4.997937e-005	4.458961e-015	-5.387120e-015	5.006918e-005
1.293616730731482e-003	-7.000208e-002	-6.999779e-002	-5.000000e+000	-2.501031e+000	-2.498969e+000	-2.500002e+000	-2.499998e+000	-2.500000e+000	-2.500000e+000	-2.570000e+000	-2.570000e+000	1.552097e-010	-1.552114e-010	-7.700622e-008	7.700622e-008	-2.058723e-005	-5.146885e-015	5.146884e-015	-1.552058e-010	2.058738e-005	2.946915e-005	2.058723e-005	-4.997937e-005	4.997937e-005	4.642057e-015	-4.653358e-015	5.005638e-005
1.296759587874339e-003	-7.000208e-002	-6.999779e-002	-5.000000e+000	-2.501031e+000	-2.498969e+000	-2.500002e+000	-2.499998e+000	-2.500000e+000	-2.500000e+000	-2.570000e+000	-2.570000e+000	1.349123e-010	-1.349138e-010	-6.693587e-008	6.693587e-008	-2.058309e-005	-5.145840e-015	5.145839e-015	-1.349082e-010	2.058322e-005	2.946322e-005	2.058309e-005	-4.997938e-005	4.997938e-005	4.884981e-015	-3.552714e-015	5.004631e-005
1.301473873588624e-003	-7.000208e-002	-6.999779e-002	-5.000000e+000	-2.501031e+000	-2.498969e+000	-2.500002e+000	-2.499998e+000	-2.500000e+000	-2.500000e+000	-2.570000e+000	-2.570000e+000	1.094061e-010	-1.094078e-010	-5.428122e-008	5.428122e-008	-2.057789e-005	-5.144527e-015	5.144526e-015	-1.094024e-010	2.057800e-005	2.945578e-005	2.057789e-005	-4.997938e-005	4.997938e-005	3.939995e-015	-4.382629e-015	5.003366e-005
1.306188159302909e-003	-7.000208e-002	-6.999779e-002	-5.000000e+000	-2.501031e+000	-2.498969e+000	-2.500002e+000	-2.499998e+000	-2.500000e+000	-2.500000e+000	-2.570000e+000	-2.570000e+000	8.727131e-011	-8.727312e-011	-4.329928e-008	4.329928e-008	-2.057337e-005	-5.143387e-015	5.143386e-015	-8.726798e-011	2.057346e-005	2.944931e-005	2.057337e-005	-4.997938e-005	4.997938e-005	3.267710e-015	-5.020494e-015	5.002269e-005
1.310902445017195e-003	-7.000208e-002	-6.999779e-002	-5.000000e+000	-2.501031e+000	-2.498969e+000	-2.500002e+000	-2.499998e+000	-2.500000e+000	-2.500000e+000	-2.570000e+000	-2.570000e+000	6.850798e-011	-6.850989e-011	-3.399005e-008	3.399005e-008	-2.056955e-005	-5.142421e-015	5.142420e-015	-6.850480e-011	2.056961e-005	2.944383e-005	2.056955e-005	-4.997939e-005	4.997939e-005	2.868127e-015	-5.466309e-015	5.001338e-005
1.315616730731480e-003	-7.000208e-002	-6.999779e-002	-5.000000e+000	-2.501030e+000	-2.498970e+000	-2.500002e+000	-2.499998e+000	-2.500000e+000	-2.500000e+000	-2.570000e+000	-2.570000e+000	5.311610e-011	-5.311807e-011	-2.635353e-008	2.635353e-008	-2.056641e-005	-5.141629e-015	5.141627e-015	-5.311290e-011	2.056646e-005	2.943934e-005	2.056641e-005	-4.997939e-005	4.997939e-005	2.741244e-015	-5.720074e-015	5.000575e-005
1.320331016445765e-003	-7.000208e-002	-6.999779e-002	-5.000000e+000	-2.501030e+000	-2.498970e+000	-2.500002e+000	-2.499998e+000	-2.500000e+000	-2.500000e+000	-2.570000e+000	-2.570000e+000	4.109567e-011	-4.109768e-011	-2.038973e-008	2.038973e-008	-2.056395e-005	-5.141010e-015	5.141008e-015	-4.109229e-011	2.056400e-005	2.943583e-005	2.056395e-005	-4.997939e-005	4.997939e-005	2.887063e-015	-5.781789e-015	4.999979e-005
1.325045302160051e-003	-7.000208e-002	-6.999779e-002	-5.000000e+000	-2.501030e+000	-2.498970e+000	-2.500002e+000	-2.499998e+000	-2.500000e+000	-2.500000e+000	-2.570000e+000	-2.570000e+000	3.244669e-011	-3.244870e-011	-1.609864e-008	1.609864e-008	-2.056219e-005	-5.140564e-015	5.140563e-015	-3.244297e-011	2.056222e-005	2.943331e-005	2.056219e-005	-4.997940e-005	4.997940e-005	3.305582e-015	-5.651455e-015	4.999550e-005
1.329759587874336e-003	-7.000208e-002	-6.999779e-002	-5.000000e+000	-2.501030e+000	-2.498970e+000	-2.500002e+000	-2.499998e+000	-2.500000e+000	-2.500000e+000	-2.570000e+000	-2.570000e+000	2.716916e-011	-2.717114e-011	-1.348026e-008	1.348027e-008	-2.056111e-005	-5.140293e-015	5.140291e-015	-2.716494e-011	2.056114e-005	2.943177e-005	2.056111e-005	-4.997940e-005	4.997940e-005	3.996803e-015	-5.329071e-015	4.999288e-005
1.339331016445764e-003	-7.000208e-002	-6.999779e-002	-5.000000e+000	-2.501030e+000	-2.498970e+000	-2.500002e+000	-2.499998e+000	-2.500000e+000	-2.500000e+000	-2.570000e+000	-2.570000e+000	1.902001e-011	-1.902178e-011	-9.437068e-009	9.437068e-009	-2.055945e-005	-5.139873e-015	5.139872e-015	-1.901593e-011	2.055947e-005	2.942939e-005	2.055945e-005	-4.997940e-005	4.997940e-005	3.883527e-015	-5.374994e-015	4.998884e-005
1.348902445017192e-003	-7.000208e-002	-6.999779e-002	-5.000000e+000	-2.501030e+000	-2.498970e+000	-2.500002e+000	-2.499998e+000	-2.500000e+000	-2.500000e+000	-2.570000e+000	-2.570000e+000	1.234338e-011	-1.234507e-011	-6.124487e-009	6.124487e-009	-2.055809e-005	-5.139529e-015	5.139528e-015	-1.233948e-011	2.055810e-005	2.942744e-005	2.055809e-005	-4.997940e-005	4.997940e-005	3.681128e-015	-5.321021e-015	4.998552e-005
1.358473873588619e-003	-7.000208e-002	-6.999779e-002	-5.000000e+000	-2.501030e+000	-2.498970e+000	-2.500002e+000	-2.499998e+000	-2.500000e+000	-2.500000e+000	-2.570000e+000	-2.570000e+000	7.139295e-012	-7.140999e-012	-3.542521e-009	3.542522e-009	-2.055703e-005	-5.139261e-015	5.139260e-015	-7.135614e-012	2.055703e-005	2.942592e-005	2.055703e-005	-4.997940e-005	4.997940e-005	3.389604e-015	-5.167152e-015	4.998294e-005
1.368045302160047e-003	-7.000208e-002	-6.999779e-002	-5.000000e+000	-2.501030e+000	-2.498970e+000	-2.500002e+000	-2.499998e+000	-2.500000e+000	-2.500000e+000	-2.570000e+000	-2.570000e+000	3.407740e-012	-3.409572e-012	-1.691172e-009	1.691172e-009	-2.055627e-005	-5.139069e-015	5.139068e-015	-3.404313e-012	2.055627e-005	2.942483e-005	2.055627e-005	-4.997940e-005	4.997940e-005	3.008956e-015	-4.913387e-015	4.998109e-005
1.377616730731475e-003	-7.000208e-002	-6.999779e-002	-5.000000e+000	-2.501030e+000	-2.498970e+000	-2.500002e+000	-2.499998e+000	-2.500000e+000	-2.500000e+000	-2.570000e+000	-2.570000e+000	1.148720e-012	-1.150789e-012	-5.704385e-010	5.704390e-010	-2.055581e-005	-5.138953e-015	5.138951e-015	-1.145582e-012	2.055581e-005	2.942417e-005	2.055581e-005	-4.997941e-005	4.997941e-005	2.539184e-015	-4.559725e-015	4.997997e-005
1.387188159302903e-003	-7.000208e-002	-6.999779e-002	-5.000000e+000	-2.501030e+000	-2.498970e+000	-2.500002e+000	-2.499998e+000	-2.500000e+000	-2.500000e+000	-2.570000e+000	-2.570000e+000	3.622326e-013	-3.646488e-013	-1.803211e-010	1.803218e-010	-2.055565e-005	-5.138912e-015	5.138911e-015	-3.594210e-013	2.055565e-005	2.942394e-005	2.055565e-005	-4.997940e-005	4.997940e-005	1.980288e-015	-4.106168e-015	4.997958e-005
1.396759587874330e-003	-7.000208e-002	-6.999779e-002	-5.000000e+000	-2.501030e+000	-2.498970e+000	-2.500002e+000	-2.499998e+000	-2.500000e+000	-2.500000e+000	-2.570000e+000	-2.570000e+000	1.048280e-012	-1.051152e-012	-5.208196e-010	5.208205e-010	-2.055578e-005	-5.138948e-015	5.138946e-015	-1.045830e-012	2.055579e-005	2.942414e-005	2.055578e-005	-4.997940e-005	4.997940e-005	1.332268e-015	-3.552714e-015	4.997992e-005
2.006759587874291e-003	-7.000208e-002	-6.999779e-002	-5.000000e+000	-2.501030e+000	-2.498970e+000	-2.500002e+000	-2.499998e+000	-2.500000e+000	-2.500000e+000	-2.570000e+000	-2.570000e+000	-1.332268e-015	-1.339207e-015	-8.881784e-016	8.881784e-016	-2.055557e-005	-5.138895e-015	5.138891e-015	4.440892e-015	2.055557e-005	2.942383e-005	2.055557e-005	-4.997940e-005	4.997940e-005	3.552714e-015	-5.329071e-015	4.997940e-005
3.030759587874427e-003	-7.000208e-002	-6.999779e-002	-5.000000e+000	-2.501030e+000	-2.498970e+000	-2.500002e+000	-2.499998e+000	-2.500000e+000	-2.500000e+000	-2.570000e+000	-2.570000e+000	-8.673617e-016	-8.881784e-016	-8.881784e-016	8.881784e-016	-2.055557e-005	-5.138897e-015	5.138888e-015	4.440892e-015	2.055557e-005	2.942383e-005	2.055557e-005	-4.997940e-005	4.997940e-005	3.552714e-015	-6.217249e-015	4.997940e-005
4.054759587874562e-003	-7.000208e-002	-6.999779e-002	-5.000000e+000	-2.501030e+000	-2.498970e+000	-2.500002e+000	-2.499998e+000	-2.500000e+000	-2.500000e+000	-2.570000e+000	-2.570000e+000	-8.881784e-016	-8.743006e-016	-8.881784e-016	8.881784e-016	-2.055557e-005	-5.138899e-015	5.138886e-015	4.440892e-015	2.055557e-005	2.942383e-005	2.055557e-005	-4.997940e-005	4.997940e-005	3.108624e-015	-4.440892e-015	4.997940e-005
4.999759587874688e-003	-7.000208e-002	-6.999779e-002	-5.000000e+000	-2.501030e+000	-2.498970e+000	-2.500002e+000	-2.499998e+000	-2.500000e+000	-2.500000e+000	-2.570000e+000	-2.570000e+000	-1.945196e-016	1.338243e-015	-3.394301e-015	5.301609e-016	-2.055557e-005	-5.138901e-015	5.138884e-015	4.440892e-015	2.055557e-005	2.942383e-005	2.055557e-005	-4.997940e-005	4.997940e-005	4.096605e-015	-3.897001e-015	4.997940e-005
5.000000000000000e-003	-7.000208e-002	-6.999779e-002	-5.000000e+000	-2.501030e+000	-2.498970e+000	-2.500002e+000	-2.499998e+000	-2.500000e+000	-2.500000e+000	-2.570000e+000	-2.570000e+000	7.771561e-016	4.218847e-015	-7.105427e-015	0.000000e+000	-2.055557e-005	-5.138901e-015	5.138884e-015	4.440892e-015	2.055557e-005	2.942383e-005	2.055557e-005	-4.997940e-005	4.997940e-005	5.329071e-015	0.000000e+000	4.997940e-005
