time	V(N008,N005)	V(N009,N004)	V(n001)	V(n002)	V(n003)	V(n004)	V(n005)	V(n006)	V(n007)	V(n008)	V(n009)	I(C1)	I(C2)	I(C3)	I(C4)	I(R1)	I(R2)	I(R3)	I(R4)	I(R5)	I(R6)	I(R7)	I(R8)	I(R9)	I(V1)	I(V2)	I(V3)
0.000000000000000e+000	-7.000000e-002	-7.000000e-002	0.000000e+000	-2.100000e-020	-2.100000e-020	-2.102100e-020	-2.102100e-020	-2.102100e-020	-2.102100e-020	-7.000000e-002	-7.000000e-002	4.200000e-025	4.200000e-025	2.100000e-038	2.100000e-038	-4.579484e-038	-4.579483e-038	0.000000e+000	3.009266e-037	4.200000e-025	4.200000e-025	4.298951e-038	4.200000e-025	4.200000e-025	-1.261169e-043	-1.261169e-043	-4.200000e-025
1.000000000000000e-003	-7.000000e-002	-7.000000e-002	0.000000e+000	6.899421e-018	6.899496e-018	-4.643933e-018	-8.165611e-019	8.219321e-013	8.219278e-013	-7.000000e-002	-7.000000e-002	6.155812e-019	-2.265813e-019	2.307922e-019	1.542485e-019	-2.054842e-021	-2.054822e-021	0.000000e+000	3.827372e-019	2.308671e-019	1.543211e-019	1.074702e-024	-1.379884e-022	-1.379899e-022	2.054842e-021	2.054822e-021	-2.306542e-019
1.000000100000000e-003	-8.528608e-002	-5.471393e-002	-5.000000e-001	-4.999985e-001	-1.567271e-006	-2.696213e-001	-2.303787e-001	-2.543353e-001	-2.456648e-001	-3.156648e-001	-3.243352e-001	-6.832792e-004	6.832792e-004	-1.175035e-002	1.175035e-002	-4.051230e-011	4.051230e-011	6.832792e-004	3.924263e-003	-4.607542e-003	4.607542e-003	7.142812e-003	-3.134543e-011	3.134543e-011	4.051229e-011	-4.051231e-011	1.175035e-002
1.000000300000000e-003	-1.246508e-001	-1.534915e-002	-1.500000e+000	-1.499993e+000	-6.657484e-006	-8.121435e-001	-6.878565e-001	-7.574927e-001	-7.425073e-001	-8.125073e-001	-8.274927e-001	-1.328301e-003	1.328301e-003	-3.518538e-002	3.518538e-002	-1.387549e-010	1.387549e-010	1.328301e-003	1.242870e-002	-1.375700e-002	1.375700e-002	2.142838e-002	-1.331497e-010	1.331497e-010	1.387549e-010	-1.387550e-010	3.518538e-002
1.000000433997659e-003	-1.555575e-001	1.555753e-002	-2.169988e+000	-2.169976e+000	-1.206788e-005	-1.177317e+000	-9.926714e-001	-1.091759e+000	-1.078229e+000	-1.148229e+000	-1.161759e+000	-1.388625e-003	1.388625e-003	-5.085267e-002	5.085267e-002	-2.134492e-010	2.134492e-010	1.388625e-003	1.846456e-002	-1.985319e-002	1.985319e-002	3.099949e-002	-2.413575e-010	2.413575e-010	2.134492e-010	-2.134492e-010	5.085267e-002
1.000000543636281e-003	-1.805495e-001	4.054940e-002	-2.718181e+000	-2.718163e+000	-1.826369e-005	-1.476457e+000	-1.241724e+000	-1.365908e+000	-1.352274e+000	-1.422274e+000	-1.435908e+000	-1.360863e-003	1.360863e-003	-6.366476e-002	6.366476e-002	-2.764050e-010	2.764050e-010	1.360864e-003	2.347326e-002	-2.483412e-002	2.483412e-002	3.883064e-002	-3.652739e-010	3.652739e-010	2.764049e-010	-2.764050e-010	6.366476e-002
1.000000868859863e-003	-2.544481e-001	1.144481e-001	-4.344299e+000	-4.344254e+000	-4.563375e-005	-2.363416e+000	-1.980884e+000	-2.178967e+000	-2.165332e+000	-2.235332e+000	-2.248968e+000	-1.363584e-003	1.363584e-003	-1.016769e-001	1.016769e-001	-4.611199e-010	4.611199e-010	1.363585e-003	3.825318e-002	-3.961676e-002	3.961676e-002	6.206012e-002	-9.126750e-010	9.126750e-010	4.611199e-010	-4.611199e-010	1.016769e-001
1.000001000000000e-003	-2.842515e-001	1.442513e-001	-5.000000e+000	-4.999941e+000	-5.914188e-005	-2.721069e+000	-2.278931e+000	-2.506818e+000	-2.493182e+000	-2.563182e+000	-2.576818e+000	-1.363576e-003	1.363576e-003	-1.170043e-001	1.170043e-001	-5.356285e-010	5.356285e-010	1.363577e-003	4.421385e-002	-4.557743e-002	4.557743e-002	7.142688e-002	-1.182838e-009	1.182838e-009	5.356284e-010	-5.356285e-010	1.170043e-001
1.000001012316217e-003	-2.864902e-001	1.464903e-001	-5.000000e+000	-4.999939e+000	-6.058259e-005	-2.722101e+000	-2.277899e+000	-2.505611e+000	-2.494389e+000	-2.564389e+000	-2.575611e+000	-1.136470e-003	1.136470e-003	-1.169836e-001	1.169836e-001	-5.410477e-010	5.410477e-010	1.136471e-003	4.442029e-002	-4.555676e-002	4.555676e-002	7.142684e-002	-1.211652e-009	1.211652e-009	5.410478e-010	-5.410479e-010	1.169836e-001
1.000001036948650e-003	-2.900751e-001	1.500752e-001	-5.000000e+000	-4.999937e+000	-6.346346e-005	-2.723700e+000	-2.276300e+000	-2.503625e+000	-2.496375e+000	-2.566375e+000	-2.573625e+000	-7.847089e-004	7.847089e-004	-1.169515e-001	1.169515e-001	-5.494414e-010	5.494414e-010	7.847095e-004	4.474002e-002	-4.552473e-002	4.552473e-002	7.142676e-002	-1.269269e-009	1.269269e-009	5.494415e-010	-5.494416e-010	1.169515e-001
1.000001086213516e-003	-2.941077e-001	1.541078e-001	-5.000000e+000	-4.999931e+000	-6.922366e-005	-2.725552e+000	-2.274448e+000	-2.501444e+000	-2.498556e+000	-2.568556e+000	-2.571444e+000	-3.771516e-004	3.771516e-004	-1.169142e-001	1.169142e-001	-5.591659e-010	5.591659e-010	3.771522e-004	4.511042e-002	-4.548757e-002	4.548757e-002	7.142659e-002	-1.384473e-009	1.384473e-009	5.591660e-010	-5.591659e-010	1.169142e-001
1.000001164134997e-003	-2.965143e-001	1.565142e-001	-5.000000e+000	-4.999922e+000	-7.833251e-005	-2.726789e+000	-2.273211e+000	-2.500275e+000	-2.499725e+000	-2.569726e+000	-2.570275e+000	-1.049297e-004	1.049297e-004	-1.168890e-001	1.168890e-001	-5.656600e-010	5.656600e-010	1.049302e-004	4.535773e-002	-4.546266e-002	4.546266e-002	7.142633e-002	-1.566650e-009	1.566650e-009	5.656601e-010	-5.656599e-010	1.168890e-001
1.000001249682504e-003	-2.971334e-001	1.571333e-001	-5.000000e+000	-4.999912e+000	-8.833167e-005	-2.727173e+000	-2.272827e+000	-2.500040e+000	-2.499960e+000	-2.569961e+000	-2.570040e+000	-2.021377e-005	2.021377e-005	-1.168808e-001	1.168808e-001	-5.676793e-010	5.676793e-010	2.021434e-005	4.543456e-002	-4.545477e-002	4.545477e-002	7.142605e-002	-1.766633e-009	1.766633e-009	5.676794e-010	-5.676792e-010	1.168808e-001
1.000001375610781e-003	-2.972560e-001	1.572559e-001	-5.000000e+000	-4.999897e+000	-1.030501e-004	-2.727254e+000	-2.272746e+000	-2.499998e+000	-2.500002e+000	-2.570002e+000	-2.569998e+000	-2.157076e-006	2.157076e-006	-1.168785e-001	1.168785e-001	-5.681069e-010	5.681069e-010	2.157644e-006	4.545071e-002	-4.545287e-002	4.545287e-002	7.142562e-002	-2.061001e-009	2.061001e-009	5.681068e-010	-5.681068e-010	1.168785e-001
1.000001564607373e-003	-2.972620e-001	1.572618e-001	-5.000000e+000	-4.999875e+000	-1.251395e-004	-2.727262e+000	-2.272738e+000	-2.500000e+000	-2.500000e+000	-2.570000e+000	-2.570000e+000	1.514650e-007	-1.514650e-007	-1.168773e-001	1.168773e-001	-5.681570e-010	5.681570e-010	-1.508969e-007	4.545241e-002	-4.545226e-002	4.545226e-002	7.142500e-002	-2.502790e-009	2.502790e-009	5.681569e-010	-5.681570e-010	1.168773e-001
1.000001942600557e-003	-2.972581e-001	1.572580e-001	-5.000000e+000	-4.999831e+000	-1.693176e-004	-2.727257e+000	-2.272743e+000	-2.500000e+000	-2.500000e+000	-2.570001e+000	-2.569999e+000	5.157790e-008	-5.157790e-008	-1.168752e-001	1.168752e-001	-5.681445e-010	5.681445e-010	-5.100976e-008	4.545151e-002	-4.545146e-002	4.545146e-002	7.142373e-002	-3.386353e-009	3.386353e-009	5.681445e-010	-5.681446e-010	1.168752e-001
1.000002698586926e-003	-2.972498e-001	1.572497e-001	-5.000000e+000	-4.999743e+000	-2.576710e-004	-2.727250e+000	-2.272750e+000	-2.500000e+000	-2.500000e+000	-2.570000e+000	-2.570000e+000	6.723264e-008	-6.723264e-008	-1.168711e-001	1.168711e-001	-5.681248e-010	5.681248e-010	-6.666451e-008	4.544992e-002	-4.544985e-002	4.544985e-002	7.142121e-002	-5.153419e-009	5.153419e-009	5.681249e-010	-5.681249e-010	1.168711e-001
1.000004210559663e-003	-2.972338e-001	1.572340e-001	-5.000000e+000	-4.999566e+000	-4.343659e-004	-2.727233e+000	-2.272767e+000	-2.500000e+000	-2.500000e+000	-2.570000e+000	-2.569999e+000	6.241286e-008	-6.241286e-008	-1.168628e-001	1.168628e-001	-5.680846e-010	5.680846e-010	-6.184477e-008	4.544671e-002	-4.544664e-002	4.544664e-002	7.141616e-002	-8.687318e-009	8.687318e-009	5.680846e-010	-5.680846e-010	1.168628e-001
1.000007234505138e-003	-2.972016e-001	1.572015e-001	-5.000000e+000	-4.999212e+000	-7.877089e-004	-2.727201e+000	-2.272799e+000	-2.500000e+000	-2.500000e+000	-2.570000e+000	-2.570000e+000	6.431674e-008	-6.431674e-008	-1.168463e-001	1.168463e-001	-5.680043e-010	5.680043e-010	-6.374874e-008	4.544028e-002	-4.544022e-002	4.544022e-002	7.140607e-002	-1.575418e-008	1.575418e-008	5.680044e-010	-5.680043e-010	1.168463e-001
1.000227550532568e-003	-2.948802e-001	1.548802e-001	-5.000000e+000	-4.973676e+000	-2.632417e-002	-2.724880e+000	-2.275120e+000	-2.500000e+000	-2.500000e+000	-2.570000e+000	-2.570000e+000	6.329410e-008	-6.329410e-008	-1.156518e-001	1.156518e-001	-5.622006e-010	5.622006e-010	-6.273191e-008	4.497598e-002	-4.497592e-002	4.497592e-002	7.067645e-002	-5.264835e-007	5.264835e-007	5.622006e-010	-5.622005e-010	1.156524e-001
1.000447866559998e-003	-2.925842e-001	1.525842e-001	-5.000000e+000	-4.948419e+000	-5.158119e-002	-2.722584e+000	-2.277416e+000	-2.500000e+000	-2.500000e+000	-2.570000e+000	-2.570000e+000	6.237463e-008	-6.237463e-008	-1.144705e-001	1.144705e-001	-5.564603e-010	5.564603e-010	-6.181817e-008	4.451676e-002	-4.451670e-002	4.451670e-002	6.995482e-002	-1.031624e-006	1.031624e-006	5.564603e-010	-5.564603e-010	1.144715e-001
1.000668182587428e-003	-2.903135e-001	1.503136e-001	-5.000000e+000	-4.923441e+000	-7.655878e-002	-2.720313e+000	-2.279687e+000	-2.500000e+000	-2.500000e+000	-2.570000e+000	-2.569999e+000	6.155831e-008	-6.155831e-008	-1.133022e-001	1.133022e-001	-5.507836e-010	5.507836e-010	-6.100752e-008	4.406262e-002	-4.406256e-002	4.406256e-002	6.924117e-002	-1.531176e-006	1.531176e-006	5.507835e-010	-5.507835e-010	1.133037e-001
1.000888498614858e-003	-2.880682e-001	1.480683e-001	-5.000000e+000	-4.898743e+000	-1.012569e-001	-2.718068e+000	-2.281932e+000	-2.500000e+000	-2.500000e+000	-2.570000e+000	-2.569999e+000	6.084514e-008	-6.084514e-008	-1.121470e-001	1.121470e-001	-5.451703e-010	5.451703e-010	-6.029997e-008	4.361356e-002	-4.361350e-002	4.361350e-002	6.853551e-002	-2.025139e-006	2.025139e-006	5.451703e-010	-5.451703e-010	1.121490e-001
1.001108814642288e-003	-2.858483e-001	1.458484e-001	-5.000000e+000	-4.874325e+000	-1.256757e-001	-2.715848e+000	-2.284152e+000	-2.500000e+000	-2.500000e+000	-2.570000e+000	-2.570000e+000	6.023513e-008	-6.023513e-008	-1.110048e-001	1.110048e-001	-5.396206e-010	5.396206e-010	-5.969551e-008	4.316959e-002	-4.316953e-002	4.316953e-002	6.783784e-002	-2.513513e-006	2.513513e-006	5.396206e-010	-5.396206e-010	1.110074e-001
1.001329130669718e-003	-2.836538e-001	1.436538e-001	-5.000000e+000	-4.850185e+000	-1.498149e-001	-2.713653e+000	-2.286347e+000	-2.500000e+000	-2.500000e+000	-2.570000e+000	-2.570000e+000	5.972827e-008	-5.972827e-008	-1.098758e-001	1.098758e-001	-5.341344e-010	5.341344e-010	-5.919414e-008	4.273069e-002	-4.273063e-002	4.273063e-002	6.714814e-002	-2.996299e-006	2.996299e-006	5.341344e-010	-5.341344e-010	1.098788e-001
1.001549446697148e-003	-2.814846e-001	1.414845e-001	-5.000000e+000	-4.826325e+000	-1.736748e-001	-2.711484e+000	-2.288516e+000	-2.500000e+000	-2.500000e+000	-2.570000e+000	-2.570000e+000	5.932457e-008	-5.932457e-008	-1.087598e-001	1.087598e-001	-5.287117e-010	5.287117e-010	-5.879586e-008	4.229688e-002	-4.229682e-002	4.229682e-002	6.646644e-002	-3.473496e-006	3.473496e-006	5.287117e-010	-5.287117e-010	1.087632e-001
1.002549446697148e-003	-2.718489e-001	1.318488e-001	-5.000000e+000	-4.720330e+000	-2.796699e-001	-2.701849e+000	-2.298151e+000	-2.500000e+000	-2.500000e+000	-2.570000e+000	-2.570000e+000	5.661944e-008	-5.661944e-008	-1.038020e-001	1.038020e-001	-5.046218e-010	5.046218e-010	-5.611482e-008	4.036969e-002	-4.036963e-002	4.036963e-002	6.343800e-002	-5.593399e-006	5.593399e-006	5.046218e-010	-5.046218e-010	1.038076e-001
1.003549446697147e-003	-2.626276e-001	1.226275e-001	-5.000000e+000	-4.618900e+000	-3.810999e-001	-2.692627e+000	-2.307373e+000	-2.500000e+000	-2.500000e+000	-2.570000e+000	-2.570000e+000	5.403169e-008	-5.403169e-008	-9.905784e-002	9.905784e-002	-4.815695e-010	4.815695e-010	-5.355012e-008	3.852551e-002	-3.852545e-002	3.852545e-002	6.054001e-002	-7.621998e-006	7.621998e-006	4.815695e-010	-4.815695e-010	9.906545e-002
1.004549446697147e-003	-2.538285e-001	1.138284e-001	-5.000000e+000	-4.522106e+000	-4.778940e-001	-2.683828e+000	-2.316172e+000	-2.500000e+000	-2.500000e+000	-2.570000e+000	-2.570000e+000	5.156220e-008	-5.156220e-008	-9.453046e-002	9.453046e-002	-4.595708e-010	4.595708e-010	-5.110263e-008	3.676561e-002	-3.676556e-002	3.676556e-002	5.777446e-002	-9.557881e-006	9.557881e-006	4.595707e-010	-4.595707e-010	9.454001e-002
1.005549446697147e-003	-2.454309e-001	1.054308e-001	-5.000000e+000	-4.429736e+000	-5.702643e-001	-2.675431e+000	-2.324569e+000	-2.500000e+000	-2.500000e+000	-2.570000e+000	-2.570000e+000	4.920559e-008	-4.920559e-008	-9.021001e-002	9.021001e-002	-4.385775e-010	4.385775e-010	-4.876701e-008	3.508615e-002	-3.508610e-002	3.508610e-002	5.513531e-002	-1.140529e-005	1.140529e-005	4.385775e-010	-4.385775e-010	9.022141e-002
1.006549446697147e-003	-2.374175e-001	9.741735e-002	-5.000000e+000	-4.341587e+000	-6.584128e-001	-2.667417e+000	-2.332583e+000	-2.500000e+000	-2.500000e+000	-2.570000e+000	-2.570000e+000	4.695667e-008	-4.695667e-008	-8.608701e-002	8.608701e-002	-4.185437e-010	4.185437e-010	-4.653813e-008	3.348345e-002	-3.348340e-002	3.348340e-002	5.261678e-002	-1.316826e-005	1.316826e-005	4.185437e-010	-4.185437e-010	8.610018e-002
1.007549446697147e-003	-2.297702e-001	8.977008e-002	-5.000000e+000	-4.257467e+000	-7.425325e-001	-2.659770e+000	-2.340230e+000	-2.500000e+000	-2.500000e+000	-2.570000e+000	-2.570000e+000	4.481055e-008	-4.481055e-008	-8.215246e-002	8.215246e-002	-3.994255e-010	3.994255e-010	-4.441112e-008	3.195399e-002	-3.195395e-002	3.195395e-002	5.021336e-002	-1.485065e-005	1.485065e-005	3.994255e-010	-3.994255e-010	8.216731e-002
1.009549446697147e-003	-2.155082e-001	7.550812e-002	-5.000000e+000	-4.100586e+000	-8.994138e-001	-2.645508e+000	-2.354492e+000	-2.500000e+000	-2.500000e+000	-2.570000e+000	-2.570000e+000	4.080808e-008	-4.080808e-008	-7.481461e-002	7.481461e-002	-3.637706e-010	3.637706e-010	-4.044431e-008	2.910160e-002	-2.910156e-002	2.910156e-002	4.573104e-002	-1.798828e-005	1.798828e-005	3.637706e-010	-3.637706e-010	7.483260e-002
1.011549446697147e-003	-2.025199e-001	6.252003e-002	-5.000000e+000	-3.957718e+000	-1.042282e+000	-2.632520e+000	-2.367480e+000	-2.500000e+000	-2.500000e+000	-2.570000e+000	-2.570000e+000	3.716311e-008	-3.716311e-008	-6.813218e-002	6.813218e-002	-3.313003e-010	3.313003e-010	-3.683181e-008	2.650399e-002	-2.650395e-002	2.650395e-002	4.164907e-002	-2.084565e-005	2.084565e-005	3.313003e-010	-3.313003e-010	6.815302e-002
1.013549446697147e-003	-1.906919e-001	5.069208e-002	-5.000000e+000	-3.827610e+000	-1.172390e+000	-2.620692e+000	-2.379308e+000	-2.500000e+000	-2.500000e+000	-2.570000e+000	-2.570000e+000	3.384370e-008	-3.384370e-008	-6.204662e-002	6.204662e-002	-3.017303e-010	3.017303e-010	-3.354197e-008	2.413839e-002	-2.413836e-002	2.413836e-002	3.793171e-002	-2.344780e-005	2.344780e-005	3.017304e-010	-3.017303e-010	6.207007e-002
1.016549446697146e-003	-1.749012e-001	3.490138e-002	-5.000000e+000	-3.653910e+000	-1.346090e+000	-2.604901e+000	-2.395099e+000	-2.500000e+000	-2.500000e+000	-2.570000e+000	-2.570000e+000	2.941214e-008	-2.941214e-008	-5.392212e-002	5.392212e-002	-2.622530e-010	2.622530e-010	-2.914989e-008	2.098021e-002	-2.098018e-002	2.098018e-002	3.296886e-002	-2.692180e-005	2.692180e-005	2.622530e-010	-2.622530e-010	5.394904e-002
1.019549446697146e-003	-1.611779e-001	2.117801e-002	-5.000000e+000	-3.502955e+000	-1.497045e+000	-2.591178e+000	-2.408822e+000	-2.500000e+000	-2.500000e+000	-2.570000e+000	-2.570000e+000	2.556086e-008	-2.556086e-008	-4.686145e-002	4.686145e-002	-2.279449e-010	2.279449e-010	-2.533292e-008	1.823557e-002	-1.823554e-002	1.823554e-002	2.865585e-002	-2.994090e-005	2.994090e-005	2.279449e-010	-2.279449e-010	4.689140e-002
1.022549446697146e-003	-1.492517e-001	9.251833e-003	-5.000000e+000	-3.371766e+000	-1.628234e+000	-2.579252e+000	-2.420748e+000	-2.500000e+000	-2.500000e+000	-2.570000e+000	-2.570000e+000	2.221387e-008	-2.221387e-008	-4.072532e-002	4.072532e-002	-1.981292e-010	1.981292e-010	-2.201574e-008	1.585031e-002	-1.585029e-002	1.585029e-002	2.490760e-002	-3.256468e-005	3.256468e-005	1.981292e-010	-1.981292e-010	4.075789e-002
1.025549446697146e-003	-1.388867e-001	-1.113176e-003	-5.000000e+000	-3.257755e+000	-1.742245e+000	-2.568887e+000	-2.431113e+000	-2.500000e+000	-2.500000e+000	-2.570000e+000	-2.570000e+000	1.930515e-008	-1.930515e-008	-3.539267e-002	3.539267e-002	-1.722176e-010	1.722176e-010	-1.913293e-008	1.377739e-002	-1.377737e-002	1.377737e-002	2.165015e-002	-3.484490e-005	3.484490e-005	1.722176e-010	-1.722175e-010	3.542752e-002
1.028549446697145e-003	-1.298795e-001	-1.012039e-002	-5.000000e+000	-3.158673e+000	-1.841327e+000	-2.559879e+000	-2.440121e+000	-2.500000e+000	-2.500000e+000	-2.570000e+000	-2.570000e+000	1.677729e-008	-1.677729e-008	-3.075829e-002	3.075829e-002	-1.496989e-010	1.496989e-010	-1.662759e-008	1.197589e-002	-1.197588e-002	1.197588e-002	1.881924e-002	-3.682654e-005	3.682654e-005	1.496989e-010	-1.496989e-010	3.079511e-002
1.031549446697145e-003	-1.220515e-001	-1.794863e-002	-5.000000e+000	-3.072565e+000	-1.927435e+000	-2.552052e+000	-2.447948e+000	-2.500000e+000	-2.500000e+000	-2.570000e+000	-2.570000e+000	1.458044e-008	-1.458044e-008	-2.673074e-002	2.673074e-002	-1.301288e-010	1.301288e-010	-1.445031e-008	1.041029e-002	-1.041028e-002	1.041028e-002	1.635901e-002	-3.854869e-005	3.854869e-005	1.301288e-010	-1.301288e-010	2.676929e-002
1.034549446697145e-003	-1.152487e-001	-2.475119e-002	-5.000000e+000	-2.997733e+000	-2.002267e+000	-2.545249e+000	-2.454751e+000	-2.500000e+000	-2.500000e+000	-2.570000e+000	-2.570000e+000	1.267125e-008	-1.267125e-008	-2.323056e-002	2.323056e-002	-1.131213e-010	1.131213e-010	-1.255813e-008	9.049693e-003	-9.049681e-003	9.049681e-003	1.422093e-002	-4.004535e-005	4.004535e-005	1.131213e-010	-1.131213e-010	2.327061e-002
1.037549446697145e-003	-1.093361e-001	-3.066397e-002	-5.000000e+000	-2.932698e+000	-2.067302e+000	-2.539336e+000	-2.460664e+000	-2.500000e+000	-2.500000e+000	-2.570000e+000	-2.570000e+000	1.101205e-008	-1.101205e-008	-2.018871e-002	2.018871e-002	-9.834081e-011	9.834081e-011	-1.091371e-008	7.867254e-003	-7.867243e-003	7.867243e-003	1.236281e-002	-4.134603e-005	4.134603e-005	9.834085e-011	-9.834081e-011	2.023005e-002
1.040549446697144e-003	-1.041985e-001	-3.580165e-002	-5.000000e+000	-2.876180e+000	-2.123820e+000	-2.534198e+000	-2.465802e+000	-2.500000e+000	-2.500000e+000	-2.570000e+000	-2.570000e+000	9.570114e-009	-9.570114e-009	-1.754516e-002	1.754516e-002	-8.549569e-011	8.549569e-011	-9.484618e-009	6.839646e-003	-6.839636e-003	6.839636e-003	1.074800e-002	-4.247640e-005	4.247640e-005	8.549569e-011	-8.549571e-011	1.758764e-002
1.043549446697144e-003	-9.973311e-002	-4.026699e-002	-5.000000e+000	-2.827062e+000	-2.172938e+000	-2.529733e+000	-2.470267e+000	-2.500000e+000	-2.500000e+000	-2.570000e+000	-2.570000e+000	8.316984e-009	-8.316984e-009	-1.524776e-002	1.524776e-002	-7.433253e-011	7.433253e-011	-8.242653e-009	5.946594e-003	-5.946586e-003	5.946586e-003	9.344636e-003	-4.345876e-005	4.345876e-005	7.433253e-011	-7.433254e-011	1.529122e-002
1.046549446697144e-003	-9.585261e-002	-4.414749e-002	-5.000000e+000	-2.784376e+000	-2.215624e+000	-2.525852e+000	-2.474148e+000	-2.500000e+000	-2.500000e+000	-2.570000e+000	-2.570000e+000	7.227943e-009	-7.227943e-009	-1.325119e-002	1.325119e-002	-6.463110e-011	6.463110e-011	-7.163310e-009	5.170481e-003	-5.170474e-003	5.170474e-003	8.125031e-003	-4.431248e-005	4.431248e-005	6.463109e-011	-6.463106e-011	1.329551e-002
1.049549446697144e-003	-9.247994e-002	-4.752016e-002	-5.000000e+000	-2.747279e+000	-2.252721e+000	-2.522480e+000	-2.477520e+000	-2.500000e+000	-2.500000e+000	-2.570000e+000	-2.570000e+000	6.281502e-009	-6.281502e-009	-1.151606e-002	1.151606e-002	-5.619999e-011	5.619999e-011	-6.225302e-009	4.495993e-003	-4.495987e-003	4.495987e-003	7.065123e-003	-4.505441e-005	4.505441e-005	5.620002e-011	-5.619999e-011	1.156111e-002
1.052549446697143e-003	-8.954930e-002	-5.045080e-002	-5.000000e+000	-2.715040e+000	-2.284960e+000	-2.519549e+000	-2.480451e+000	-2.500000e+000	-2.500000e+000	-2.570000e+000	-2.570000e+000	5.458989e-009	-5.458989e-009	-1.000812e-002	1.000812e-002	-4.887287e-011	4.887287e-011	-5.410117e-009	3.909824e-003	-3.909819e-003	3.909819e-003	6.144002e-003	-4.569920e-005	4.569920e-005	4.887291e-011	-4.887288e-011	1.005382e-002
1.055549446697143e-003	-8.700204e-002	-5.299807e-002	-5.000000e+000	-2.687022e+000	-2.312978e+000	-2.517002e+000	-2.482998e+000	-2.500000e+000	-2.500000e+000	-2.570000e+000	-2.570000e+000	4.744180e-009	-4.744179e-009	-8.697638e-003	8.697638e-003	-4.250517e-011	4.250517e-011	-4.701674e-009	3.400409e-003	-3.400405e-003	3.400405e-003	5.343494e-003	-4.625956e-005	4.625956e-005	4.250519e-011	-4.250518e-011	8.743898e-003
1.058549446697143e-003	-8.478856e-002	-5.521154e-002	-5.000000e+000	-2.662673e+000	-2.337327e+000	-2.514788e+000	-2.485212e+000	-2.500000e+000	-2.500000e+000	-2.570000e+000	-2.570000e+000	4.122967e-009	-4.122967e-009	-7.558753e-003	7.558753e-003	-3.697128e-011	3.697128e-011	-4.085996e-009	2.957698e-003	-2.957694e-003	2.957694e-003	4.647805e-003	-4.674654e-005	4.674654e-005	3.697128e-011	-3.697127e-011	7.605500e-003
1.061549446697143e-003	-8.286476e-002	-5.713534e-002	-5.000000e+000	-2.641512e+000	-2.358488e+000	-2.512865e+000	-2.487135e+000	-2.500000e+000	-2.500000e+000	-2.570000e+000	-2.570000e+000	3.583098e-009	-3.583098e-009	-6.568995e-003	6.568995e-003	-3.216200e-011	3.216200e-011	-3.550936e-009	2.572956e-003	-2.572953e-003	2.572953e-003	4.043212e-003	-4.716975e-005	4.716975e-005	3.216202e-011	-3.216197e-011	6.616165e-003
1.064549446697142e-003	-8.119321e-002	-5.880690e-002	-5.000000e+000	-2.623122e+000	-2.376878e+000	-2.511193e+000	-2.488807e+000	-2.500000e+000	-2.500000e+000	-2.570000e+000	-2.570000e+000	3.113920e-009	-3.113920e-009	-5.708839e-003	5.708839e-003	-2.798246e-011	2.798246e-011	-3.085937e-009	2.238594e-003	-2.238591e-003	2.238591e-003	3.517786e-003	-4.753755e-005	4.753755e-005	2.798248e-011	-2.798247e-011	5.756376e-003
1.067549446697142e-003	-7.974005e-002	-6.026006e-002	-5.000000e+000	-2.607141e+000	-2.392859e+000	-2.509740e+000	-2.490260e+000	-2.500000e+000	-2.500000e+000	-2.570000e+000	-2.570000e+000	2.706178e-009	-2.706178e-009	-4.961312e-003	4.961312e-003	-2.435020e-011	2.435020e-011	-2.681828e-009	1.948013e-003	-1.948010e-003	1.948010e-003	3.061159e-003	-4.785719e-005	4.785719e-005	2.435020e-011	-2.435019e-011	5.009170e-003
1.070549446697142e-003	-7.847762e-002	-6.152248e-002	-5.000000e+000	-2.593251e+000	-2.406749e+000	-2.508477e+000	-2.491523e+000	-2.500000e+000	-2.500000e+000	-2.570000e+000	-2.570000e+000	2.351825e-009	-2.351825e-009	-4.311669e-003	4.311669e-003	-2.119355e-011	2.119355e-011	-2.330631e-009	1.695481e-003	-1.695479e-003	1.695479e-003	2.664325e-003	-4.813497e-005	4.813497e-005	2.119355e-011	-2.119352e-011	4.359804e-003
1.073549446697142e-003	-7.737994e-002	-6.262016e-002	-5.000000e+000	-2.581181e+000	-2.418819e+000	-2.507380e+000	-2.492620e+000	-2.500000e+000	-2.500000e+000	-2.570000e+000	-2.570000e+000	2.043874e-009	-2.043874e-009	-3.747090e-003	3.747090e-003	-1.845023e-011	1.845023e-011	-2.025423e-009	1.476017e-003	-1.476015e-003	1.476015e-003	2.319452e-003	-4.837638e-005	4.837638e-005	1.845022e-011	-1.845019e-011	3.795467e-003
1.076549446697141e-003	-7.642651e-002	-6.357360e-002	-5.000000e+000	-2.570691e+000	-2.429309e+000	-2.506426e+000	-2.493574e+000	-2.500000e+000	-2.500000e+000	-2.570000e+000	-2.570000e+000	1.776244e-009	-1.776244e-009	-3.256439e-003	3.256439e-003	-1.606614e-011	1.606614e-011	-1.760178e-009	1.285289e-003	-1.285288e-003	1.285288e-003	2.019738e-003	-4.858619e-005	4.858619e-005	1.606613e-011	-1.606612e-011	3.305025e-003
1.079549446697141e-003	-7.559752e-002	-6.440258e-002	-5.000000e+000	-2.561574e+000	-2.438426e+000	-2.505598e+000	-2.494402e+000	-2.500000e+000	-2.500000e+000	-2.570000e+000	-2.570000e+000	1.543660e-009	-1.543660e-009	-2.830035e-003	2.830035e-003	-1.399422e-011	1.399422e-011	-1.529665e-009	1.119536e-003	-1.119534e-003	1.119534e-003	1.759269e-003	-4.876851e-005	4.876851e-005	1.399422e-011	-1.399419e-011	2.878803e-003
1.082549446697141e-003	-7.487774e-002	-6.512237e-002	-5.000000e+000	-2.553652e+000	-2.446348e+000	-2.504878e+000	-2.495122e+000	-2.500000e+000	-2.500000e+000	-2.570000e+000	-2.570000e+000	1.341530e-009	-1.341530e-009	-2.459465e-003	2.459465e-003	-1.219360e-011	1.219360e-011	-1.329336e-009	9.754869e-004	-9.754855e-004	9.754855e-004	1.532906e-003	-4.892697e-005	4.892697e-005	1.219360e-011	-1.219358e-011	2.508391e-003
1.085549446697141e-003	-7.425141e-002	-6.574869e-002	-5.000000e+000	-2.546766e+000	-2.453234e+000	-2.504251e+000	-2.495749e+000	-2.500000e+000	-2.500000e+000	-2.570000e+000	-2.570000e+000	1.165867e-009	-1.165867e-009	-2.137417e-003	2.137417e-003	-1.062876e-011	1.062876e-011	-1.155239e-009	8.502997e-004	-8.502986e-004	8.502986e-004	1.336184e-003	-4.906467e-005	4.906467e-005	1.062876e-011	-1.062877e-011	2.186482e-003
1.088549446697140e-003	-7.370782e-002	-6.629229e-002	-5.000000e+000	-2.540783e+000	-2.459217e+000	-2.503708e+000	-2.496292e+000	-2.500000e+000	-2.500000e+000	-2.570000e+000	-2.570000e+000	1.013206e-009	-1.013206e-009	-1.857540e-003	1.857540e-003	-9.268823e-012	9.268824e-012	-1.003937e-009	7.415048e-004	-7.415038e-004	7.415038e-004	1.165221e-003	-4.918435e-005	4.918435e-005	9.268853e-012	-9.268820e-012	1.906724e-003
1.091549446697140e-003	-7.323480e-002	-6.676531e-002	-5.000000e+000	-2.535583e+000	-2.464417e+000	-2.503235e+000	-2.496765e+000	-2.500000e+000	-2.500000e+000	-2.570000e+000	-2.570000e+000	8.805356e-010	-8.805356e-010	-1.614310e-003	1.614310e-003	-8.086957e-012	8.086959e-012	-8.724483e-010	6.469558e-004	-6.469549e-004	6.469549e-004	1.016644e-003	-4.928835e-005	4.928835e-005	8.086923e-012	-8.086926e-012	1.663598e-003
1.094549446697140e-003	-7.282400e-002	-6.717610e-002	-5.000000e+000	-2.531063e+000	-2.468937e+000	-2.502824e+000	-2.497176e+000	-2.500000e+000	-2.500000e+000	-2.570000e+000	-2.570000e+000	7.652359e-010	-7.652354e-010	-1.402929e-003	1.402929e-003	-7.059848e-012	7.059850e-012	-7.581762e-010	5.647872e-004	-5.647864e-004	5.647864e-004	8.875216e-004	-4.937873e-005	4.937873e-005	7.059888e-012	-7.059863e-012	1.452308e-003
1.097549446697140e-003	-7.246685e-002	-6.753325e-002	-5.000000e+000	-2.527136e+000	-2.472864e+000	-2.502467e+000	-2.497533e+000	-2.500000e+000	-2.500000e+000	-2.570000e+000	-2.570000e+000	6.650351e-010	-6.650351e-010	-1.219227e-003	1.219227e-003	-6.167231e-012	6.167232e-012	-6.588676e-010	4.933779e-004	-4.933772e-004	4.933772e-004	7.753071e-004	-4.945729e-005	4.945729e-005	6.167256e-012	-6.167244e-012	1.268684e-003
1.100549446697139e-003	-7.215691e-002	-6.784320e-002	-5.000000e+000	-2.523722e+000	-2.476278e+000	-2.502157e+000	-2.497843e+000	-2.500000e+000	-2.500000e+000	-2.570000e+000	-2.570000e+000	5.779537e-010	-5.779537e-010	-1.059579e-003	1.059579e-003	-5.391494e-012	5.391495e-012	-5.725620e-010	4.313190e-004	-4.313184e-004	4.313184e-004	6.777862e-004	-4.952555e-005	4.952555e-005	5.391505e-012	-5.391459e-012	1.109105e-003
1.103549446697139e-003	-7.188678e-002	-6.811333e-002	-5.000000e+000	-2.520756e+000	-2.479244e+000	-2.501887e+000	-2.498113e+000	-2.500000e+000	-2.500000e+000	-2.570000e+000	-2.570000e+000	5.022764e-010	-5.022760e-010	-9.208358e-004	9.208358e-004	-4.717334e-012	4.717335e-012	-4.975584e-010	3.773863e-004	-3.773858e-004	3.773858e-004	5.930348e-004	-4.958488e-005	4.958488e-005	4.717342e-012	-4.717324e-012	9.704207e-004
1.106549446697139e-003	-7.165265e-002	-6.834745e-002	-5.000000e+000	-2.518178e+000	-2.481822e+000	-2.501652e+000	-2.498348e+000	-2.500000e+000	-2.500000e+000	-2.570000e+000	-2.570000e+000	4.365064e-010	-4.365064e-010	-8.002598e-004	8.002598e-004	-4.131450e-012	4.131451e-012	-4.323750e-010	3.305156e-004	-3.305151e-004	3.305151e-004	5.193810e-004	-4.963643e-005	4.963643e-005	4.131434e-012	-4.131450e-012	8.498962e-004
1.109549446697139e-003	-7.144904e-002	-6.855106e-002	-5.000000e+000	-2.515938e+000	-2.484062e+000	-2.501449e+000	-2.498551e+000	-2.500000e+000	-2.500000e+000	-2.570000e+000	-2.570000e+000	3.793494e-010	-3.793494e-010	-6.954722e-004	6.954722e-004	-3.622282e-012	3.622283e-012	-3.757274e-010	2.897822e-004	-2.897819e-004	2.897819e-004	4.553716e-004	-4.968124e-005	4.968124e-005	3.622282e-012	-3.622263e-012	7.451534e-004
1.112549446697138e-003	-7.127213e-002	-6.872797e-002	-5.000000e+000	-2.513991e+000	-2.486009e+000	-2.501272e+000	-2.498728e+000	-2.500000e+000	-2.500000e+000	-2.570000e+000	-2.570000e+000	3.296763e-010	-3.296763e-010	-6.044057e-004	6.044057e-004	-3.179786e-012	3.179787e-012	-3.264962e-010	2.543826e-004	-2.543823e-004	2.543823e-004	3.997436e-004	-4.972018e-005	4.972018e-005	3.179802e-012	-3.179763e-012	6.541259e-004
1.115549446697138e-003	-7.111812e-002	-6.888199e-002	-5.000000e+000	-2.512299e+000	-2.487701e+000	-2.501118e+000	-2.498882e+000	-2.500000e+000	-2.500000e+000	-2.570000e+000	-2.570000e+000	2.865090e-010	-2.865090e-010	-5.252637e-004	5.252637e-004	-2.795231e-012	2.795232e-012	-2.837135e-010	2.236183e-004	-2.236180e-004	2.236180e-004	3.513997e-004	-4.975402e-005	4.975402e-005	2.795239e-012	-2.795192e-012	5.750177e-004
1.118549446697138e-003	-7.098460e-002	-6.901550e-002	-5.000000e+000	-2.510828e+000	-2.489172e+000	-2.500984e+000	-2.499016e+000	-2.500000e+000	-2.500000e+000	-2.570000e+000	-2.570000e+000	2.489924e-010	-2.489924e-010	-4.564846e-004	4.564846e-004	-2.461031e-012	2.461032e-012	-2.465317e-010	1.968823e-004	-1.968820e-004	1.968820e-004	3.093861e-004	-4.978343e-005	4.978343e-005	2.461016e-012	-2.460998e-012	5.062681e-004
1.121549446697138e-003	-7.086825e-002	-6.913185e-002	-5.000000e+000	-2.509551e+000	-2.490449e+000	-2.500868e+000	-2.499132e+000	-2.500000e+000	-2.500000e+000	-2.570000e+000	-2.570000e+000	2.163887e-010	-2.163887e-010	-3.967117e-004	3.967117e-004	-2.170591e-012	2.170592e-012	-2.142184e-010	1.736471e-004	-1.736469e-004	1.736469e-004	2.728737e-004	-4.980899e-005	4.980899e-005	2.170592e-012	-2.170587e-012	4.465207e-004
1.124549446697137e-003	-7.076740e-002	-6.923270e-002	-5.000000e+000	-2.508440e+000	-2.491560e+000	-2.500767e+000	-2.499233e+000	-2.500000e+000	-2.500000e+000	-2.570000e+000	-2.570000e+000	1.880536e-010	-1.880536e-010	-3.447655e-004	3.447655e-004	-1.918182e-012	1.918183e-012	-1.861360e-010	1.534544e-004	-1.534543e-004	1.534543e-004	2.411424e-004	-4.983120e-005	4.983120e-005	1.918191e-012	-1.918172e-012	3.945967e-004
1.127549446697137e-003	-7.067943e-002	-6.932068e-002	-5.000000e+000	-2.507475e+000	-2.492525e+000	-2.500679e+000	-2.499321e+000	-2.500000e+000	-2.500000e+000	-2.570000e+000	-2.570000e+000	1.634310e-010	-1.634310e-010	-2.996212e-004	2.996212e-004	-1.698824e-012	1.698826e-012	-1.617315e-010	1.359058e-004	-1.359057e-004	1.359057e-004	2.135661e-004	-4.985050e-005	4.985050e-005	1.698840e-012	-1.698800e-012	3.494717e-004
1.130549446697137e-003	-7.060337e-002	-6.939673e-002	-5.000000e+000	-2.506636e+000	-2.493364e+000	-2.500603e+000	-2.499397e+000	-2.500000e+000	-2.500000e+000	-2.570000e+000	-2.570000e+000	1.420299e-010	-1.420299e-010	-2.603882e-004	2.603882e-004	-1.508189e-012	1.508191e-012	-1.405214e-010	1.206551e-004	-1.206549e-004	1.206549e-004	1.896006e-004	-4.986728e-005	4.986728e-005	1.508203e-012	-1.508212e-012	3.102555e-004
1.133549446697137e-003	-7.053685e-002	-6.946325e-002	-5.000000e+000	-2.505907e+000	-2.494093e+000	-2.500537e+000	-2.499463e+000	-2.500000e+000	-2.500000e+000	-2.570000e+000	-2.570000e+000	1.234333e-010	-1.234333e-010	-2.262925e-004	2.262925e-004	-1.342516e-012	1.342518e-012	-1.220908e-010	1.074013e-004	-1.074011e-004	1.074011e-004	1.687732e-004	-4.988186e-005	4.988186e-005	1.342527e-012	-1.342508e-012	2.761744e-004
1.136549446697136e-003	-7.047939e-002	-6.952071e-002	-5.000000e+000	-2.505274e+000	-2.494726e+000	-2.500479e+000	-2.499521e+000	-2.500000e+000	-2.500000e+000	-2.570000e+000	-2.570000e+000	1.072693e-010	-1.072693e-010	-1.966613e-004	1.966613e-004	-1.198537e-012	1.198539e-012	-1.060712e-010	9.588293e-005	-9.588283e-005	9.588283e-005	1.506730e-004	-4.989453e-005	4.989453e-005	1.198570e-012	-1.198551e-012	2.465559e-004
1.139549446697136e-003	-7.042933e-002	-6.957078e-002	-5.000000e+000	-2.504723e+000	-2.495277e+000	-2.500429e+000	-2.499571e+000	-2.500000e+000	-2.500000e+000	-2.570000e+000	-2.570000e+000	9.322365e-011	-9.322365e-011	-1.709101e-004	1.709101e-004	-1.073411e-012	1.073413e-012	-9.215073e-011	8.587285e-005	-8.587275e-005	8.587275e-005	1.349429e-004	-4.990554e-005	4.990554e-005	1.073419e-012	-1.073435e-012	2.208157e-004
1.142549446697136e-003	-7.038593e-002	-6.961417e-002	-5.000000e+000	-2.504245e+000	-2.495755e+000	-2.500386e+000	-2.499614e+000	-2.500000e+000	-2.500000e+000	-2.570000e+000	-2.570000e+000	8.101697e-011	-8.101697e-011	-1.485308e-004	1.485308e-004	-9.646689e-013	9.646704e-013	-8.005152e-011	7.717349e-005	-7.717341e-005	7.717341e-005	1.212725e-004	-4.991511e-005	4.991511e-005	9.646716e-013	-9.646668e-013	1.984459e-004
1.145549446697136e-003	-7.034802e-002	-6.965208e-002	-5.000000e+000	-2.503829e+000	-2.496171e+000	-2.500348e+000	-2.499652e+000	-2.500000e+000	-2.500000e+000	-2.570000e+000	-2.570000e+000	7.040857e-011	-7.040857e-011	-1.290819e-004	1.290819e-004	-8.701657e-013	8.701673e-013	-6.953860e-011	6.961325e-005	-6.961318e-005	6.961318e-005	1.093922e-004	-4.992343e-005	4.992343e-005	8.702055e-013	-8.701729e-013	1.790053e-004
1.148549446697135e-003	-7.031536e-002	-6.968474e-002	-5.000000e+000	-2.503467e+000	-2.496533e+000	-2.500315e+000	-2.499685e+000	-2.500000e+000	-2.500000e+000	-2.570000e+000	-2.570000e+000	6.118883e-011	-6.118883e-011	-1.121797e-004	1.121797e-004	-7.880370e-013	7.880386e-013	-6.040057e-011	6.304296e-005	-6.304290e-005	6.304290e-005	9.906742e-005	-4.993066e-005	4.993066e-005	7.880516e-013	-7.880190e-013	1.621103e-004
1.151549446697135e-003	-7.028651e-002	-6.971359e-002	-5.000000e+000	-2.503153e+000	-2.496847e+000	-2.500287e+000	-2.499713e+000	-2.500000e+000	-2.500000e+000	-2.570000e+000	-2.570000e+000	5.317746e-011	-5.317746e-011	-9.749065e-005	9.749065e-005	-7.166623e-013	7.166640e-013	-5.246026e-011	5.733300e-005	-5.733295e-005	5.733295e-005	9.009463e-005	-4.993693e-005	4.993693e-005	7.167043e-013	-7.166786e-013	1.474276e-004
1.154549446697135e-003	-7.026196e-002	-6.973815e-002	-5.000000e+000	-2.502880e+000	-2.497120e+000	-2.500262e+000	-2.499738e+000	-2.500000e+000	-2.500000e+000	-2.570000e+000	-2.570000e+000	4.621370e-011	-4.621370e-011	-8.472503e-005	8.472503e-005	-6.546336e-013	6.546353e-013	-4.555911e-011	5.237071e-005	-5.237067e-005	5.237067e-005	8.229676e-005	-4.994239e-005	4.994239e-005	6.546128e-013	-6.545662e-013	1.346674e-004
1.157549446697135e-003	-7.024026e-002	-6.975985e-002	-5.000000e+000	-2.502643e+000	-2.497357e+000	-2.500240e+000	-2.499760e+000	-2.500000e+000	-2.500000e+000	-2.570000e+000	-2.570000e+000	4.016298e-011	-4.016298e-011	-7.363098e-005	7.363098e-005	-6.007270e-013	6.007288e-013	-3.956213e-011	4.805819e-005	-4.805815e-005	4.805815e-005	7.551997e-005	-4.994714e-005	4.994714e-005	6.007583e-013	-6.007395e-013	1.235781e-004
1.160549446697134e-003	-7.022166e-002	-6.977844e-002	-5.000000e+000	-2.502437e+000	-2.497563e+000	-2.500221e+000	-2.499779e+000	-2.500000e+000	-2.500000e+000	-2.570000e+000	-2.570000e+000	3.490364e-011	-3.490364e-011	-6.398960e-005	6.398960e-005	-5.538791e-013	5.538809e-013	-3.434986e-011	4.431036e-005	-4.431033e-005	4.431033e-005	6.963052e-005	-4.995126e-005	4.995126e-005	5.539095e-013	-5.538769e-013	1.139409e-004
1.163549446697134e-003	-7.020521e-002	-6.979489e-002	-5.000000e+000	-2.502258e+000	-2.497742e+000	-2.500205e+000	-2.499795e+000	-2.500000e+000	-2.500000e+000	-2.570000e+000	-2.570000e+000	3.033307e-011	-3.033307e-011	-5.561068e-005	5.561068e-005	-5.131655e-013	5.131674e-013	-2.982059e-011	4.105328e-005	-4.105326e-005	4.105326e-005	6.451226e-005	-4.995484e-005	4.995484e-005	5.131895e-013	-5.131847e-013	1.055655e-004
1.166549446697134e-003	-7.019138e-002	-6.980872e-002	-5.000000e+000	-2.502102e+000	-2.497898e+000	-2.500191e+000	-2.499809e+000	-2.500000e+000	-2.500000e+000	-2.570000e+000	-2.570000e+000	2.636069e-011	-2.636069e-011	-4.832891e-005	4.832891e-005	-4.777831e-013	4.777849e-013	-2.588330e-011	3.822269e-005	-3.822267e-005	3.822267e-005	6.006419e-005	-4.995795e-005	4.995795e-005	4.778064e-013	-4.777737e-013	9.828687e-005
1.169549446697134e-003	-7.017875e-002	-6.982136e-002	-5.000000e+000	-2.501967e+000	-2.498033e+000	-2.500179e+000	-2.499821e+000	-2.500000e+000	-2.500000e+000	-2.570000e+000	-2.570000e+000	2.291012e-011	-2.290923e-011	-4.200063e-005	4.200063e-005	-4.470336e-013	4.470355e-013	-2.246248e-011	3.576274e-005	-3.576272e-005	3.576272e-005	5.619857e-005	-4.996066e-005	4.996066e-005	4.470489e-013	-4.470301e-013	9.196129e-005
1.172549446697133e-003	-7.016826e-002	-6.983185e-002	-5.000000e+000	-2.501849e+000	-2.498151e+000	-2.500168e+000	-2.499832e+000	-2.500000e+000	-2.500000e+000	-2.570000e+000	-2.570000e+000	1.990941e-011	-1.990941e-011	-3.650098e-005	3.650098e-005	-4.203106e-013	4.203125e-013	-1.948885e-011	3.362491e-005	-3.362488e-005	3.362488e-005	5.283911e-005	-4.996301e-005	4.996301e-005	4.203425e-013	-4.203237e-013	8.646400e-005
1.175549446697133e-003	-7.015872e-002	-6.984138e-002	-5.000000e+000	-2.501747e+000	-2.498253e+000	-2.500159e+000	-2.499841e+000	-2.500000e+000	-2.500000e+000	-2.570000e+000	-2.570000e+000	1.730260e-011	-1.730260e-011	-3.172148e-005	3.172148e-005	-3.970867e-013	3.970887e-013	-1.690603e-011	3.176700e-005	-3.176698e-005	3.176698e-005	4.991955e-005	-4.996506e-005	4.996506e-005	3.971064e-013	-3.970806e-013	8.168653e-005
1.178549446697133e-003	-7.015085e-002	-6.984925e-002	-5.000000e+000	-2.501658e+000	-2.498342e+000	-2.500151e+000	-2.499849e+000	-2.500000e+000	-2.500000e+000	-2.570000e+000	-2.570000e+000	1.503686e-011	-1.503686e-011	-2.756780e-005	2.756780e-005	-3.769038e-013	3.769058e-013	-1.465938e-011	3.015237e-005	-3.015236e-005	3.015236e-005	4.738228e-005	-4.996683e-005	4.996683e-005	3.769303e-013	-3.769254e-013	7.753464e-005
1.181549446697133e-003	-7.014370e-002	-6.985641e-002	-5.000000e+000	-2.501581e+000	-2.498419e+000	-2.500144e+000	-2.499856e+000	-2.500000e+000	-2.500000e+000	-2.570000e+000	-2.570000e+000	1.306821e-011	-1.306821e-011	-2.395802e-005	2.395802e-005	-3.593637e-013	3.593657e-013	-1.270939e-011	2.874917e-005	-2.874915e-005	2.874915e-005	4.517724e-005	-4.996837e-005	4.996837e-005	3.593808e-013	-3.593620e-013	7.392640e-005
1.184549446697132e-003	-7.013798e-002	-6.986213e-002	-5.000000e+000	-2.501514e+000	-2.498486e+000	-2.500138e+000	-2.499862e+000	-2.500000e+000	-2.500000e+000	-2.570000e+000	-2.570000e+000	1.135625e-011	-1.135625e-011	-2.082091e-005	2.082091e-005	-3.441203e-013	3.441224e-013	-1.101252e-011	2.752970e-005	-2.752969e-005	2.752969e-005	4.326094e-005	-4.996972e-005	4.996972e-005	3.441088e-013	-3.440761e-013	7.079063e-005
1.187549446697132e-003	-7.013249e-002	-6.986761e-002	-5.000000e+000	-2.501456e+000	-2.498544e+000	-2.500133e+000	-2.499867e+000	-2.500000e+000	-2.500000e+000	-2.570000e+000	-2.570000e+000	9.870327e-012	-9.870327e-012	-1.809458e-005	1.809458e-005	-3.308730e-013	3.308751e-013	-9.539480e-012	2.646991e-005	-2.646990e-005	2.646990e-005	4.159557e-005	-4.997088e-005	4.997088e-005	3.308752e-013	-3.308633e-013	6.806546e-005
1.190549446697132e-003	-7.012796e-002	-6.987214e-002	-5.000000e+000	-2.501405e+000	-2.498595e+000	-2.500128e+000	-2.499872e+000	-2.500000e+000	-2.500000e+000	-2.570000e+000	-2.570000e+000	8.576695e-012	-8.576695e-012	-1.572524e-005	1.572524e-005	-3.193602e-013	3.193624e-013	-8.257839e-012	2.554890e-005	-2.554889e-005	2.554889e-005	4.014825e-005	-4.997190e-005	4.997190e-005	3.193670e-013	-3.193621e-013	6.569714e-005
1.193549446697132e-003	-7.012367e-002	-6.987643e-002	-5.000000e+000	-2.501361e+000	-2.498639e+000	-2.500124e+000	-2.499876e+000	-2.500000e+000	-2.500000e+000	-2.570000e+000	-2.570000e+000	7.454926e-012	-7.454926e-012	-1.366615e-005	1.366615e-005	-3.093550e-013	3.093571e-013	-7.144951e-012	2.474848e-005	-2.474847e-005	2.474847e-005	3.889046e-005	-4.997278e-005	4.997278e-005	3.093628e-013	-3.093093e-013	6.363893e-005
1.196549446697131e-003	-7.012033e-002	-6.987977e-002	-5.000000e+000	-2.501323e+000	-2.498677e+000	-2.500120e+000	-2.499880e+000	-2.500000e+000	-2.500000e+000	-2.570000e+000	-2.570000e+000	6.477929e-012	-6.477929e-012	-1.187668e-005	1.187668e-005	-3.006598e-013	3.006620e-013	-6.177281e-012	2.405287e-005	-2.405286e-005	2.405286e-005	3.779736e-005	-4.997354e-005	4.997354e-005	3.006838e-013	-3.006789e-013	6.185022e-005
1.199549446697131e-003	-7.011724e-002	-6.988287e-002	-5.000000e+000	-2.501290e+000	-2.498710e+000	-2.500117e+000	-2.499883e+000	-2.500000e+000	-2.500000e+000	-2.570000e+000	-2.570000e+000	5.630163e-012	-5.630163e-012	-1.032152e-005	1.032152e-005	-2.931033e-013	2.931055e-013	-5.337508e-012	2.344835e-005	-2.344834e-005	2.344834e-005	3.684739e-005	-4.997421e-005	4.997421e-005	2.930964e-013	-2.931193e-013	6.029573e-005
1.202549446697131e-003	-7.011485e-002	-6.988525e-002	-5.000000e+000	-2.501261e+000	-2.498739e+000	-2.500115e+000	-2.499885e+000	-2.500000e+000	-2.500000e+000	-2.570000e+000	-2.570000e+000	4.892531e-012	-4.892531e-012	-8.970002e-006	8.970002e-006	-2.865361e-013	2.865384e-013	-4.605649e-012	2.292298e-005	-2.292297e-005	2.292297e-005	3.602181e-005	-4.997478e-005	4.997478e-005	2.865431e-013	-2.865105e-013	5.894479e-005
1.205549446697130e-003	-7.011247e-002	-6.988764e-002	-5.000000e+000	-2.501235e+000	-2.498765e+000	-2.500113e+000	-2.499887e+000	-2.500000e+000	-2.500000e+000	-2.570000e+000	-2.570000e+000	4.252154e-012	-4.252154e-012	-7.795454e-006	7.795454e-006	-2.808289e-013	2.808312e-013	-3.971934e-012	2.246640e-005	-2.246640e-005	2.246640e-005	3.530434e-005	-4.997529e-005	4.997529e-005	2.808342e-013	-2.808085e-013	5.777074e-005
1.208549446697130e-003	-7.011056e-002	-6.988955e-002	-5.000000e+000	-2.501214e+000	-2.498786e+000	-2.500110e+000	-2.499890e+000	-2.500000e+000	-2.500000e+000	-2.570000e+000	-2.570000e+000	3.694378e-012	-3.694378e-012	-6.774702e-006	6.774702e-006	-2.758691e-013	2.758714e-013	-3.419043e-012	2.206961e-005	-2.206961e-005	2.206961e-005	3.468082e-005	-4.997572e-005	4.997572e-005	2.759068e-013	-2.758741e-013	5.675042e-005
1.211549446697130e-003	-7.010865e-002	-6.989145e-002	-5.000000e+000	-2.501195e+000	-2.498805e+000	-2.500109e+000	-2.499891e+000	-2.500000e+000	-2.500000e+000	-2.570000e+000	-2.570000e+000	3.211653e-012	-3.211653e-012	-5.887609e-006	5.887609e-006	-2.715586e-013	2.715610e-013	-2.939871e-012	2.172478e-005	-2.172478e-005	2.172478e-005	3.413894e-005	-4.997610e-005	4.997610e-005	2.715240e-013	-2.715330e-013	5.586371e-005
1.214549446697130e-003	-7.010746e-002	-6.989264e-002	-5.000000e+000	-2.501178e+000	-2.498822e+000	-2.500107e+000	-2.499893e+000	-2.500000e+000	-2.500000e+000	-2.570000e+000	-2.570000e+000	2.790657e-012	-2.790657e-012	-5.116674e-006	5.116674e-006	-2.678126e-013	2.678150e-013	-2.522871e-012	2.142510e-005	-2.142510e-005	2.142510e-005	3.366801e-005	-4.997643e-005	4.997643e-005	2.678684e-013	-2.678496e-013	5.509311e-005
1.217549446697129e-003	-7.010579e-002	-6.989431e-002	-5.000000e+000	-2.501164e+000	-2.498836e+000	-2.500106e+000	-2.499894e+000	-2.500000e+000	-2.500000e+000	-2.570000e+000	-2.570000e+000	2.425615e-012	-2.425615e-012	-4.446687e-006	4.446687e-006	-2.645571e-013	2.645595e-013	-2.161382e-012	2.116466e-005	-2.116466e-005	2.116466e-005	3.325875e-005	-4.997672e-005	4.997672e-005	2.645605e-013	-2.645487e-013	5.442341e-005
1.220549446697129e-003	-7.010484e-002	-6.989527e-002	-5.000000e+000	-2.501152e+000	-2.498848e+000	-2.500105e+000	-2.499895e+000	-2.500000e+000	-2.500000e+000	-2.570000e+000	-2.570000e+000	2.107647e-012	-2.107647e-012	-3.864429e-006	3.864429e-006	-2.617278e-013	2.617303e-013	-1.845635e-012	2.093832e-005	-2.093832e-005	2.093832e-005	3.290308e-005	-4.997697e-005	4.997697e-005	2.617187e-013	-2.616721e-013	5.384140e-005
1.223549446697129e-003	-7.010365e-002	-6.989646e-002	-5.000000e+000	-2.501141e+000	-2.498859e+000	-2.500104e+000	-2.499896e+000	-2.500000e+000	-2.500000e+000	-2.570000e+000	-2.570000e+000	1.832312e-012	-1.832312e-012	-3.358414e-006	3.358414e-006	-2.592691e-013	2.592716e-013	-1.572964e-012	2.074162e-005	-2.074162e-005	2.074162e-005	3.259398e-005	-4.997718e-005	4.997718e-005	2.592959e-013	-2.592910e-013	5.333560e-005
1.226549446697129e-003	-7.010317e-002	-6.989694e-002	-5.000000e+000	-2.501131e+000	-2.498869e+000	-2.500103e+000	-2.499897e+000	-2.500000e+000	-2.500000e+000	-2.570000e+000	-2.570000e+000	1.592060e-012	-1.592060e-012	-2.918656e-006	2.918656e-006	-2.571323e-013	2.571348e-013	-1.334932e-012	2.057068e-005	-2.057068e-005	2.057068e-005	3.232535e-005	-4.997737e-005	4.997737e-005	2.571488e-013	-2.571299e-013	5.289603e-005
1.229549446697128e-003	-7.010198e-002	-6.989813e-002	-5.000000e+000	-2.501123e+000	-2.498877e+000	-2.500102e+000	-2.499898e+000	-2.500000e+000	-2.500000e+000	-2.570000e+000	-2.570000e+000	1.384226e-012	-1.384226e-012	-2.536482e-006	2.536482e-006	-2.552752e-013	2.552778e-013	-1.127987e-012	2.042212e-005	-2.042212e-005	2.042212e-005	3.209190e-005	-4.997753e-005	4.997753e-005	2.552728e-013	-2.552331e-013	5.251402e-005
1.232549446697128e-003	-7.010174e-002	-6.989837e-002	-5.000000e+000	-2.501116e+000	-2.498884e+000	-2.500102e+000	-2.499898e+000	-2.500000e+000	-2.500000e+000	-2.570000e+000	-2.570000e+000	1.202594e-012	-1.202594e-012	-2.204350e-006	2.204350e-006	-2.536613e-013	2.536640e-013	-9.485746e-013	2.029301e-005	-2.029301e-005	2.029301e-005	3.188902e-005	-4.997768e-005	4.997768e-005	2.536598e-013	-2.536271e-013	5.218203e-005
1.235549446697128e-003	-7.010078e-002	-6.989932e-002	-5.000000e+000	-2.501110e+000	-2.498890e+000	-2.500101e+000	-2.499899e+000	-2.500000e+000	-2.500000e+000	-2.570000e+000	-2.570000e+000	1.045386e-012	-1.045386e-012	-1.915708e-006	1.915708e-006	-2.522588e-013	2.522614e-013	-7.935874e-013	2.018081e-005	-2.018081e-005	2.018081e-005	3.171270e-005	-4.997780e-005	4.997780e-005	2.522626e-013	-2.522299e-013	5.189351e-005
1.238549446697128e-003	-7.010055e-002	-6.989956e-002	-5.000000e+000	-2.501105e+000	-2.498895e+000	-2.500100e+000	-2.499900e+000	-2.500000e+000	-2.500000e+000	-2.570000e+000	-2.570000e+000	9.081624e-013	-9.081624e-013	-1.664862e-006	1.664862e-006	-2.510399e-013	2.510426e-013	-6.568079e-013	2.008330e-005	-2.008330e-005	2.008330e-005	3.155947e-005	-4.997791e-005	4.997791e-005	2.510620e-013	-2.510570e-013	5.164277e-005
1.241549446697127e-003	-7.009983e-002	-6.990027e-002	-5.000000e+000	-2.501100e+000	-2.498900e+000	-2.500100e+000	-2.499900e+000	-2.500000e+000	-2.500000e+000	-2.570000e+000	-2.570000e+000	7.891465e-013	-7.891465e-013	-1.446862e-006	1.446862e-006	-2.499806e-013	2.499833e-013	-5.395684e-013	1.999856e-005	-1.999856e-005	1.999856e-005	3.142631e-005	-4.997800e-005	4.997800e-005	2.499942e-013	-2.499962e-013	5.142486e-005
1.244549446697127e-003	-7.009983e-002	-6.990027e-002	-5.000000e+000	-2.501096e+000	-2.498904e+000	-2.500100e+000	-2.499900e+000	-2.500000e+000	-2.500000e+000	-2.570000e+000	-2.570000e+000	6.852297e-013	-6.852297e-013	-1.257407e-006	1.257407e-006	-2.490600e-013	2.490628e-013	-4.365397e-013	1.992491e-005	-1.992491e-005	1.992491e-005	3.131058e-005	-4.997808e-005	4.997808e-005	2.490775e-013	-2.490587e-013	5.123549e-005
1.247549446697127e-003	-7.009912e-002	-6.990099e-002	-5.000000e+000	-2.501092e+000	-2.498908e+000	-2.500099e+000	-2.499901e+000	-2.500000e+000	-2.500000e+000	-2.570000e+000	-2.570000e+000	5.959677e-013	-5.959677e-013	-1.092759e-006	1.092759e-006	-2.482600e-013	2.482628e-013	-3.481659e-013	1.986091e-005	-1.986091e-005	1.986091e-005	3.121000e-005	-4.997815e-005	4.997815e-005	2.482885e-013	-2.482558e-013	5.107091e-005
1.250549446697127e-003	-7.009935e-002	-6.990075e-002	-5.000000e+000	-2.501089e+000	-2.498911e+000	-2.500099e+000	-2.499901e+000	-2.500000e+000	-2.500000e+000	-2.570000e+000	-2.570000e+000	5.182521e-013	-5.182521e-013	-9.496715e-007	9.496715e-007	-2.475647e-013	2.475675e-013	-2.704503e-013	1.980529e-005	-1.980529e-005	1.980529e-005	3.112260e-005	-4.997821e-005	4.997821e-005	2.475825e-013	-2.475775e-013	5.092788e-005
1.253549446697126e-003	-7.009864e-002	-6.990147e-002	-5.000000e+000	-2.501087e+000	-2.498913e+000	-2.500099e+000	-2.499901e+000	-2.500000e+000	-2.500000e+000	-2.570000e+000	-2.570000e+000	4.503065e-013	-4.503065e-013	-8.253197e-007	8.253197e-007	-2.469605e-013	2.469633e-013	-2.029488e-013	1.975695e-005	-1.975695e-005	1.975695e-005	3.104663e-005	-4.997827e-005	4.997827e-005	2.469652e-013	-2.469047e-013	5.080359e-005
1.256549446697126e-003	-7.009888e-002	-6.990123e-002	-5.000000e+000	-2.501084e+000	-2.498916e+000	-2.500099e+000	-2.499901e+000	-2.500000e+000	-2.500000e+000	-2.570000e+000	-2.570000e+000	3.907985e-013	-3.907985e-013	-7.172507e-007	7.172507e-007	-2.464354e-013	2.464382e-013	-1.443290e-013	1.971494e-005	-1.971494e-005	1.971494e-005	3.098062e-005	-4.997831e-005	4.997831e-005	2.464531e-013	-2.464342e-013	5.069556e-005
1.259549446697126e-003	-7.009816e-002	-6.990194e-002	-5.000000e+000	-2.501082e+000	-2.498918e+000	-2.500098e+000	-2.499902e+000	-2.500000e+000	-2.500000e+000	-2.570000e+000	-2.570000e+000	3.406164e-013	-3.406164e-013	-6.233325e-007	6.233325e-007	-2.459790e-013	2.459818e-013	-9.459100e-014	1.967843e-005	-1.967843e-005	1.967843e-005	3.092325e-005	-4.997835e-005	4.997835e-005	2.459806e-013	-2.459686e-013	5.060169e-005
1.262549446697126e-003	-7.009840e-002	-6.990170e-002	-5.000000e+000	-2.501081e+000	-2.498919e+000	-2.500098e+000	-2.499902e+000	-2.500000e+000	-2.500000e+000	-2.570000e+000	-2.570000e+000	2.953193e-013	-2.953193e-013	-5.417122e-007	5.417122e-007	-2.455824e-013	2.455853e-013	-5.018208e-014	1.964671e-005	-1.964671e-005	1.964671e-005	3.087339e-005	-4.997839e-005	4.997839e-005	2.455767e-013	-2.455994e-013	5.052010e-005
1.265120875268554e-003	-7.009810e-002	-6.990201e-002	-5.000000e+000	-2.501079e+000	-2.498921e+000	-2.500098e+000	-2.499902e+000	-2.500000e+000	-2.500000e+000	-2.570000e+000	-2.570000e+000	2.626488e-013	-2.626488e-013	-4.819662e-007	4.819662e-007	-2.452920e-013	2.452950e-013	-1.776908e-014	1.962348e-005	-1.962348e-005	1.962348e-005	3.083690e-005	-4.997841e-005	4.997841e-005	2.452946e-013	-2.452949e-013	5.046038e-005
1.267692303839982e-003	-7.009787e-002	-6.990223e-002	-5.000000e+000	-2.501078e+000	-2.498922e+000	-2.500098e+000	-2.499902e+000	-2.500000e+000	-2.500000e+000	-2.570000e+000	-2.570000e+000	2.328749e-013	-2.328749e-013	-4.274530e-007	4.274530e-007	-2.450272e-013	2.450301e-013	1.179090e-014	1.960229e-005	-1.960229e-005	1.960229e-005	3.080360e-005	-4.997844e-005	4.997844e-005	2.450375e-013	-2.450201e-013	5.040589e-005
1.270263732411411e-003	-7.009773e-002	-6.990238e-002	-5.000000e+000	-2.501077e+000	-2.498923e+000	-2.500098e+000	-2.499902e+000	-2.500000e+000	-2.500000e+000	-2.570000e+000	-2.570000e+000	2.059975e-013	-2.059975e-013	-3.781726e-007	3.781726e-007	-2.447877e-013	2.447907e-013	3.849785e-014	1.958314e-005	-1.958314e-005	1.958314e-005	3.077350e-005	-4.997846e-005	4.997846e-005	2.448053e-013	-2.447751e-013	5.035663e-005
1.272835160982839e-003	-7.009766e-002	-6.990244e-002	-5.000000e+000	-2.501076e+000	-2.498924e+000	-2.500098e+000	-2.499902e+000	-2.500000e+000	-2.500000e+000	-2.570000e+000	-2.570000e+000	1.820167e-013	-1.820167e-013	-3.341250e-007	3.341250e-007	-2.445736e-013	2.445766e-013	6.235179e-014	1.956601e-005	-1.956601e-005	1.956601e-005	3.074659e-005	-4.997848e-005	4.997848e-005	2.445980e-013	-2.445598e-013	5.031260e-005
1.275406589554267e-003	-7.009767e-002	-6.990243e-002	-5.000000e+000	-2.501075e+000	-2.498925e+000	-2.500098e+000	-2.499902e+000	-2.500000e+000	-2.500000e+000	-2.570000e+000	-2.570000e+000	1.609324e-013	-1.609324e-013	-2.953101e-007	2.953101e-007	-2.443850e-013	2.443881e-013	8.335270e-014	1.955092e-005	-1.955092e-005	1.955092e-005	3.072288e-005	-4.997849e-005	4.997849e-005	2.444156e-013	-2.443743e-013	5.027380e-005
1.277978018125696e-003	-7.009776e-002	-6.990235e-002	-5.000000e+000	-2.501075e+000	-2.498925e+000	-2.500098e+000	-2.499902e+000	-2.500000e+000	-2.500000e+000	-2.570000e+000	-2.570000e+000	1.427447e-013	-1.427447e-013	-2.617281e-007	2.617281e-007	-2.442218e-013	2.442249e-013	1.015006e-013	1.953787e-005	-1.953787e-005	1.953787e-005	3.070237e-005	-4.997851e-005	4.997851e-005	2.442581e-013	-2.442187e-013	5.024024e-005
1.280549446697124e-003	-7.009792e-002	-6.990218e-002	-5.000000e+000	-2.501074e+000	-2.498926e+000	-2.500098e+000	-2.499902e+000	-2.500000e+000	-2.500000e+000	-2.570000e+000	-2.570000e+000	1.274536e-013	-1.274536e-013	-2.333788e-007	2.333788e-007	-2.440841e-013	2.440872e-013	1.167955e-013	1.952685e-005	-1.952685e-005	1.952685e-005	3.068505e-005	-4.997852e-005	4.997852e-005	2.441255e-013	-2.440927e-013	5.021190e-005
1.283692303839981e-003	-7.009762e-002	-6.990248e-002	-5.000000e+000	-2.501073e+000	-2.498927e+000	-2.500098e+000	-2.499902e+000	-2.500000e+000	-2.500000e+000	-2.570000e+000	-2.570000e+000	1.107586e-013	-1.107586e-013	-2.026739e-007	2.026739e-007	-2.439349e-013	2.439380e-013	1.333355e-013	1.951491e-005	-1.951491e-005	1.951491e-005	3.066629e-005	-4.997853e-005	4.997853e-005	2.439597e-013	-2.439310e-013	5.018121e-005
1.286835160982838e-003	-7.009740e-002	-6.990271e-002	-5.000000e+000	-2.501073e+000	-2.498927e+000	-2.500097e+000	-2.499903e+000	-2.500000e+000	-2.500000e+000	-2.570000e+000	-2.570000e+000	9.571642e-014	-9.571642e-014	-1.750614e-007	1.750614e-007	-2.438007e-013	2.438038e-013	1.482322e-013	1.950418e-005	-1.950418e-005	1.950418e-005	3.064943e-005	-4.997854e-005	4.997854e-005	2.438138e-013	-2.437883e-013	5.015361e-005
1.289978018125695e-003	-7.009725e-002	-6.990285e-002	-5.000000e+000	-2.501072e+000	-2.498928e+000	-2.500097e+000	-2.499903e+000	-2.500000e+000	-2.500000e+000	-2.570000e+000	-2.570000e+000	8.232700e-014	-8.232700e-014	-1.505413e-007	1.505413e-007	-2.436815e-013	2.436847e-013	1.614853e-013	1.949465e-005	-1.949465e-005	1.949465e-005	3.063445e-005	-4.997856e-005	4.997856e-005	2.436875e-013	-2.436647e-013	5.012910e-005
1.293120875268552e-003	-7.009718e-002	-6.990292e-002	-5.000000e+000	-2.501072e+000	-2.498928e+000	-2.500097e+000	-2.499903e+000	-2.500000e+000	-2.500000e+000	-2.570000e+000	-2.570000e+000	7.059036e-014	-7.059036e-014	-1.291136e-007	1.291136e-007	-2.435774e-013	2.435806e-013	1.730951e-013	1.948632e-005	-1.948632e-005	1.948632e-005	3.062136e-005	-4.997856e-005	4.997856e-005	2.435810e-013	-2.435602e-013	5.010768e-005
1.296263732411409e-003	-7.009719e-002	-6.990291e-002	-5.000000e+000	-2.501071e+000	-2.498929e+000	-2.500097e+000	-2.499903e+000	-2.500000e+000	-2.500000e+000	-2.570000e+000	-2.570000e+000	6.050649e-014	-6.050649e-014	-1.107782e-007	1.107782e-007	-2.434883e-013	2.434915e-013	1.830614e-013	1.947919e-005	-1.947919e-005	1.947919e-005	3.061016e-005	-4.997857e-005	4.997857e-005	2.434943e-013	-2.434748e-013	5.008935e-005
1.299406589554265e-003	-7.009728e-002	-6.990282e-002	-5.000000e+000	-2.501071e+000	-2.498929e+000	-2.500097e+000	-2.499903e+000	-2.500000e+000	-2.500000e+000	-2.570000e+000	-2.570000e+000	5.207541e-014	-5.207541e-014	-9.553524e-008	9.553523e-008	-2.434142e-013	2.434175e-013	1.913843e-013	1.947327e-005	-1.947327e-005	1.947327e-005	3.060085e-005	-4.997858e-005	4.997858e-005	2.434273e-013	-2.434084e-013	5.007412e-005
1.302549446697122e-003	-7.009745e-002	-6.990266e-002	-5.000000e+000	-2.501071e+000	-2.498929e+000	-2.500097e+000	-2.499903e+000	-2.500000e+000	-2.500000e+000	-2.570000e+000	-2.570000e+000	4.529710e-014	-4.529710e-014	-8.338462e-008	8.338461e-008	-2.433551e-013	2.433584e-013	1.980638e-013	1.946854e-005	-1.946854e-005	1.946854e-005	3.059343e-005	-4.997859e-005	4.997859e-005	2.433801e-013	-2.433612e-013	5.006197e-005
1.306978018125693e-003	-7.009747e-002	-6.990275e-002	-5.000000e+000	-2.501070e+000	-2.498930e+000	-2.500097e+000	-2.499903e+000	-2.500000e+000	-2.500000e+000	-2.570000e+000	-2.570000e+000	3.728446e-014	-3.728446e-014	-6.880128e-008	6.880128e-008	-2.432842e-013	2.432876e-013	2.058458e-013	1.946287e-005	-1.946287e-005	1.946287e-005	3.058452e-005	-4.997859e-005	4.997859e-005	2.432977e-013	-2.432899e-013	5.004739e-005
1.311406589554264e-003	-7.009748e-002	-6.990282e-002	-5.000000e+000	-2.501070e+000	-2.498930e+000	-2.500097e+000	-2.499903e+000	-2.500000e+000	-2.500000e+000	-2.570000e+000	-2.570000e+000	3.031437e-014	-3.031437e-014	-5.603955e-008	5.603954e-008	-2.432222e-013	2.432256e-013	2.126621e-013	1.945791e-005	-1.945791e-005	1.945791e-005	3.057672e-005	-4.997860e-005	4.997860e-005	2.432295e-013	-2.432264e-013	5.003463e-005
1.315835160982835e-003	-7.009746e-002	-6.990288e-002	-5.000000e+000	-2.501070e+000	-2.498930e+000	-2.500097e+000	-2.499903e+000	-2.500000e+000	-2.500000e+000	-2.570000e+000	-2.570000e+000	2.438683e-014	-2.438683e-014	-4.509942e-008	4.509942e-008	-2.431690e-013	2.431725e-013	2.185128e-013	1.945366e-005	-1.945366e-005	1.945366e-005	3.057004e-005	-4.997860e-005	4.997860e-005	2.431754e-013	-2.431707e-013	5.002370e-005
1.320263732411407e-003	-7.009743e-002	-6.990291e-002	-5.000000e+000	-2.501070e+000	-2.498930e+000	-2.500097e+000	-2.499903e+000	-2.500000e+000	-2.500000e+000	-2.570000e+000	-2.570000e+000	1.950185e-014	-1.950185e-014	-3.598089e-008	3.598089e-008	-2.431247e-013	2.431282e-013	2.233977e-013	1.945012e-005	-1.945012e-005	1.945012e-005	3.056447e-005	-4.997861e-005	4.997861e-005	2.431354e-013	-2.431228e-013	5.001458e-005
1.324692303839978e-003	-7.009737e-002	-6.990293e-002	-5.000000e+000	-2.501070e+000	-2.498930e+000	-2.500097e+000	-2.499903e+000	-2.500000e+000	-2.500000e+000	-2.570000e+000	-2.570000e+000	1.565942e-014	-1.565942e-014	-2.868398e-008	2.868398e-008	-2.430892e-013	2.430928e-013	2.273171e-013	1.944728e-005	-1.944728e-005	1.944728e-005	3.056001e-005	-4.997861e-005	4.997861e-005	2.431097e-013	-2.430827e-013	5.000729e-005
1.329120875268549e-003	-7.009730e-002	-6.990292e-002	-5.000000e+000	-2.501069e+000	-2.498931e+000	-2.500097e+000	-2.499903e+000	-2.500000e+000	-2.500000e+000	-2.570000e+000	-2.570000e+000	1.285955e-014	-1.285955e-014	-2.320866e-008	2.320866e-008	-2.430626e-013	2.430662e-013	2.302707e-013	1.944515e-005	-1.944515e-005	1.944515e-005	3.055667e-005	-4.997861e-005	4.997861e-005	2.430980e-013	-2.430505e-013	5.000182e-005
1.333549446697120e-003	-7.009721e-002	-6.990290e-002	-5.000000e+000	-2.501069e+000	-2.498931e+000	-2.500097e+000	-2.499903e+000	-2.500000e+000	-2.500000e+000	-2.570000e+000	-2.570000e+000	1.110223e-014	-1.110223e-014	-1.955496e-008	1.955496e-008	-2.430448e-013	2.430485e-013	2.322587e-013	1.944373e-005	-1.944373e-005	1.944373e-005	3.055443e-005	-4.997861e-005	4.997861e-005	2.431005e-013	-2.430260e-013	4.999817e-005
1.341835160982833e-003	-7.009732e-002	-6.990278e-002	-5.000000e+000	-2.501069e+000	-2.498931e+000	-2.500097e+000	-2.499903e+000	-2.500000e+000	-2.500000e+000	-2.570000e+000	-2.570000e+000	7.956795e-015	-7.928986e-015	-1.425262e-008	1.425262e-008	-2.430190e-013	2.430227e-013	2.352400e-013	1.944167e-005	-1.944167e-005	1.944167e-005	3.055120e-005	-4.997861e-005	4.997861e-005	2.430534e-013	-2.430014e-013	4.999287e-005
1.350120875268547e-003	-7.009740e-002	-6.990270e-002	-5.000000e+000	-2.501069e+000	-2.498931e+000	-2.500097e+000	-2.499903e+000	-2.500000e+000	-2.500000e+000	-2.570000e+000	-2.570000e+000	5.373455e-015	-5.327107e-015	-9.848290e-009	9.848290e-009	-2.429976e-013	2.430014e-013	2.376716e-013	1.943996e-005	-1.943996e-005	1.943996e-005	3.054851e-005	-4.997862e-005	4.997862e-005	2.430159e-013	-2.429812e-013	4.998847e-005
1.358406589554260e-003	-7.009744e-002	-6.990266e-002	-5.000000e+000	-2.501069e+000	-2.498931e+000	-2.500097e+000	-2.499903e+000	-2.500000e+000	-2.500000e+000	-2.570000e+000	-2.570000e+000	3.352210e-015	-3.296592e-015	-6.341970e-009	6.341970e-009	-2.429805e-013	2.429844e-013	2.395535e-013	1.943860e-005	-1.943860e-005	1.943860e-005	3.054636e-005	-4.997862e-005	4.997862e-005	2.429879e-013	-2.429653e-013	4.998496e-005
1.366692303839974e-003	-7.009744e-002	-6.990266e-002	-5.000000e+000	-2.501069e+000	-2.498931e+000	-2.500097e+000	-2.499903e+000	-2.500000e+000	-2.500000e+000	-2.570000e+000	-2.570000e+000	1.893060e-015	-1.837442e-015	-3.733660e-009	3.733660e-009	-2.429678e-013	2.429717e-013	2.408858e-013	1.943758e-005	-1.943758e-005	1.943758e-005	3.054477e-005	-4.997862e-005	4.997862e-005	2.429694e-013	-2.429537e-013	4.998235e-005
1.374978018125688e-003	-7.009740e-002	-6.990270e-002	-5.000000e+000	-2.501069e+000	-2.498931e+000	-2.500097e+000	-2.499903e+000	-2.500000e+000	-2.500000e+000	-2.570000e+000	-2.570000e+000	9.960043e-016	-9.496560e-016	-2.023358e-009	2.023358e-009	-2.429594e-013	2.429635e-013	2.416684e-013	1.943692e-005	-1.943692e-005	1.943692e-005	3.054373e-005	-4.997862e-005	4.997862e-005	2.429605e-013	-2.429465e-013	4.998064e-005
1.383263732411401e-003	-7.009732e-002	-6.990278e-002	-5.000000e+000	-2.501069e+000	-2.498931e+000	-2.500097e+000	-2.499903e+000	-2.500000e+000	-2.500000e+000	-2.570000e+000	-2.570000e+000	6.610439e-016	-6.332349e-016	-1.211066e-009	1.211066e-009	-2.429554e-013	2.429596e-013	2.419013e-013	1.943660e-005	-1.943660e-005	1.943660e-005	3.054323e-005	-4.997862e-005	4.997862e-005	2.429611e-013	-2.429437e-013	4.997983e-005
1.391549446697115e-003	-7.009721e-002	-6.990290e-002	-5.000000e+000	-2.501069e+000	-2.498931e+000	-2.500097e+000	-2.499903e+000	-2.500000e+000	-2.500000e+000	-2.570000e+000	-2.570000e+000	8.881784e-016	-8.881784e-016	-1.296782e-009	1.296782e-009	-2.429558e-013	2.429600e-013	2.415845e-013	1.943663e-005	-1.943663e-005	1.943663e-005	3.054328e-005	-4.997862e-005	4.997862e-005	2.429713e-013	-2.429452e-013	4.997992e-005
1.479120875268538e-003	-7.009730e-002	-6.990292e-002	-5.000000e+000	-2.501069e+000	-2.498931e+000	-2.500097e+000	-2.499903e+000	-2.500000e+000	-2.500000e+000	-2.570000e+000	-2.570000e+000	6.139758e-016	-6.028140e-016	-7.199422e-010	7.199420e-010	-2.429526e-013	2.429577e-013	2.421064e-013	1.943641e-005	-1.943641e-005	1.943641e-005	3.054293e-005	-4.997862e-005	4.997862e-005	2.429702e-013	-2.429449e-013	4.997934e-005
1.566692303839960e-003	-7.009737e-002	-6.990293e-002	-5.000000e+000	-2.501069e+000	-2.498931e+000	-2.500097e+000	-2.499903e+000	-2.500000e+000	-2.500000e+000	-2.570000e+000	-2.570000e+000	3.677327e-016	-3.491297e-016	-2.736307e-010	2.736305e-010	-2.429500e-013	2.429559e-013	2.425388e-013	1.943624e-005	-1.943624e-005	1.943624e-005	3.054266e-005	-4.997862e-005	4.997862e-005	2.429674e-013	-2.429442e-013	4.997889e-005
1.654263732411383e-003	-7.009743e-002	-6.990291e-002	-5.000000e+000	-2.501069e+000	-2.498931e+000	-2.500097e+000	-2.499903e+000	-2.500000e+000	-2.500000e+000	-2.570000e+000	-2.570000e+000	1.494492e-016	-1.271256e-016	4.215243e-011	-4.215255e-011	-2.429480e-013	2.429548e-013	2.428820e-013	1.943611e-005	-1.943611e-005	1.943611e-005	3.054247e-005	-4.997862e-005	4.997862e-005	2.429629e-013	-2.429433e-013	4.997858e-005
1.741835160982806e-003	-7.009746e-002	-6.990288e-002	-5.000000e+000	-2.501069e+000	-2.498931e+000	-2.500097e+000	-2.499903e+000	-2.500000e+000	-2.500000e+000	-2.570000e+000	-2.570000e+000	-4.087470e-017	6.319838e-017	2.274070e-010	-2.274071e-010	-2.429468e-013	2.429543e-013	2.431357e-013	1.943604e-005	-1.943604e-005	1.943604e-005	3.054235e-005	-4.997862e-005	4.997862e-005	2.429568e-013	-2.429420e-013	4.997839e-005
1.829406589554229e-003	-7.009748e-002	-6.990282e-002	-5.000000e+000	-2.501069e+000	-2.498931e+000	-2.500097e+000	-2.499903e+000	-2.500000e+000	-2.500000e+000	-2.570000e+000	-2.570000e+000	-2.032391e-016	2.218422e-016	2.821332e-010	-2.821331e-010	-2.429461e-013	2.429544e-013	2.433001e-013	1.943602e-005	-1.943602e-005	1.943602e-005	3.054232e-005	-4.997862e-005	4.997862e-005	2.429491e-013	-2.429405e-013	4.997834e-005
1.916978018125652e-003	-7.009747e-002	-6.990275e-002	-5.000000e+000	-2.501069e+000	-2.498931e+000	-2.500097e+000	-2.499903e+000	-2.500000e+000	-2.500000e+000	-2.570000e+000	-2.570000e+000	-3.376439e-016	3.488058e-016	2.063308e-010	-2.063307e-010	-2.429461e-013	2.429551e-013	2.433752e-013	1.943605e-005	-1.943605e-005	1.943605e-005	3.054237e-005	-4.997862e-005	4.997862e-005	2.429398e-013	-2.429388e-013	4.997841e-005
2.004549446697074e-003	-7.009745e-002	-6.990266e-002	-5.000000e+000	-2.501069e+000	-2.498931e+000	-2.500097e+000	-2.499903e+000	-2.500000e+000	-2.500000e+000	-2.570000e+000	-2.570000e+000	-4.440892e-016	4.440892e-016	0.000000e+000	2.220446e-016	-2.429468e-013	2.429564e-013	2.433609e-013	1.943613e-005	-1.943613e-005	1.943613e-005	3.054249e-005	-4.997862e-005	4.997862e-005	2.429288e-013	-2.429367e-013	4.997862e-005
2.005549446697074e-003	-7.009721e-002	-6.990290e-002	-5.000000e+000	-2.501069e+000	-2.498931e+000	-2.500097e+000	-2.499903e+000	-2.500000e+000	-2.500000e+000	-2.570000e+000	-2.570000e+000	0.000000e+000	0.000000e+000	-2.220446e-016	4.440892e-016	-2.429468e-013	2.429564e-013	2.424727e-013	1.943613e-005	-1.943613e-005	1.943613e-005	3.054249e-005	-4.997862e-005	4.997862e-005	2.429565e-013	-2.429575e-013	4.997862e-005
3.029549446697210e-003	-7.009721e-002	-6.990290e-002	-5.000000e+000	-2.501069e+000	-2.498931e+000	-2.500097e+000	-2.499903e+000	-2.500000e+000	-2.500000e+000	-2.570000e+000	-2.570000e+000	0.000000e+000	0.000000e+000	-4.440892e-016	2.220446e-016	-2.429436e-013	2.429597e-013	2.424727e-013	1.943613e-005	-1.943613e-005	1.943613e-005	3.054249e-005	-4.997862e-005	4.997862e-005	2.429636e-013	-2.429296e-013	4.997862e-005
4.053549446697346e-003	-7.009721e-002	-6.990290e-002	-5.000000e+000	-2.501069e+000	-2.498931e+000	-2.500097e+000	-2.499903e+000	-2.500000e+000	-2.500000e+000	-2.570000e+000	-2.570000e+000	2.220446e-016	-2.220446e-016	-2.220446e-016	4.440892e-016	-2.429415e-013	2.429618e-013	2.426948e-013	1.943613e-005	-1.943613e-005	1.943613e-005	3.054249e-005	-4.997862e-005	4.997862e-005	2.429639e-013	-2.429640e-013	4.997862e-005
4.999549446697471e-003	-7.009721e-002	-6.990290e-002	-5.000000e+000	-2.501069e+000	-2.498931e+000	-2.500097e+000	-2.499903e+000	-2.500000e+000	-2.500000e+000	-2.570000e+000	-2.570000e+000	-1.504570e-012	1.504570e-012	-1.360723e-013	1.369908e-013	-2.429401e-013	2.429630e-013	1.747487e-012	1.943613e-005	-1.943613e-005	1.943613e-005	3.054249e-005	-4.997862e-005	4.997862e-005	2.429936e-013	-2.429894e-013	4.997862e-005
5.000000000000000e-003	-7.009745e-002	-6.990266e-002	-5.000000e+000	-2.501069e+000	-2.498931e+000	-2.500097e+000	-2.499903e+000	-2.500000e+000	-2.500000e+000	-2.570000e+000	-2.570000e+000	-2.738698e-012	2.738698e-012	-2.478018e-013	2.491340e-013	-2.429401e-013	2.429630e-013	2.981615e-012	1.943613e-005	-1.943613e-005	1.943613e-005	3.054249e-005	-4.997862e-005	4.997862e-005	2.430028e-013	-2.429813e-013	4.997862e-005
