time	V(N008,N005)	V(N009,N004)	V(n001)	V(n002)	V(n003)	V(n004)	V(n005)	V(n006)	V(n007)	V(n008)	V(n009)	I(C1)	I(C2)	I(C3)	I(C4)	I(R1)	I(R2)	I(R3)	I(R4)	I(R5)	I(R6)	I(R7)	I(R8)	I(R9)	I(V1)	I(V2)	I(V3)
0.000000000000000e+000	-7.000000e-002	-7.000000e-002	0.000000e+000	-2.100000e-020	-2.100000e-020	-2.102100e-020	-2.102100e-020	-2.102100e-020	-2.102100e-020	-7.000000e-002	-7.000000e-002	4.200000e-025	4.200000e-025	2.100000e-038	2.100000e-038	2.536958e-037	2.536958e-037	0.000000e+000	0.000000e+000	4.200000e-025	4.200000e-025	0.000000e+000	4.200000e-025	4.200000e-025	-1.261169e-043	-1.261169e-043	-4.200000e-025
1.000000000000000e-003	-7.000000e-002	-7.000000e-002	0.000000e+000	-8.268006e-015	-8.268006e-015	-8.234877e-015	-8.234877e-015	-1.151710e-009	-1.151710e-009	-7.000000e-002	-7.000000e-002	-3.541868e-018	-3.541868e-018	-8.281634e-019	-8.281634e-019	2.879255e-018	2.879255e-018	0.000000e+000	1.577722e-030	-6.625915e-019	-6.625915e-019	4.056999e-031	1.653601e-019	1.653601e-019	-2.879255e-018	-2.879255e-018	6.628033e-019
1.000000100000000e-003	-7.235759e-002	-6.764242e-002	-5.000000e-001	-4.999984e-001	-1.612579e-006	-2.524277e-001	-2.475723e-001	-2.500701e-001	-2.499299e-001	-3.199299e-001	-3.200701e-001	-9.606300e-005	9.606300e-005	-1.209422e-002	1.209422e-002	-5.949107e-012	5.949113e-012	9.606301e-005	4.855351e-003	-4.951414e-003	4.951414e-003	7.142811e-003	-3.225157e-011	3.225157e-011	5.949128e-012	-5.949108e-012	1.209422e-002
1.000000300000000e-003	-7.727408e-002	-6.272584e-002	-1.500000e+000	-1.499993e+000	-6.967808e-006	-7.573521e-001	-7.426479e-001	-7.500780e-001	-7.499220e-001	-8.199220e-001	-8.200780e-001	-1.486155e-004	1.486155e-004	-3.628119e-002	3.628119e-002	-1.819448e-011	1.819449e-011	1.486155e-004	1.470420e-002	-1.485282e-002	1.485282e-002	2.142837e-002	-1.393562e-010	1.393562e-010	1.819452e-011	-1.819439e-011	3.628119e-002
1.000000906678666e-003	-9.229684e-002	-4.770303e-002	-4.533393e+000	-4.533342e+000	-5.116758e-005	-2.289065e+000	-2.244328e+000	-2.266768e+000	-2.266625e+000	-2.336625e+000	-2.336768e+000	-1.481226e-004	1.481226e-004	-1.096468e-001	1.096468e-001	-5.573661e-011	5.573662e-011	1.481226e-004	4.473741e-002	-4.488553e-002	4.488553e-002	6.476130e-002	-1.023352e-009	1.023352e-009	5.573683e-011	-5.573675e-011	1.096468e-001
1.000001000000000e-003	-9.460020e-002	-4.539990e-002	-5.000000e+000	-4.999939e+000	-6.107186e-005	-2.524676e+000	-2.475324e+000	-2.500076e+000	-2.499924e+000	-2.569924e+000	-2.570076e+000	-1.523784e-004	1.523784e-004	-1.209321e-001	1.209321e-001	-6.150061e-011	6.150062e-011	1.523785e-004	4.935287e-002	-4.950525e-002	4.950525e-002	7.142682e-002	-1.221437e-009	1.221437e-009	6.150080e-011	-6.150108e-011	1.209321e-001
1.000001010306496e-003	-9.468603e-002	-4.531384e-002	-5.000000e+000	-4.999938e+000	-6.231823e-005	-2.524714e+000	-2.475286e+000	-2.500028e+000	-2.499972e+000	-2.569972e+000	-2.570028e+000	-7.625364e-005	7.625364e-005	-1.209313e-001	1.209313e-001	-6.168995e-011	6.168996e-011	7.625370e-005	4.942822e-002	-4.950447e-002	4.950447e-002	7.142679e-002	-1.246365e-009	1.246365e-009	6.169010e-011	-6.169052e-011	1.209313e-001
1.000001030919489e-003	-9.475327e-002	-4.524684e-002	-5.000000e+000	-4.999935e+000	-6.481098e-005	-2.524746e+000	-2.475254e+000	-2.499993e+000	-2.500007e+000	-2.570008e+000	-2.569993e+000	-1.254613e-005	1.254613e-005	-1.209305e-001	1.209305e-001	-6.184837e-011	6.184837e-011	1.254619e-005	4.949125e-002	-4.950379e-002	4.950379e-002	7.142672e-002	-1.296220e-009	1.296220e-009	6.184838e-011	-6.184882e-011	1.209305e-001
1.000001072145474e-003	-9.474850e-002	-4.525137e-002	-5.000000e+000	-4.999930e+000	-6.979644e-005	-2.524753e+000	-2.475247e+000	-2.500004e+000	-2.499996e+000	-2.569996e+000	-2.570004e+000	1.890831e-006	-1.890831e-006	-1.209301e-001	1.209301e-001	-6.188416e-011	6.188416e-011	-1.890769e-006	4.950544e-002	-4.950355e-002	4.950355e-002	7.142658e-002	-1.395929e-009	1.395929e-009	6.188416e-011	-6.188428e-011	1.209301e-001
1.000001154597445e-003	-9.475446e-002	-4.524541e-002	-5.000000e+000	-4.999920e+000	-7.976734e-005	-2.524751e+000	-2.475249e+000	-2.499997e+000	-2.500003e+000	-2.570003e+000	-2.569997e+000	-3.636669e-007	3.636669e-007	-1.209297e-001	1.209297e-001	-6.187831e-011	6.187831e-011	3.637288e-007	4.950301e-002	-4.950337e-002	4.950337e-002	7.142629e-002	-1.595347e-009	1.595347e-009	6.187841e-011	-6.187826e-011	1.209297e-001
1.000001270972199e-003	-9.474921e-002	-4.525089e-002	-5.000000e+000	-4.999906e+000	-9.384044e-005	-2.524752e+000	-2.475248e+000	-2.500002e+000	-2.499998e+000	-2.569998e+000	-2.570003e+000	3.061725e-007	-3.061725e-007	-1.209290e-001	1.209290e-001	-6.187963e-011	6.187963e-011	-3.061107e-007	4.950339e-002	-4.950309e-002	4.950309e-002	7.142589e-002	-1.876809e-009	1.876809e-009	6.187990e-011	-6.187963e-011	1.209290e-001
1.000001503721707e-003	-9.475350e-002	-4.524660e-002	-5.000000e+000	-4.999878e+000	-1.219863e-004	-2.524751e+000	-2.475249e+000	-2.499998e+000	-2.500002e+000	-2.570002e+000	-2.569998e+000	-1.175307e-007	1.175307e-007	-1.209276e-001	1.209276e-001	-6.187787e-011	6.187788e-011	1.175925e-007	4.950242e-002	-4.950254e-002	4.950254e-002	7.142509e-002	-2.439726e-009	2.439726e-009	6.187837e-011	-6.187802e-011	1.209276e-001
1.000001969220723e-003	-9.474850e-002	-4.525137e-002	-5.000000e+000	-4.999822e+000	-1.782769e-004	-2.524751e+000	-2.475249e+000	-2.500002e+000	-2.499998e+000	-2.569998e+000	-2.570002e+000	6.416758e-008	-6.416758e-008	-1.209249e-001	1.209249e-001	-6.187693e-011	6.187694e-011	-6.410573e-008	4.950148e-002	-4.950142e-002	4.950142e-002	7.142348e-002	-3.565538e-009	3.565538e-009	6.187738e-011	-6.187713e-011	1.209249e-001
1.000002900218755e-003	-9.475160e-002	-4.524851e-002	-5.000000e+000	-4.999709e+000	-2.908533e-004	-2.524750e+000	-2.475250e+000	-2.499998e+000	-2.500002e+000	-2.570002e+000	-2.569998e+000	-2.005580e-008	2.005580e-008	-1.209194e-001	1.209194e-001	-6.187394e-011	6.187394e-011	2.011764e-008	4.949917e-002	-4.949919e-002	4.949919e-002	7.142026e-002	-5.817066e-009	5.817066e-009	6.187439e-011	-6.187423e-011	1.209195e-001
1.000004762214819e-003	-9.474540e-002	-4.525471e-002	-5.000000e+000	-4.999484e+000	-5.159871e-004	-2.524747e+000	-2.475253e+000	-2.500002e+000	-2.499998e+000	-2.569998e+000	-2.570002e+000	2.049986e-008	-2.049986e-008	-1.209086e-001	1.209086e-001	-6.186846e-011	6.186847e-011	-2.043801e-008	4.949475e-002	-4.949473e-002	4.949473e-002	7.141383e-002	-1.031974e-008	1.031974e-008	6.186895e-011	-6.186872e-011	1.209086e-001
1.000008486206947e-003	-9.474492e-002	-4.525518e-002	-5.000000e+000	-4.999034e+000	-9.661786e-004	-2.524743e+000	-2.475257e+000	-2.499998e+000	-2.500002e+000	-2.570002e+000	-2.569998e+000	5.971590e-010	-5.971590e-010	-1.208868e-001	1.208868e-001	-6.185727e-011	6.185728e-011	-5.353134e-010	4.948582e-002	-4.948582e-002	4.948582e-002	7.140096e-002	-1.932357e-008	1.932357e-008	6.185754e-011	-6.185724e-011	1.208868e-001
1.000015934191203e-003	-9.473205e-002	-4.526806e-002	-5.000000e+000	-4.998134e+000	-1.866258e-003	-2.524734e+000	-2.475266e+000	-2.500002e+000	-2.499998e+000	-2.569998e+000	-2.570002e+000	1.045252e-008	-1.045252e-008	-1.208432e-001	1.208432e-001	-6.183502e-011	6.183502e-011	-1.039067e-008	4.946800e-002	-4.946800e-002	4.946800e-002	7.137525e-002	-3.732515e-008	3.732515e-008	6.183512e-011	-6.183501e-011	1.208432e-001
1.000030830159715e-003	-9.471822e-002	-4.528189e-002	-5.000000e+000	-4.996335e+000	-3.665200e-003	-2.524716e+000	-2.475284e+000	-2.499998e+000	-2.500002e+000	-2.570002e+000	-2.569998e+000	5.541475e-009	-5.541475e-009	-1.207561e-001	1.207561e-001	-6.179048e-011	6.179048e-011	-5.479630e-009	4.943238e-002	-4.943237e-002	4.943237e-002	7.132385e-002	-7.330399e-008	7.330399e-008	6.179043e-011	-6.179042e-011	1.207562e-001
1.000060622096740e-003	-9.467864e-002	-4.532146e-002	-5.000000e+000	-4.992742e+000	-7.258227e-003	-2.524681e+000	-2.475319e+000	-2.500002e+000	-2.499998e+000	-2.569998e+000	-2.570002e+000	7.978390e-009	-7.978390e-009	-1.205823e-001	1.205823e-001	-6.170155e-011	6.170155e-011	-7.916621e-009	4.936123e-002	-4.936122e-002	4.936122e-002	7.122120e-002	-1.451645e-007	1.451645e-007	6.170133e-011	-6.170119e-011	1.205824e-001
1.000120205970788e-003	-9.461164e-002	-4.538846e-002	-5.000000e+000	-4.985575e+000	-1.442491e-002	-2.524610e+000	-2.475390e+000	-2.499998e+000	-2.500002e+000	-2.570002e+000	-2.569998e+000	6.735566e-009	-6.735566e-009	-1.202355e-001	1.202355e-001	-6.152415e-011	6.152415e-011	-6.674024e-009	4.921931e-002	-4.921931e-002	4.921931e-002	7.101643e-002	-2.884982e-007	2.884982e-007	6.152393e-011	-6.152369e-011	1.202357e-001
1.000239373718885e-003	-9.446645e-002	-4.553366e-002	-5.000000e+000	-4.971319e+000	-2.868120e-002	-2.524468e+000	-2.475532e+000	-2.500002e+000	-2.499998e+000	-2.569998e+000	-2.570002e+000	7.305289e-009	-7.305289e-009	-1.195455e-001	1.195455e-001	-6.117127e-011	6.117128e-011	-7.244049e-009	4.893701e-002	-4.893701e-002	4.893701e-002	7.060911e-002	-5.736239e-007	5.736239e-007	6.117142e-011	-6.117096e-011	1.195461e-001
1.000477709215079e-003	-9.419131e-002	-4.580879e-002	-5.000000e+000	-4.943111e+000	-5.688876e-002	-2.524189e+000	-2.475811e+000	-2.499998e+000	-2.500002e+000	-2.570002e+000	-2.569998e+000	6.918830e-009	-6.918830e-009	-1.181805e-001	1.181805e-001	-6.047306e-011	6.047307e-011	-6.858272e-009	4.837845e-002	-4.837844e-002	4.837844e-002	6.980318e-002	-1.137775e-006	1.137775e-006	6.047342e-011	-6.047297e-011	1.181816e-001
1.000954380207467e-003	-9.364057e-002	-4.635954e-002	-5.000000e+000	-4.887890e+000	-1.121096e-001	-2.523643e+000	-2.476357e+000	-2.500002e+000	-2.499998e+000	-2.569998e+000	-2.570002e+000	6.912690e-009	-6.912690e-009	-1.155082e-001	1.155082e-001	-5.910621e-011	5.910622e-011	-6.853573e-009	4.728496e-002	-4.728496e-002	4.728496e-002	6.822544e-002	-2.242193e-006	2.242193e-006	5.910638e-011	-5.910612e-011	1.155104e-001
1.001907722192243e-003	-9.258533e-002	-4.741478e-002	-5.000000e+000	-4.780926e+000	-2.190739e-001	-2.522583e+000	-2.477417e+000	-2.499998e+000	-2.500002e+000	-2.570002e+000	-2.569998e+000	6.552008e-009	-6.552008e-009	-1.103318e-001	1.103318e-001	-5.645858e-011	5.645859e-011	-6.495587e-009	4.516686e-002	-4.516685e-002	4.516685e-002	6.516932e-002	-4.381478e-006	4.381478e-006	5.645879e-011	-5.645853e-011	1.103362e-001
1.002907722192243e-003	-9.151530e-002	-4.848480e-002	-5.000000e+000	-4.673262e+000	-3.267383e-001	-2.521517e+000	-2.478483e+000	-2.500002e+000	-2.499998e+000	-2.569998e+000	-2.570002e+000	6.244818e-009	-6.244818e-009	-1.051215e-001	1.051215e-001	-5.379362e-011	5.379362e-011	-6.191158e-009	4.303489e-002	-4.303488e-002	4.303488e-002	6.209319e-002	-6.534767e-006	6.534767e-006	5.379363e-011	-5.379341e-011	1.051281e-001
1.003907722192243e-003	-9.050322e-002	-4.949689e-002	-5.000000e+000	-4.570623e+000	-4.293764e-001	-2.520501e+000	-2.479499e+000	-2.499998e+000	-2.500002e+000	-2.570002e+000	-2.569998e+000	5.949687e-009	-5.949687e-009	-1.001545e-001	1.001545e-001	-5.125307e-011	5.125308e-011	-5.898642e-009	4.100245e-002	-4.100245e-002	4.100245e-002	5.916067e-002	-8.587527e-006	8.587527e-006	5.125279e-011	-5.125261e-011	1.001631e-001
1.004907722192243e-003	-8.953094e-002	-5.046916e-002	-5.000000e+000	-4.472835e+000	-5.271648e-001	-2.519533e+000	-2.480467e+000	-2.500002e+000	-2.499998e+000	-2.569998e+000	-2.570002e+000	5.668539e-009	-5.668539e-009	-9.542222e-002	9.542222e-002	-4.883257e-011	4.883257e-011	-5.619881e-009	3.906605e-002	-3.906605e-002	3.906605e-002	5.636672e-002	-1.054330e-005	1.054330e-005	4.883218e-011	-4.883201e-011	9.543277e-002
1.005907722192243e-003	-8.861256e-002	-5.138755e-002	-5.000000e+000	-4.379667e+000	-6.203326e-001	-2.518610e+000	-2.481390e+000	-2.499998e+000	-2.500002e+000	-2.570002e+000	-2.569998e+000	5.400693e-009	-5.400693e-009	-9.091351e-002	9.091351e-002	-4.652643e-011	4.652644e-011	-5.354309e-009	3.722114e-002	-3.722113e-002	3.722113e-002	5.370478e-002	-1.240665e-005	1.240665e-005	4.652624e-011	-4.652596e-011	9.092592e-002
1.006907722192243e-003	-8.772969e-002	-5.227041e-002	-5.000000e+000	-4.290902e+000	-7.090983e-001	-2.517732e+000	-2.482268e+000	-2.500002e+000	-2.499998e+000	-2.569998e+000	-2.570002e+000	5.145580e-009	-5.145580e-009	-8.661783e-002	8.661783e-002	-4.432926e-011	4.432927e-011	-5.101356e-009	3.546341e-002	-3.546340e-002	3.546340e-002	5.116862e-002	-1.418197e-005	1.418197e-005	4.432948e-011	-4.432909e-011	8.663202e-002
1.007907722192243e-003	-8.689642e-002	-5.310369e-002	-5.000000e+000	-4.206330e+000	-7.936698e-001	-2.516894e+000	-2.483106e+000	-2.499998e+000	-2.500002e+000	-2.570002e+000	-2.569998e+000	4.902518e-009	-4.902518e-009	-8.252513e-002	8.252513e-002	-4.223591e-011	4.223591e-011	-4.860340e-009	3.378872e-002	-3.378872e-002	3.378872e-002	4.875229e-002	-1.587339e-005	1.587339e-005	4.223635e-011	-4.223607e-011	8.254101e-002
1.009907722192242e-003	-8.533859e-002	-5.466151e-002	-5.000000e+000	-4.048986e+000	-9.510136e-001	-2.515337e+000	-2.484663e+000	-2.499998e+000	-2.500002e+000	-2.570002e+000	-2.569998e+000	4.450158e-009	-4.450158e-009	-7.491074e-002	7.491074e-002	-3.834126e-011	3.834126e-011	-4.411845e-009	3.067300e-002	-3.067300e-002	3.067300e-002	4.425676e-002	-1.902027e-005	1.902027e-005	3.834141e-011	-3.834101e-011	7.492976e-002
1.011907722192242e-003	-8.392453e-002	-5.607557e-002	-5.000000e+000	-3.906160e+000	-1.093840e+000	-2.513922e+000	-2.486078e+000	-2.499998e+000	-2.500002e+000	-2.570002e+000	-2.569998e+000	4.039521e-009	-4.039521e-009	-6.799890e-002	6.799890e-002	-3.480596e-011	3.480597e-011	-4.004846e-009	2.784477e-002	-2.784476e-002	2.784476e-002	4.017601e-002	-2.187679e-005	2.187679e-005	3.480619e-011	-3.480590e-011	6.802078e-002
1.013907722192242e-003	-8.264089e-002	-5.735922e-002	-5.000000e+000	-3.776513e+000	-1.223487e+000	-2.512639e+000	-2.487361e+000	-2.499998e+000	-2.500002e+000	-2.570002e+000	-2.569998e+000	3.666628e-009	-3.666628e-009	-6.172480e-002	6.172480e-002	-3.159685e-011	3.159686e-011	-3.635250e-009	2.527748e-002	-2.527748e-002	2.527748e-002	3.647179e-002	-2.446975e-005	2.446975e-005	3.159675e-011	-3.159680e-011	6.174927e-002
1.016907722192242e-003	-8.092999e-002	-5.907011e-002	-5.000000e+000	-3.604121e+000	-1.395879e+000	-2.510932e+000	-2.489068e+000	-2.500002e+000	-2.499998e+000	-2.569998e+000	-2.570002e+000	3.171067e-009	-3.171067e-009	-5.338219e-002	5.338219e-002	-2.732974e-011	2.732975e-011	-3.143782e-009	2.186379e-002	-2.186379e-002	2.186379e-002	3.154632e-002	-2.791757e-005	2.791757e-005	2.732979e-011	-2.732951e-011	5.341011e-002
1.019907722192242e-003	-7.945776e-002	-6.054235e-002	-5.000000e+000	-3.455030e+000	-1.544970e+000	-2.509456e+000	-2.490544e+000	-2.499998e+000	-2.500002e+000	-2.570002e+000	-2.569998e+000	2.742581e-009	-2.742581e-009	-4.616716e-002	4.616716e-002	-2.363936e-011	2.363937e-011	-2.718934e-009	1.891149e-002	-1.891148e-002	1.891148e-002	2.728657e-002	-3.089940e-005	3.089940e-005	2.363928e-011	-2.363889e-011	4.619806e-002
1.022907722192241e-003	-7.817721e-002	-6.182289e-002	-5.000000e+000	-3.326090e+000	-1.673910e+000	-2.508179e+000	-2.491821e+000	-2.500002e+000	-2.499998e+000	-2.569998e+000	-2.570002e+000	2.371962e-009	-2.371962e-009	-3.992729e-002	3.992729e-002	-2.044776e-011	2.044777e-011	-2.351499e-009	1.635821e-002	-1.635821e-002	1.635821e-002	2.360256e-002	-3.347821e-005	3.347821e-005	2.044748e-011	-2.044753e-011	3.996077e-002
1.025907722192241e-003	-7.707715e-002	-6.292295e-002	-5.000000e+000	-3.214576e+000	-1.785424e+000	-2.507075e+000	-2.492925e+000	-2.499998e+000	-2.500002e+000	-2.570002e+000	-2.569998e+000	2.051365e-009	-2.051365e-009	-3.453080e-002	3.453080e-002	-1.768754e-011	1.768755e-011	-2.033630e-009	1.415003e-002	-1.415003e-002	1.415003e-002	2.041647e-002	-3.570847e-005	3.570847e-005	1.768760e-011	-1.768743e-011	3.456650e-002
1.028907722192241e-003	-7.611823e-002	-6.388187e-002	-5.000000e+000	-3.118135e+000	-1.881865e+000	-2.506120e+000	-2.493880e+000	-2.500002e+000	-2.499998e+000	-2.569998e+000	-2.570002e+000	1.774197e-009	-1.774197e-009	-2.986368e-002	2.986368e-002	-1.530038e-011	1.530039e-011	-1.758735e-009	1.224031e-002	-1.224030e-002	1.224030e-002	1.766101e-002	-3.763729e-005	3.763729e-005	1.530026e-011	-1.530020e-011	2.990131e-002
1.031907722192241e-003	-7.529640e-002	-6.470370e-002	-5.000000e+000	-3.034729e+000	-1.965271e+000	-2.505294e+000	-2.494706e+000	-2.499998e+000	-2.500002e+000	-2.570002e+000	-2.569998e+000	1.534318e-009	-1.534318e-009	-2.582736e-002	2.582736e-002	-1.323586e-011	1.323588e-011	-1.521130e-009	1.058869e-002	-1.058869e-002	1.058869e-002	1.527797e-002	-3.930542e-005	3.930542e-005	1.323579e-011	-1.323573e-011	2.586666e-002
1.034907722192240e-003	-7.457829e-002	-6.542182e-002	-5.000000e+000	-2.962596e+000	-2.037404e+000	-2.504580e+000	-2.495420e+000	-2.500002e+000	-2.499998e+000	-2.569998e+000	-2.570002e+000	1.326953e-009	-1.326953e-009	-2.233658e-002	2.233658e-002	-1.145038e-011	1.145040e-011	-1.315584e-009	9.160312e-003	-9.160311e-003	9.160311e-003	1.321702e-002	-4.074808e-005	4.074808e-005	1.145023e-011	-1.145017e-011	2.237733e-002
1.037907722192240e-003	-7.396460e-002	-6.603551e-002	-5.000000e+000	-2.900212e+000	-2.099788e+000	-2.503963e+000	-2.496037e+000	-2.499998e+000	-2.500002e+000	-2.570002e+000	-2.569998e+000	1.147555e-009	-1.147555e-009	-1.931761e-002	1.931761e-002	-9.906227e-012	9.906243e-012	-1.137550e-009	7.924987e-003	-7.924985e-003	7.924985e-003	1.143462e-002	-4.199577e-005	4.199577e-005	9.906046e-012	-9.905876e-012	1.935961e-002
1.040907722192240e-003	-7.342649e-002	-6.657362e-002	-5.000000e+000	-2.846260e+000	-2.153740e+000	-2.503428e+000	-2.496572e+000	-2.500002e+000	-2.499998e+000	-2.569998e+000	-2.570002e+000	9.923724e-010	-9.923724e-010	-1.670668e-002	1.670668e-002	-8.570775e-012	8.570792e-012	-9.840733e-010	6.856626e-003	-6.856625e-003	6.856625e-003	9.893131e-003	-4.307481e-005	4.307481e-005	8.570877e-012	-8.570485e-012	1.674975e-002
1.043907722192240e-003	-7.296848e-002	-6.703162e-002	-5.000000e+000	-2.799599e+000	-2.200401e+000	-2.502966e+000	-2.497034e+000	-2.499998e+000	-2.500002e+000	-2.570002e+000	-2.569998e+000	8.583356e-010	-8.583356e-010	-1.444864e-002	1.444864e-002	-7.415821e-012	7.415839e-012	-8.509460e-010	5.932663e-003	-5.932662e-003	5.932662e-003	8.559983e-003	-4.400801e-005	4.400801e-005	7.415784e-012	-7.415725e-012	1.449265e-002
1.046907722192239e-003	-7.256484e-002	-6.743526e-002	-5.000000e+000	-2.759246e+000	-2.240754e+000	-2.502567e+000	-2.497433e+000	-2.500002e+000	-2.499998e+000	-2.569998e+000	-2.570002e+000	7.423751e-010	-7.423751e-010	-1.249579e-002	1.249579e-002	-6.416967e-012	6.416986e-012	-7.358949e-010	5.133580e-003	-5.133579e-003	5.133579e-003	7.407022e-003	-4.481509e-005	4.481509e-005	6.417193e-012	-6.416912e-012	1.254060e-002
1.049907722192239e-003	-7.222342e-002	-6.777668e-002	-5.000000e+000	-2.724346e+000	-2.275654e+000	-2.502221e+000	-2.497779e+000	-2.499998e+000	-2.500002e+000	-2.570002e+000	-2.569998e+000	6.419896e-010	-6.419896e-010	-1.080688e-002	1.080688e-002	-5.553117e-012	5.553137e-012	-6.364189e-010	4.442501e-003	-4.442500e-003	4.442500e-003	6.409893e-003	-4.551308e-005	4.551308e-005	5.553091e-012	-5.553143e-012	1.085239e-002
1.052907722192239e-003	-7.192039e-002	-6.807971e-002	-5.000000e+000	-2.694164e+000	-2.305836e+000	-2.501922e+000	-2.498078e+000	-2.500002e+000	-2.499998e+000	-2.569998e+000	-2.570002e+000	5.552465e-010	-5.552465e-010	-9.346242e-003	9.346242e-003	-4.806023e-012	4.806044e-012	-5.503580e-010	3.844826e-003	-3.844825e-003	3.844825e-003	5.547534e-003	-4.611673e-005	4.611673e-005	4.806200e-012	-4.806031e-012	9.392359e-003
1.055907722192239e-003	-7.166600e-002	-6.833410e-002	-5.000000e+000	-2.668061e+000	-2.331939e+000	-2.501664e+000	-2.498336e+000	-2.499998e+000	-2.500002e+000	-2.570002e+000	-2.569998e+000	4.802132e-010	-4.802132e-010	-8.083021e-003	8.083021e-003	-4.159905e-012	4.159926e-012	-4.758931e-010	3.327932e-003	-3.327931e-003	3.327931e-003	4.801729e-003	-4.663879e-005	4.663879e-005	4.160027e-012	-4.159636e-012	8.129661e-003
1.058907722192238e-003	-7.143855e-002	-6.856155e-002	-5.000000e+000	-2.645485e+000	-2.354515e+000	-2.501441e+000	-2.498559e+000	-2.500002e+000	-2.499998e+000	-2.569998e+000	-2.570002e+000	4.151843e-010	-4.151843e-010	-6.990536e-003	6.990536e-003	-3.601115e-012	3.601137e-012	-4.115464e-010	2.880900e-003	-2.880900e-003	2.880900e-003	4.156726e-003	-4.709029e-005	4.709029e-005	3.601000e-012	-3.601052e-012	7.037626e-003
1.061907722192238e-003	-7.124925e-002	-6.875086e-002	-5.000000e+000	-2.625962e+000	-2.374038e+000	-2.501247e+000	-2.498753e+000	-2.499998e+000	-2.500002e+000	-2.570002e+000	-2.569998e+000	3.592504e-010	-3.592504e-010	-6.045708e-003	6.045708e-003	-3.117849e-012	3.117872e-012	-3.560672e-010	2.494288e-003	-2.494288e-003	2.494288e-003	3.598901e-003	-4.748077e-005	4.748077e-005	3.117955e-012	-3.117896e-012	6.093189e-003
1.064907722192238e-003	-7.107806e-002	-6.892204e-002	-5.000000e+000	-2.609076e+000	-2.390924e+000	-2.501080e+000	-2.498920e+000	-2.500002e+000	-2.499998e+000	-2.569998e+000	-2.570002e+000	3.105924e-010	-3.105924e-010	-5.228582e-003	5.228582e-003	-2.699902e-012	2.699925e-012	-3.078640e-010	2.159930e-003	-2.159930e-003	2.159930e-003	3.116470e-003	-4.781847e-005	4.781847e-005	2.700133e-012	-2.699742e-012	5.276401e-003
1.067907722192238e-003	-7.093740e-002	-6.906271e-002	-5.000000e+000	-2.594473e+000	-2.405527e+000	-2.500935e+000	-2.499065e+000	-2.499998e+000	-2.500002e+000	-2.570002e+000	-2.569998e+000	2.686420e-010	-2.686420e-010	-4.521897e-003	4.521897e-003	-2.338442e-012	2.338467e-012	-2.663683e-010	1.870763e-003	-1.870763e-003	1.870763e-003	2.699244e-003	-4.811053e-005	4.811053e-005	2.338293e-012	-2.338456e-012	4.570007e-003
1.070907722192237e-003	-7.080841e-002	-6.919169e-002	-5.000000e+000	-2.581844e+000	-2.418156e+000	-2.500810e+000	-2.499190e+000	-2.500002e+000	-2.499998e+000	-2.569998e+000	-2.570002e+000	2.323759e-010	-2.323759e-010	-3.910726e-003	3.910726e-003	-2.025837e-012	2.025863e-012	-2.302158e-010	1.620680e-003	-1.620680e-003	1.620680e-003	2.338409e-003	-4.836312e-005	4.836312e-005	2.026160e-012	-2.025769e-012	3.959089e-003
1.073907722192237e-003	-7.070422e-002	-6.929588e-002	-5.000000e+000	-2.570922e+000	-2.429078e+000	-2.500702e+000	-2.499298e+000	-2.499998e+000	-2.500002e+000	-2.570002e+000	-2.569998e+000	2.009983e-010	-2.009983e-010	-3.382159e-003	3.382159e-003	-1.755483e-012	1.755510e-012	-1.991793e-010	1.404397e-003	-1.404397e-003	1.404397e-003	2.026344e-003	-4.858156e-005	4.858156e-005	1.755375e-012	-1.755316e-012	3.430741e-003
1.076907722192237e-003	-7.060671e-002	-6.939340e-002	-5.000000e+000	-2.561476e+000	-2.438524e+000	-2.500609e+000	-2.499391e+000	-2.500002e+000	-2.499998e+000	-2.569998e+000	-2.570002e+000	1.735998e-010	-1.735998e-010	-2.925033e-003	2.925033e-003	-1.521670e-012	1.521697e-012	-1.722356e-010	1.217347e-003	-1.217347e-003	1.217347e-003	1.756457e-003	-4.877048e-005	4.877048e-005	1.521598e-012	-1.521540e-012	2.973804e-003
1.079907722192237e-003	-7.052994e-002	-6.947017e-002	-5.000000e+000	-2.553307e+000	-2.446693e+000	-2.500528e+000	-2.499472e+000	-2.499998e+000	-2.500002e+000	-2.570002e+000	-2.569998e+000	1.502940e-010	-1.502940e-010	-2.529691e-003	2.529691e-003	-1.319458e-012	1.319486e-012	-1.489298e-010	1.055578e-003	-1.055578e-003	1.055578e-003	1.523048e-003	-4.893387e-005	4.893387e-005	1.319526e-012	-1.319468e-012	2.578625e-003
1.082907722192236e-003	-7.045579e-002	-6.954432e-002	-5.000000e+000	-2.546242e+000	-2.453758e+000	-2.500458e+000	-2.499542e+000	-2.500002e+000	-2.499998e+000	-2.569998e+000	-2.570002e+000	1.300577e-010	-1.300577e-010	-2.187783e-003	2.187783e-003	-1.144577e-012	1.144606e-012	-1.288072e-010	9.156730e-004	-9.156729e-004	9.156729e-004	1.321185e-003	-4.907517e-005	4.907517e-005	1.144682e-012	-1.144402e-012	2.236858e-003
1.085907722192236e-003	-7.039952e-002	-6.960058e-002	-5.000000e+000	-2.540131e+000	-2.459869e+000	-2.500397e+000	-2.499603e+000	-2.499998e+000	-2.500002e+000	-2.570002e+000	-2.569998e+000	1.125500e-010	-1.125500e-010	-1.892086e-003	1.892086e-003	-9.933324e-013	9.933621e-013	-1.114131e-010	7.946776e-004	-7.946775e-004	7.946775e-004	1.146606e-003	-4.919738e-005	4.919738e-005	9.935976e-013	-9.933172e-013	1.941284e-003
1.088907722192236e-003	-7.034302e-002	-6.965709e-002	-5.000000e+000	-2.534847e+000	-2.465153e+000	-2.500345e+000	-2.499655e+000	-2.500002e+000	-2.499998e+000	-2.569998e+000	-2.570002e+000	9.731593e-011	-9.731593e-011	-1.636356e-003	1.636356e-003	-8.625296e-013	8.625601e-013	-9.640644e-011	6.900358e-004	-6.900357e-004	6.900357e-004	9.956229e-004	-4.930306e-005	4.930306e-005	8.625234e-013	-8.622431e-013	1.685659e-003
1.091907722192236e-003	-7.030177e-002	-6.969833e-002	-5.000000e+000	-2.530277e+000	-2.469723e+000	-2.500300e+000	-2.499700e+000	-2.499998e+000	-2.500002e+000	-2.570002e+000	-2.569998e+000	8.401457e-011	-8.401457e-011	-1.415189e-003	1.415189e-003	-7.494058e-013	7.494372e-013	-8.344614e-011	5.995371e-004	-5.995370e-004	5.995370e-004	8.650463e-004	-4.939447e-005	4.939447e-005	7.493679e-013	-7.493097e-013	1.464583e-003
1.094907722192235e-003	-7.025862e-002	-6.974149e-002	-5.000000e+000	-2.526324e+000	-2.473676e+000	-2.500261e+000	-2.499739e+000	-2.500002e+000	-2.499998e+000	-2.569998e+000	-2.570002e+000	7.287326e-011	-7.287326e-011	-1.223915e-003	1.223915e-003	-6.515716e-013	6.516038e-013	-7.196377e-011	5.212700e-004	-5.212700e-004	5.212700e-004	7.521181e-004	-4.947352e-005	4.947352e-005	6.516036e-013	-6.514344e-013	1.273388e-003
1.097907722192235e-003	-7.022882e-002	-6.977129e-002	-5.000000e+000	-2.522906e+000	-2.477094e+000	-2.500227e+000	-2.499773e+000	-2.499998e+000	-2.500002e+000	-2.570002e+000	-2.569998e+000	6.298251e-011	-6.298251e-011	-1.058493e-003	1.058493e-003	-5.669603e-013	5.669934e-013	-6.241407e-011	4.535814e-004	-4.535814e-004	4.535814e-004	6.544531e-004	-4.954188e-005	4.954188e-005	5.669460e-013	-5.667768e-013	1.108035e-003
1.100907722192235e-003	-7.019544e-002	-6.980467e-002	-5.000000e+000	-2.519950e+000	-2.480050e+000	-2.500197e+000	-2.499803e+000	-2.500002e+000	-2.499998e+000	-2.569998e+000	-2.570002e+000	5.445600e-011	-5.445600e-011	-9.154287e-004	9.154287e-004	-4.937850e-013	4.938189e-013	-5.377387e-011	3.950415e-004	-3.950414e-004	3.950414e-004	5.699883e-004	-4.960101e-005	4.960101e-005	4.939295e-013	-4.939824e-013	9.650298e-004
1.103907722192235e-003	-7.017422e-002	-6.982589e-002	-5.000000e+000	-2.517393e+000	-2.482607e+000	-2.500172e+000	-2.499828e+000	-2.499998e+000	-2.500002e+000	-2.570002e+000	-2.569998e+000	4.695266e-011	-4.695266e-011	-7.917011e-004	7.917011e-004	-4.304998e-013	4.305345e-013	-4.672529e-011	3.444137e-004	-3.444136e-004	3.444136e-004	4.969396e-004	-4.965214e-005	4.965214e-005	4.303665e-013	-4.303084e-013	8.413533e-004
1.106907722192234e-003	-7.014847e-002	-6.985164e-002	-5.000000e+000	-2.515182e+000	-2.484818e+000	-2.500150e+000	-2.499850e+000	-2.500002e+000	-2.499998e+000	-2.569998e+000	-2.570002e+000	4.069989e-011	-4.069989e-011	-6.846963e-004	6.846963e-004	-3.757680e-013	3.758036e-013	-4.047251e-011	3.006286e-004	-3.006286e-004	3.006286e-004	4.337641e-004	-4.969636e-005	4.969636e-005	3.757370e-013	-3.756790e-013	7.343927e-004
1.109907722192234e-003	-7.013345e-002	-6.986666e-002	-5.000000e+000	-2.513269e+000	-2.486731e+000	-2.500131e+000	-2.499869e+000	-2.499998e+000	-2.500002e+000	-2.570002e+000	-2.569998e+000	3.524292e-011	-3.524292e-011	-5.921540e-004	5.921540e-004	-3.284337e-013	3.284701e-013	-3.478817e-011	2.627615e-004	-2.627614e-004	2.627614e-004	3.791272e-004	-4.973461e-005	4.973461e-005	3.283846e-013	-3.281045e-013	6.418887e-004
1.112907722192234e-003	-7.011294e-002	-6.988716e-002	-5.000000e+000	-2.511616e+000	-2.488384e+000	-2.500115e+000	-2.499885e+000	-2.500002e+000	-2.499998e+000	-2.569998e+000	-2.570002e+000	3.035439e-011	-3.035439e-011	-5.121196e-004	5.121196e-004	-2.874969e-013	2.875341e-013	-3.024070e-011	2.300124e-004	-2.300123e-004	2.300123e-004	3.318750e-004	-4.976769e-005	4.976769e-005	2.873762e-013	-2.874292e-013	5.618873e-004
1.115907722192234e-003	-7.010293e-002	-6.989717e-002	-5.000000e+000	-2.510185e+000	-2.489815e+000	-2.500101e+000	-2.499899e+000	-2.499998e+000	-2.500002e+000	-2.570002e+000	-2.569998e+000	2.626166e-011	-2.626166e-011	-4.429025e-004	4.429025e-004	-2.520930e-013	2.521311e-013	-2.614797e-011	2.016896e-004	-2.016896e-004	2.016896e-004	2.910092e-004	-4.979629e-005	4.979629e-005	2.518429e-013	-2.518959e-013	4.926988e-004
1.118907722192233e-003	-7.008672e-002	-6.991339e-002	-5.000000e+000	-2.508948e+000	-2.491052e+000	-2.500089e+000	-2.499911e+000	-2.500002e+000	-2.499998e+000	-2.569998e+000	-2.570002e+000	2.285105e-011	-2.285105e-011	-3.830407e-004	3.830407e-004	-2.214742e-013	2.215130e-013	-2.250999e-011	1.771949e-004	-1.771948e-004	1.771948e-004	2.556668e-004	-4.982104e-005	4.982104e-005	2.217178e-013	-2.213268e-013	4.328617e-004
1.121907722192233e-003	-7.008004e-002	-6.992006e-002	-5.000000e+000	-2.507879e+000	-2.492121e+000	-2.500078e+000	-2.499922e+000	-2.499998e+000	-2.500002e+000	-2.570002e+000	-2.569998e+000	1.978151e-011	-1.978151e-011	-3.312696e-004	3.312696e-004	-1.949937e-013	1.950334e-013	-1.944045e-011	1.560108e-004	-1.560108e-004	1.560108e-004	2.251013e-004	-4.984243e-005	4.984243e-005	1.947302e-013	-1.946723e-013	3.811120e-004
1.124907722192233e-003	-7.006669e-002	-6.993341e-002	-5.000000e+000	-2.506953e+000	-2.493047e+000	-2.500069e+000	-2.499931e+000	-2.500002e+000	-2.499998e+000	-2.569998e+000	-2.570002e+000	1.693934e-011	-1.693934e-011	-2.864958e-004	2.864958e-004	-1.720921e-013	1.721327e-013	-1.693934e-011	1.376899e-004	-1.376899e-004	1.376899e-004	1.986669e-004	-4.986093e-005	4.986093e-005	1.720256e-013	-1.719678e-013	3.363568e-004
1.127907722192233e-003	-7.006311e-002	-6.993699e-002	-5.000000e+000	-2.506153e+000	-2.493847e+000	-2.500061e+000	-2.499939e+000	-2.499998e+000	-2.500002e+000	-2.570002e+000	-2.569998e+000	1.477929e-011	-1.477929e-011	-2.477736e-004	2.477736e-004	-1.522859e-013	1.523273e-013	-1.455192e-011	1.218453e-004	-1.218453e-004	1.218453e-004	1.758053e-004	-4.987694e-005	4.987694e-005	1.523698e-013	-1.524230e-013	2.976505e-004
1.130907722192232e-003	-7.005191e-002	-6.994820e-002	-5.000000e+000	-2.505461e+000	-2.494539e+000	-2.500054e+000	-2.499946e+000	-2.500002e+000	-2.499998e+000	-2.569998e+000	-2.570002e+000	1.273293e-011	-1.273293e-011	-2.142850e-004	2.142850e-004	-1.351566e-013	1.351988e-013	-1.250555e-011	1.081421e-004	-1.081421e-004	1.081421e-004	1.560336e-004	-4.989078e-005	4.989078e-005	1.352298e-013	-1.350610e-013	2.641758e-004
1.133907722192232e-003	-7.005024e-002	-6.994987e-002	-5.000000e+000	-2.504863e+000	-2.495137e+000	-2.500048e+000	-2.499952e+000	-2.499998e+000	-2.500002e+000	-2.570002e+000	-2.569998e+000	1.102762e-011	-1.102762e-011	-1.853226e-004	1.853226e-004	-1.203424e-013	1.203854e-013	-1.102762e-011	9.629110e-005	-9.629109e-005	9.629109e-005	1.389343e-004	-4.990274e-005	4.990274e-005	1.204468e-013	-1.201671e-013	2.352254e-004
1.136907722192232e-003	-7.004094e-002	-6.995916e-002	-5.000000e+000	-2.504345e+000	-2.495655e+000	-2.500043e+000	-2.499957e+000	-2.500002e+000	-2.499998e+000	-2.569998e+000	-2.570002e+000	9.549694e-012	-9.549694e-012	-1.602748e-004	1.602748e-004	-1.075304e-013	1.075742e-013	-9.436008e-012	8.604183e-005	-8.604182e-005	8.604182e-005	1.241461e-004	-4.991310e-005	4.991310e-005	1.072825e-013	-1.068917e-013	2.101879e-004
1.139907722192232e-003	-7.004070e-002	-6.995940e-002	-5.000000e+000	-2.503897e+000	-2.496103e+000	-2.500039e+000	-2.499961e+000	-2.499998e+000	-2.500002e+000	-2.570002e+000	-2.569998e+000	8.185452e-012	-8.185452e-012	-1.386123e-004	1.386123e-004	-9.644997e-014	9.649462e-014	-8.071765e-012	7.717783e-005	-7.717782e-005	7.717782e-005	1.113566e-004	-4.992205e-005	4.992205e-005	9.661192e-014	-9.622128e-014	1.885344e-004
1.142907722192231e-003	-7.003284e-002	-6.996727e-002	-5.000000e+000	-2.503510e+000	-2.496490e+000	-2.500035e+000	-2.499965e+000	-2.500002e+000	-2.499998e+000	-2.569998e+000	-2.570002e+000	7.048584e-012	-7.048584e-012	-1.198778e-004	1.198778e-004	-8.686710e-014	8.691259e-014	-7.048584e-012	6.951187e-005	-6.951187e-005	6.951187e-005	1.002957e-004	-4.992979e-005	4.992979e-005	8.694185e-014	-8.710635e-014	1.698076e-004
1.145907722192231e-003	-7.003355e-002	-6.996655e-002	-5.000000e+000	-2.503175e+000	-2.496825e+000	-2.500031e+000	-2.499969e+000	-2.499998e+000	-2.500002e+000	-2.570002e+000	-2.569998e+000	6.139089e-012	-6.139089e-012	-1.036753e-004	1.036753e-004	-7.857940e-014	7.862569e-014	-6.025402e-012	6.288203e-005	-6.288202e-005	6.288202e-005	9.072978e-005	-4.993649e-005	4.993649e-005	7.871026e-014	-7.843070e-014	1.536118e-004
1.148907722192231e-003	-7.002664e-002	-6.997347e-002	-5.000000e+000	-2.502886e+000	-2.497114e+000	-2.500029e+000	-2.499971e+000	-2.500002e+000	-2.499998e+000	-2.569998e+000	-2.570002e+000	5.229595e-012	-5.229595e-012	-8.966275e-005	8.966275e-005	-7.141178e-014	7.145890e-014	-5.229595e-012	5.714826e-005	-5.714826e-005	5.714826e-005	8.245677e-005	-4.994228e-005	4.994228e-005	7.182652e-014	-7.176905e-014	1.396050e-004
1.151907722192231e-003	-7.002831e-002	-6.997180e-002	-5.000000e+000	-2.502635e+000	-2.497365e+000	-2.500026e+000	-2.499974e+000	-2.499998e+000	-2.500002e+000	-2.570002e+000	-2.569998e+000	4.547474e-012	-4.547474e-012	-7.754410e-005	7.754410e-005	-6.521286e-014	6.526081e-014	-4.547474e-012	5.218946e-005	-5.218946e-005	5.218946e-005	7.530193e-005	-4.994729e-005	4.994729e-005	6.498978e-014	-6.493233e-014	1.274914e-004
1.154907722192230e-003	-7.002187e-002	-6.997824e-002	-5.000000e+000	-2.502419e+000	-2.497581e+000	-2.500024e+000	-2.499976e+000	-2.500002e+000	-2.499998e+000	-2.569998e+000	-2.570002e+000	4.092726e-012	-4.092726e-012	-6.706339e-005	6.706339e-005	-5.985173e-014	5.990050e-014	-3.865352e-012	4.790088e-005	-4.790088e-005	4.790088e-005	6.911412e-005	-4.995162e-005	4.995162e-005	5.982476e-014	-5.987837e-014	1.170150e-004
1.157907722192230e-003	-7.002425e-002	-6.997585e-002	-5.000000e+000	-2.502232e+000	-2.497768e+000	-2.500022e+000	-2.499978e+000	-2.499998e+000	-2.500002e+000	-2.570002e+000	-2.569998e+000	3.410605e-012	-3.410605e-012	-5.799923e-005	5.799923e-005	-5.521514e-014	5.526472e-014	-3.410605e-012	4.419194e-005	-4.419194e-005	4.419194e-005	6.376265e-005	-4.995536e-005	4.995536e-005	5.539379e-014	-5.533642e-014	1.079546e-004
1.160907722192230e-003	-7.001853e-002	-6.998158e-002	-5.000000e+000	-2.502070e+000	-2.497930e+000	-2.500021e+000	-2.499979e+000	-2.500002e+000	-2.499998e+000	-2.569998e+000	-2.570002e+000	2.955858e-012	-2.955858e-012	-5.016016e-005	5.016016e-005	-5.120517e-014	5.125557e-014	-2.842171e-012	4.098429e-005	-4.098429e-005	4.098429e-005	5.913448e-005	-4.995861e-005	4.995861e-005	5.123945e-014	-5.140417e-014	1.001188e-004
1.163907722192230e-003	-7.002115e-002	-6.997895e-002	-5.000000e+000	-2.501930e+000	-2.498070e+000	-2.500019e+000	-2.499981e+000	-2.499998e+000	-2.500002e+000	-2.570002e+000	-2.569998e+000	2.728484e-012	-2.728484e-012	-4.338061e-005	4.338061e-005	-4.773713e-014	4.778834e-014	-2.387424e-012	3.821019e-005	-3.821018e-005	3.821018e-005	5.513184e-005	-4.996141e-005	4.996141e-005	4.798760e-014	-4.770825e-014	9.334202e-005
1.166907722192229e-003	-7.001591e-002	-6.998420e-002	-5.000000e+000	-2.501808e+000	-2.498192e+000	-2.500018e+000	-2.499982e+000	-2.500002e+000	-2.499998e+000	-2.569998e+000	-2.570002e+000	2.160050e-012	-2.160050e-012	-3.751737e-005	3.751737e-005	-4.473777e-014	4.478979e-014	-2.160050e-012	3.581102e-005	-3.581102e-005	3.581102e-005	5.167018e-005	-4.996383e-005	4.996383e-005	4.472083e-014	-4.466355e-014	8.748120e-005
1.169907722192229e-003	-7.001901e-002	-6.998110e-002	-5.000000e+000	-2.501704e+000	-2.498296e+000	-2.500017e+000	-2.499983e+000	-2.499998e+000	-2.500002e+000	-2.570002e+000	-2.569998e+000	2.046363e-012	-2.046363e-012	-3.244659e-005	3.244659e-005	-4.214374e-014	4.219657e-014	-1.818989e-012	3.373612e-005	-3.373612e-005	3.373612e-005	4.867640e-005	-4.996593e-005	4.996593e-005	4.229700e-014	-4.212875e-014	8.241252e-005
1.172907722192229e-003	-7.001400e-002	-6.998610e-002	-5.000000e+000	-2.501613e+000	-2.498387e+000	-2.500016e+000	-2.499984e+000	-2.500002e+000	-2.499998e+000	-2.569998e+000	-2.570002e+000	1.705303e-012	-1.705303e-012	-2.806117e-005	2.806117e-005	-3.990026e-014	3.995390e-014	-1.705303e-012	3.194166e-005	-3.194166e-005	3.194166e-005	4.608725e-005	-4.996774e-005	4.996774e-005	4.022380e-014	-3.994457e-014	7.802891e-005
1.175907722192229e-003	-7.001734e-002	-6.998277e-002	-5.000000e+000	-2.501535e+000	-2.498465e+000	-2.500015e+000	-2.499985e+000	-2.499998e+000	-2.500002e+000	-2.570002e+000	-2.569998e+000	1.477929e-012	-1.477929e-012	-2.426848e-005	2.426848e-005	-3.795994e-014	3.801440e-014	-1.364242e-012	3.038974e-005	-3.038974e-005	3.038974e-005	4.384805e-005	-4.996931e-005	4.996931e-005	3.810545e-014	-3.793727e-014	7.423778e-005
1.178907722192228e-003	-7.001257e-002	-6.998754e-002	-5.000000e+000	-2.501467e+000	-2.498533e+000	-2.500015e+000	-2.499985e+000	-2.500002e+000	-2.499998e+000	-2.569998e+000	-2.570002e+000	1.250555e-012	-1.250555e-012	-2.098840e-005	2.098840e-005	-3.628182e-014	3.633710e-014	-1.250555e-012	2.904757e-005	-2.904757e-005	2.904757e-005	4.191149e-005	-4.997066e-005	4.997066e-005	3.622749e-014	-3.639240e-014	7.095906e-005
1.181907722192228e-003	-7.001591e-002	-6.998420e-002	-5.000000e+000	-2.501408e+000	-2.498592e+000	-2.500014e+000	-2.499986e+000	-2.499998e+000	-2.500002e+000	-2.570002e+000	-2.569998e+000	1.136868e-012	-1.136868e-012	-1.815164e-005	1.815164e-005	-3.483047e-014	3.488655e-014	-1.023182e-012	2.788681e-005	-2.788680e-005	2.788680e-005	4.023667e-005	-4.997183e-005	4.997183e-005	3.460439e-014	-3.443625e-014	6.812348e-005
1.184907722192228e-003	-7.001138e-002	-6.998873e-002	-5.000000e+000	-2.501358e+000	-2.498642e+000	-2.500013e+000	-2.499987e+000	-2.500002e+000	-2.499998e+000	-2.569998e+000	-2.570002e+000	1.023182e-012	-7.958079e-013	-1.569830e-005	1.569830e-005	-3.357522e-014	3.363211e-014	-7.958079e-013	2.688293e-005	-2.688293e-005	2.688293e-005	3.878822e-005	-4.997285e-005	4.997285e-005	3.335267e-014	-3.318459e-014	6.567115e-005
1.187907722192227e-003	-7.001519e-002	-6.998491e-002	-5.000000e+000	-2.501314e+000	-2.498686e+000	-2.500013e+000	-2.499987e+000	-2.499998e+000	-2.500002e+000	-2.570002e+000	-2.569998e+000	6.821210e-013	-6.821210e-013	-1.357655e-005	1.357655e-005	-3.248957e-014	3.254727e-014	-6.821210e-013	2.601473e-005	-2.601473e-005	2.601473e-005	3.753554e-005	-4.997373e-005	4.997373e-005	3.246784e-014	-3.263285e-014	6.355027e-005
1.190907722192227e-003	-7.001066e-002	-6.998944e-002	-5.000000e+000	-2.501276e+000	-2.498724e+000	-2.500013e+000	-2.499987e+000	-2.500002e+000	-2.499998e+000	-2.569998e+000	-2.570002e+000	6.821210e-013	-6.821210e-013	-1.174157e-005	1.174157e-005	-3.155060e-014	3.160911e-014	-6.821210e-013	2.526388e-005	-2.526388e-005	2.526388e-005	3.645217e-005	-4.997448e-005	4.997448e-005	3.140288e-014	-3.134587e-014	6.171605e-005
1.193907722192227e-003	-7.001448e-002	-6.998563e-002	-5.000000e+000	-2.501243e+000	-2.498757e+000	-2.500012e+000	-2.499988e+000	-2.499998e+000	-2.500002e+000	-2.570002e+000	-2.569998e+000	5.684342e-013	-5.684342e-013	-1.015460e-005	1.015460e-005	-3.073849e-014	3.079780e-014	-5.684342e-013	2.461451e-005	-2.461451e-005	2.461451e-005	3.551523e-005	-4.997514e-005	4.997514e-005	3.094846e-014	-3.066945e-014	6.012974e-005
1.196907722192227e-003	-7.000995e-002	-6.999016e-002	-5.000000e+000	-2.501215e+000	-2.498785e+000	-2.500012e+000	-2.499988e+000	-2.500002e+000	-2.499998e+000	-2.569998e+000	-2.570002e+000	4.547474e-013	-4.547474e-013	-8.782124e-006	8.782124e-006	-3.003608e-014	3.009620e-014	-3.410605e-013	2.405291e-005	-2.405291e-005	2.405291e-005	3.470492e-005	-4.997571e-005	4.997571e-005	2.991384e-014	-2.985689e-014	5.875783e-005
1.199907722192226e-003	-7.001400e-002	-6.998610e-002	-5.000000e+000	-2.501190e+000	-2.498810e+000	-2.500012e+000	-2.499988e+000	-2.499998e+000	-2.500002e+000	-2.570002e+000	-2.569998e+000	4.547474e-013	-4.547474e-013	-7.595149e-006	7.595149e-006	-2.942856e-014	2.948948e-014	-4.547474e-013	2.356722e-005	-2.356722e-005	2.356722e-005	3.400413e-005	-4.997620e-005	4.997620e-005	2.941874e-014	-2.936181e-014	5.757135e-005
1.202907722192226e-003	-7.000947e-002	-6.999063e-002	-5.000000e+000	-2.501169e+000	-2.498831e+000	-2.500011e+000	-2.499989e+000	-2.500002e+000	-2.499998e+000	-2.569998e+000	-2.570002e+000	4.547474e-013	-4.547474e-013	-6.568603e-006	6.568603e-006	-2.890310e-014	2.896482e-014	-4.547474e-013	2.314717e-005	-2.314717e-005	2.314717e-005	3.339806e-005	-4.997662e-005	4.997662e-005	2.884556e-014	-2.878867e-014	5.654522e-005
1.205907722192226e-003	-7.001352e-002	-6.998658e-002	-5.000000e+000	-2.501151e+000	-2.498849e+000	-2.500011e+000	-2.499989e+000	-2.499998e+000	-2.500002e+000	-2.570002e+000	-2.569998e+000	3.410605e-013	-3.410605e-013	-5.680803e-006	5.680803e-006	-2.844860e-014	2.851113e-014	-2.273737e-013	2.278389e-005	-2.278389e-005	2.278389e-005	3.287390e-005	-4.997699e-005	4.997699e-005	2.869405e-014	-2.852617e-014	5.565779e-005
1.208907722192226e-003	-7.000923e-002	-6.999087e-002	-5.000000e+000	-2.501135e+000	-2.498865e+000	-2.500011e+000	-2.499989e+000	-2.500002e+000	-2.499998e+000	-2.569998e+000	-2.570002e+000	3.410605e-013	-3.410605e-013	-4.912997e-006	4.912997e-006	-2.805548e-014	2.811881e-014	-3.410605e-013	2.246971e-005	-2.246971e-005	2.246971e-005	3.242059e-005	-4.997731e-005	4.997731e-005	2.826388e-014	-2.787398e-014	5.489030e-005
1.211907722192225e-003	-7.001305e-002	-6.998706e-002	-5.000000e+000	-2.501121e+000	-2.498879e+000	-2.500011e+000	-2.499989e+000	-2.499998e+000	-2.500002e+000	-2.570002e+000	-2.569998e+000	3.410605e-013	-3.410605e-013	-4.248965e-006	4.248965e-006	-2.771543e-014	2.777957e-014	-3.410605e-013	2.219800e-005	-2.219800e-005	2.219800e-005	3.202854e-005	-4.997758e-005	4.997758e-005	2.784853e-014	-2.768074e-014	5.422654e-005
1.214907722192225e-003	-7.000899e-002	-6.999111e-002	-5.000000e+000	-2.501109e+000	-2.498891e+000	-2.500011e+000	-2.499989e+000	-2.500002e+000	-2.499998e+000	-2.569998e+000	-2.570002e+000	2.273737e-013	-2.273737e-013	-3.674683e-006	3.674683e-006	-2.742130e-014	2.748623e-014	-2.273737e-013	2.196301e-005	-2.196301e-005	2.196301e-005	3.168949e-005	-4.997782e-005	4.997782e-005	2.757789e-014	-2.729911e-014	5.365250e-005
1.217907722192225e-003	-7.001305e-002	-6.998706e-002	-5.000000e+000	-2.501099e+000	-2.498901e+000	-2.500011e+000	-2.499989e+000	-2.499998e+000	-2.500002e+000	-2.570002e+000	-2.569998e+000	1.136868e-013	-1.136868e-013	-3.178020e-006	3.178020e-006	-2.716686e-014	2.723260e-014	-1.136868e-013	2.175978e-005	-2.175978e-005	2.175978e-005	3.139626e-005	-4.997802e-005	4.997802e-005	2.714641e-014	-2.708970e-014	5.315604e-005
1.220907722192225e-003	-7.000899e-002	-6.999111e-002	-5.000000e+000	-2.501090e+000	-2.498910e+000	-2.500011e+000	-2.499989e+000	-2.500002e+000	-2.499998e+000	-2.569998e+000	-2.570002e+000	2.273737e-013	-2.273737e-013	-2.748485e-006	2.748485e-006	-2.694676e-014	2.701329e-014	-2.273737e-013	2.158402e-005	-2.158402e-005	2.158402e-005	3.114266e-005	-4.997820e-005	4.997820e-005	2.710827e-014	-2.682958e-014	5.272669e-005
1.223907722192224e-003	-7.001281e-002	-6.998730e-002	-5.000000e+000	-2.501082e+000	-2.498918e+000	-2.500011e+000	-2.499989e+000	-2.499998e+000	-2.500002e+000	-2.570002e+000	-2.569998e+000	0.000000e+000	0.000000e+000	-2.377005e-006	2.377005e-006	-2.675636e-014	2.682369e-014	0.000000e+000	2.143202e-005	-2.143202e-005	2.143202e-005	3.092334e-005	-4.997835e-005	4.997835e-005	2.709009e-014	-2.681144e-014	5.235536e-005
1.226907722192224e-003	-7.000852e-002	-6.999159e-002	-5.000000e+000	-2.501076e+000	-2.498924e+000	-2.500010e+000	-2.499990e+000	-2.500002e+000	-2.499998e+000	-2.569998e+000	-2.570002e+000	2.273737e-013	-2.273737e-013	-2.055733e-006	2.055733e-006	-2.659164e-014	2.665976e-014	-2.273737e-013	2.130056e-005	-2.130056e-005	2.130056e-005	3.073366e-005	-4.997849e-005	4.997849e-005	2.637226e-014	-2.642673e-014	5.203422e-005
1.229907722192224e-003	-7.001257e-002	-6.998754e-002	-5.000000e+000	-2.501070e+000	-2.498930e+000	-2.500010e+000	-2.499990e+000	-2.499998e+000	-2.500002e+000	-2.570002e+000	-2.569998e+000	0.000000e+000	0.000000e+000	-1.777884e-006	1.777884e-006	-2.644912e-014	2.651804e-014	0.000000e+000	2.118686e-005	-2.118686e-005	2.118686e-005	3.056962e-005	-4.997860e-005	4.997860e-005	2.651649e-014	-2.634895e-014	5.175649e-005
1.232907722192224e-003	-7.000852e-002	-6.999159e-002	-5.000000e+000	-2.501065e+000	-2.498935e+000	-2.500010e+000	-2.499990e+000	-2.500002e+000	-2.499998e+000	-2.569998e+000	-2.570002e+000	0.000000e+000	0.000000e+000	-1.537589e-006	1.537589e-006	-2.632582e-014	2.639553e-014	0.000000e+000	2.108854e-005	-2.108854e-005	2.108854e-005	3.042775e-005	-4.997870e-005	4.997870e-005	2.627750e-014	-2.599893e-014	5.151629e-005
1.235907722192223e-003	-7.001257e-002	-6.998754e-002	-5.000000e+000	-2.501061e+000	-2.498939e+000	-2.500010e+000	-2.499990e+000	-2.499998e+000	-2.500002e+000	-2.570002e+000	-2.569998e+000	2.273737e-013	-2.273737e-013	-1.329771e-006	1.329771e-006	-2.621913e-014	2.628963e-014	-2.273737e-013	2.100350e-005	-2.100350e-005	2.100350e-005	3.030505e-005	-4.997879e-005	4.997879e-005	2.645932e-014	-2.640284e-014	5.130856e-005
1.238907722192223e-003	-7.000852e-002	-6.999159e-002	-5.000000e+000	-2.501057e+000	-2.498943e+000	-2.500010e+000	-2.499990e+000	-2.500002e+000	-2.499998e+000	-2.569998e+000	-2.570002e+000	1.136868e-013	-1.136868e-013	-1.150042e-006	1.150042e-006	-2.612680e-014	2.619810e-014	0.000000e+000	2.092996e-005	-2.092996e-005	2.092996e-005	3.019894e-005	-4.997886e-005	4.997886e-005	2.629278e-014	-2.590325e-014	5.112890e-005
1.241907722192223e-003	-7.001257e-002	-6.998754e-002	-5.000000e+000	-2.501054e+000	-2.498946e+000	-2.500010e+000	-2.499990e+000	-2.499998e+000	-2.500002e+000	-2.570002e+000	-2.569998e+000	0.000000e+000	0.000000e+000	-9.946044e-007	9.946044e-007	-2.604690e-014	2.611899e-014	0.000000e+000	2.086636e-005	-2.086636e-005	2.086636e-005	3.010717e-005	-4.997892e-005	4.997892e-005	2.610563e-014	-2.593815e-014	5.097353e-005
1.244907722192223e-003	-7.000852e-002	-6.999159e-002	-5.000000e+000	-2.501051e+000	-2.498949e+000	-2.500010e+000	-2.499990e+000	-2.500002e+000	-2.499998e+000	-2.569998e+000	-2.570002e+000	0.000000e+000	0.000000e+000	-8.601755e-007	8.601755e-007	-2.597775e-014	2.605063e-014	0.000000e+000	2.081135e-005	-2.081135e-005	2.081135e-005	3.002780e-005	-4.997898e-005	4.997898e-005	2.596497e-014	-2.579754e-014	5.083916e-005
1.247907722192222e-003	-7.001257e-002	-6.998754e-002	-5.000000e+000	-2.501049e+000	-2.498951e+000	-2.500010e+000	-2.499990e+000	-2.499998e+000	-2.500002e+000	-2.570002e+000	-2.569998e+000	0.000000e+000	0.000000e+000	-7.439158e-007	7.439158e-007	-2.591789e-014	2.599156e-014	0.000000e+000	2.076378e-005	-2.076378e-005	2.076378e-005	2.995917e-005	-4.997903e-005	4.997903e-005	2.595878e-014	-2.568036e-014	5.072295e-005
1.250907722192222e-003	-7.000852e-002	-6.999159e-002	-5.000000e+000	-2.501046e+000	-2.498954e+000	-2.500010e+000	-2.499990e+000	-2.500002e+000	-2.499998e+000	-2.569998e+000	-2.570002e+000	0.000000e+000	0.000000e+000	-6.433696e-007	6.433696e-007	-2.586606e-014	2.594053e-014	0.000000e+000	2.072264e-005	-2.072264e-005	2.072264e-005	2.989980e-005	-4.997907e-005	4.997907e-005	2.578782e-014	-2.573148e-014	5.062244e-005
1.253907722192222e-003	-7.001257e-002	-6.998754e-002	-5.000000e+000	-2.501045e+000	-2.498955e+000	-2.500010e+000	-2.499990e+000	-2.499998e+000	-2.500002e+000	-2.570002e+000	-2.569998e+000	0.000000e+000	0.000000e+000	-5.564129e-007	5.564129e-007	-2.582119e-014	2.589645e-014	0.000000e+000	2.068706e-005	-2.068705e-005	2.068705e-005	2.984846e-005	-4.997911e-005	4.997911e-005	2.611440e-014	-2.605809e-014	5.053552e-005
1.256907722192222e-003	-7.000852e-002	-6.999159e-002	-5.000000e+000	-2.501043e+000	-2.498957e+000	-2.500010e+000	-2.499990e+000	-2.500002e+000	-2.499998e+000	-2.569998e+000	-2.570002e+000	0.000000e+000	0.000000e+000	-4.812092e-007	4.812092e-007	-2.578233e-014	2.585837e-014	0.000000e+000	2.065628e-005	-2.065628e-005	2.065628e-005	2.980406e-005	-4.997914e-005	4.997914e-005	2.567479e-014	-2.550749e-014	5.046034e-005
1.259336293620793e-003	-7.000918e-002	-6.999104e-002	-5.000000e+000	-2.501042e+000	-2.498958e+000	-2.500011e+000	-2.499989e+000	-2.500002e+000	-2.499999e+000	-2.569999e+000	-2.570002e+000	9.520573e-015	-9.520573e-015	-4.292220e-007	4.292220e-007	-2.575542e-014	2.583210e-014	7.990481e-015	2.063501e-005	-2.063501e-005	2.063501e-005	2.977337e-005	-4.997916e-005	4.997916e-005	2.568084e-014	-2.555832e-014	5.040838e-005
1.261764865049364e-003	-7.000980e-002	-6.999050e-002	-5.000000e+000	-2.501041e+000	-2.498959e+000	-2.500011e+000	-2.499989e+000	-2.500001e+000	-2.499999e+000	-2.569999e+000	-2.570001e+000	1.586762e-014	-1.586762e-014	-3.817129e-007	3.817129e-007	-2.573081e-014	2.580812e-014	1.331747e-014	2.061557e-005	-2.061557e-005	2.061557e-005	2.974532e-005	-4.997918e-005	4.997918e-005	2.570023e-014	-2.560227e-014	5.036089e-005
1.264193436477935e-003	-7.001038e-002	-6.998995e-002	-5.000000e+000	-2.501040e+000	-2.498960e+000	-2.500011e+000	-2.499989e+000	-2.500000e+000	-2.500000e+000	-2.570000e+000	-2.570000e+000	1.904115e-014	-1.904115e-014	-3.386817e-007	3.386817e-007	-2.570848e-014	2.578642e-014	1.598096e-014	2.059796e-005	-2.059796e-005	2.059796e-005	2.971992e-005	-4.997920e-005	4.997920e-005	2.573294e-014	-2.563936e-014	5.031788e-005
1.266622007906507e-003	-7.001093e-002	-6.998941e-002	-5.000000e+000	-2.501039e+000	-2.498961e+000	-2.500010e+000	-2.499990e+000	-2.500000e+000	-2.500000e+000	-2.570000e+000	-2.570000e+000	1.904115e-014	-1.904115e-014	-3.001285e-007	3.001285e-007	-2.568845e-014	2.576702e-014	1.598096e-014	2.058219e-005	-2.058219e-005	2.058219e-005	2.969715e-005	-4.997921e-005	4.997921e-005	2.577899e-014	-2.566958e-014	5.027934e-005
1.269050579335078e-003	-7.001144e-002	-6.998886e-002	-5.000000e+000	-2.501039e+000	-2.498961e+000	-2.500010e+000	-2.499990e+000	-2.499999e+000	-2.500001e+000	-2.570001e+000	-2.569999e+000	1.586762e-014	-1.586762e-014	-2.660533e-007	2.660533e-007	-2.567070e-014	2.574991e-014	1.331747e-014	2.056824e-005	-2.056824e-005	2.056824e-005	2.967704e-005	-4.997923e-005	4.997923e-005	2.583837e-014	-2.569293e-014	5.024528e-005
1.271479150763649e-003	-7.001190e-002	-6.998832e-002	-5.000000e+000	-2.501038e+000	-2.498962e+000	-2.500010e+000	-2.499990e+000	-2.499999e+000	-2.500002e+000	-2.570002e+000	-2.569999e+000	9.520573e-015	-9.520573e-015	-2.364561e-007	2.364561e-007	-2.565525e-014	2.573508e-014	7.990481e-015	2.055613e-005	-2.055613e-005	2.055613e-005	2.965956e-005	-4.997924e-005	4.997924e-005	2.591108e-014	-2.570941e-014	5.021570e-005
1.273907722192220e-003	-7.001233e-002	-6.998777e-002	-5.000000e+000	-2.501038e+000	-2.498962e+000	-2.500010e+000	-2.499990e+000	-2.499998e+000	-2.500002e+000	-2.570002e+000	-2.569998e+000	0.000000e+000	0.000000e+000	-2.113369e-007	2.113369e-007	-2.564208e-014	2.572255e-014	0.000000e+000	2.054585e-005	-2.054585e-005	2.054585e-005	2.964473e-005	-4.997925e-005	4.997925e-005	2.599713e-014	-2.571902e-014	5.019059e-005
1.277050579335077e-003	-7.001105e-002	-6.998906e-002	-5.000000e+000	-2.501037e+000	-2.498963e+000	-2.500010e+000	-2.499990e+000	-2.499999e+000	-2.500001e+000	-2.570001e+000	-2.569999e+000	4.119841e-014	-4.119841e-014	-1.827051e-007	1.827051e-007	-2.562703e-014	2.570832e-014	-9.193945e-015	2.053414e-005	-2.053414e-005	2.053414e-005	2.962783e-005	-4.997926e-005	4.997926e-005	2.583433e-014	-2.566991e-014	5.016197e-005
1.280193436477934e-003	-7.001019e-002	-6.998991e-002	-5.000000e+000	-2.501036e+000	-2.498964e+000	-2.500010e+000	-2.499990e+000	-2.500000e+000	-2.500000e+000	-2.570000e+000	-2.570000e+000	6.325036e-014	-6.325036e-014	-1.570233e-007	1.570233e-007	-2.561349e-014	2.569559e-014	-9.909582e-015	2.052363e-005	-2.052363e-005	2.052363e-005	2.961266e-005	-4.997927e-005	4.997927e-005	2.570554e-014	-2.561692e-014	5.013629e-005
1.283336293620791e-003	-7.000976e-002	-6.999034e-002	-5.000000e+000	-2.501036e+000	-2.498964e+000	-2.500010e+000	-2.499990e+000	-2.500001e+000	-2.500000e+000	-2.570000e+000	-2.570001e+000	6.615585e-014	-6.615585e-014	-1.342915e-007	1.342915e-007	-2.560145e-014	2.568437e-014	-2.146913e-015	2.051433e-005	-2.051433e-005	2.051433e-005	2.959924e-005	-4.997928e-005	4.997928e-005	2.561076e-014	-2.556007e-014	5.011357e-005
1.286479150763648e-003	-7.000976e-002	-6.999034e-002	-5.000000e+000	-2.501035e+000	-2.498965e+000	-2.500010e+000	-2.499990e+000	-2.500001e+000	-2.500000e+000	-2.570000e+000	-2.570001e+000	4.991487e-014	-4.991487e-014	-1.145096e-007	1.145096e-007	-2.559093e-014	2.567466e-014	1.409406e-014	2.050623e-005	-2.050623e-005	2.050623e-005	2.958756e-005	-4.997929e-005	4.997929e-005	2.554999e-014	-2.549933e-014	5.009380e-005
1.289622007906505e-003	-7.001019e-002	-6.998991e-002	-5.000000e+000	-2.501035e+000	-2.498965e+000	-2.500010e+000	-2.499990e+000	-2.500000e+000	-2.500000e+000	-2.570000e+000	-2.570000e+000	1.452743e-014	-1.452743e-014	-9.767765e-008	9.767765e-008	-2.558191e-014	2.566645e-014	3.881335e-014	2.049935e-005	-2.049935e-005	2.049935e-005	2.957763e-005	-4.997930e-005	4.997930e-005	2.552323e-014	-2.543472e-014	5.007697e-005
1.292764865049361e-003	-7.001105e-002	-6.998906e-002	-5.000000e+000	-2.501035e+000	-2.498965e+000	-2.500010e+000	-2.499990e+000	-2.499999e+000	-2.500001e+000	-2.570001e+000	-2.569999e+000	-4.000647e-014	4.000647e-014	-8.379570e-008	8.379570e-008	-2.557441e-014	2.565976e-014	7.201094e-014	2.049367e-005	-2.049366e-005	2.049366e-005	2.956943e-005	-4.997930e-005	4.997930e-005	2.553048e-014	-2.536624e-014	5.006310e-005
1.295907722192218e-003	-7.001233e-002	-6.998777e-002	-5.000000e+000	-2.501035e+000	-2.498965e+000	-2.500010e+000	-2.499990e+000	-2.499998e+000	-2.500002e+000	-2.570002e+000	-2.569998e+000	-1.136868e-013	1.136868e-013	-7.286371e-008	7.286371e-008	-2.556841e-014	2.565457e-014	1.136868e-013	2.048919e-005	-2.048919e-005	2.048919e-005	2.956298e-005	-4.997931e-005	4.997931e-005	2.557173e-014	-2.529387e-014	5.005217e-005
1.300479150763647e-003	-7.001105e-002	-6.998906e-002	-5.000000e+000	-2.501034e+000	-2.498966e+000	-2.500010e+000	-2.499990e+000	-2.499999e+000	-2.500001e+000	-2.570001e+000	-2.569999e+000	-7.659517e-014	7.659517e-014	-5.944531e-008	5.944531e-008	-2.556096e-014	2.564830e-014	9.117536e-014	2.048370e-005	-2.048370e-005	2.048370e-005	2.955506e-005	-4.997931e-005	4.997931e-005	2.556927e-014	-2.535649e-014	5.003876e-005
1.305050579335075e-003	-7.001019e-002	-6.998991e-002	-5.000000e+000	-2.501034e+000	-2.498966e+000	-2.500010e+000	-2.499990e+000	-2.500000e+000	-2.500000e+000	-2.570000e+000	-2.570000e+000	-4.645374e-014	4.645374e-014	-4.776726e-008	4.776726e-008	-2.555440e-014	2.564291e-014	7.075405e-014	2.047892e-005	-2.047892e-005	2.047892e-005	2.954816e-005	-4.997931e-005	4.997931e-005	2.556720e-014	-2.541369e-014	5.002708e-005
1.309622007906503e-003	-7.000976e-002	-6.999034e-002	-5.000000e+000	-2.501034e+000	-2.498966e+000	-2.500010e+000	-2.499990e+000	-2.500001e+000	-2.500000e+000	-2.570000e+000	-2.570001e+000	-2.326253e-014	2.326253e-014	-3.782956e-008	3.782956e-008	-2.554873e-014	2.563842e-014	5.242291e-014	2.047486e-005	-2.047486e-005	2.047486e-005	2.954229e-005	-4.997932e-005	4.997932e-005	2.556553e-014	-2.546546e-014	5.001715e-005
1.314193436477931e-003	-7.000976e-002	-6.999034e-002	-5.000000e+000	-2.501034e+000	-2.498966e+000	-2.500010e+000	-2.499990e+000	-2.500001e+000	-2.500000e+000	-2.570000e+000	-2.570001e+000	-7.021554e-015	7.021554e-015	-2.963222e-008	2.963222e-008	-2.554395e-014	2.563481e-014	3.618193e-014	2.047150e-005	-2.047150e-005	2.047150e-005	2.953745e-005	-4.997932e-005	4.997932e-005	2.556425e-014	-2.551181e-014	5.000895e-005
1.318764865049359e-003	-7.001019e-002	-6.998991e-002	-5.000000e+000	-2.501034e+000	-2.498966e+000	-2.500010e+000	-2.499990e+000	-2.500000e+000	-2.500000e+000	-2.570000e+000	-2.570000e+000	2.269193e-015	-2.269193e-015	-2.317523e-008	2.317524e-008	-2.554006e-014	2.563209e-014	2.203112e-014	2.046886e-005	-2.046886e-005	2.046886e-005	2.953364e-005	-4.997933e-005	4.997933e-005	2.556336e-014	-2.555274e-014	5.000250e-005
1.323336293620787e-003	-7.001105e-002	-6.998906e-002	-5.000000e+000	-2.501034e+000	-2.498966e+000	-2.500010e+000	-2.499990e+000	-2.499999e+000	-2.500001e+000	-2.570001e+000	-2.569999e+000	4.609711e-015	-4.609711e-015	-1.845861e-008	1.845861e-008	-2.553707e-014	2.563026e-014	9.970476e-015	2.046693e-005	-2.046693e-005	2.046693e-005	2.953086e-005	-4.997933e-005	4.997933e-005	2.556286e-014	-2.558825e-014	4.999779e-005
1.327907722192216e-003	-7.001233e-002	-6.998777e-002	-5.000000e+000	-2.501034e+000	-2.498966e+000	-2.500010e+000	-2.499990e+000	-2.499998e+000	-2.500002e+000	-2.570002e+000	-2.569998e+000	0.000000e+000	0.000000e+000	-1.548233e-008	1.548233e-008	-2.553496e-014	2.562932e-014	0.000000e+000	2.046571e-005	-2.046571e-005	2.046571e-005	2.952910e-005	-4.997933e-005	4.997933e-005	2.556276e-014	-2.561833e-014	4.999481e-005
1.336907722192215e-003	-7.001181e-002	-6.998841e-002	-5.000000e+000	-2.501033e+000	-2.498967e+000	-2.500010e+000	-2.499990e+000	-2.499999e+000	-2.500002e+000	-2.570002e+000	-2.569999e+000	2.930175e-014	-2.930175e-014	-1.099604e-008	1.099604e-008	-2.553153e-014	2.562817e-014	-1.348175e-014	2.046388e-005	-2.046388e-005	2.046388e-005	2.952645e-005	-4.997933e-005	4.997933e-005	2.558785e-014	-2.562180e-014	4.999033e-005
1.345907722192214e-003	-7.001127e-002	-6.998903e-002	-5.000000e+000	-2.501033e+000	-2.498967e+000	-2.500010e+000	-2.499990e+000	-2.499999e+000	-2.500001e+000	-2.570001e+000	-2.569999e+000	4.883626e-014	-4.883626e-014	-7.302856e-009	7.302857e-009	-2.552850e-014	2.562741e-014	-2.246958e-014	2.046237e-005	-2.046237e-005	2.046237e-005	2.952427e-005	-4.997933e-005	4.997933e-005	2.558948e-014	-2.559318e-014	4.998664e-005
1.354907722192213e-003	-7.001071e-002	-6.998963e-002	-5.000000e+000	-2.501033e+000	-2.498967e+000	-2.500010e+000	-2.499990e+000	-2.500000e+000	-2.500000e+000	-2.570000e+000	-2.570000e+000	5.860351e-014	-5.860351e-014	-4.402791e-009	4.402793e-009	-2.552588e-014	2.562706e-014	-2.696349e-014	2.046118e-005	-2.046118e-005	2.046118e-005	2.952256e-005	-4.997933e-005	4.997933e-005	2.556767e-014	-2.553250e-014	4.998374e-005
1.363907722192213e-003	-7.001013e-002	-6.999021e-002	-5.000000e+000	-2.501033e+000	-2.498967e+000	-2.500010e+000	-2.499990e+000	-2.500000e+000	-2.500000e+000	-2.570000e+000	-2.570000e+000	5.860351e-014	-5.860351e-014	-2.295841e-009	2.295842e-009	-2.552368e-014	2.562711e-014	-2.696349e-014	2.046032e-005	-2.046032e-005	2.046032e-005	2.952131e-005	-4.997934e-005	4.997934e-005	2.552240e-014	-2.543974e-014	4.998163e-005
1.372907722192212e-003	-7.000953e-002	-6.999077e-002	-5.000000e+000	-2.501033e+000	-2.498967e+000	-2.500010e+000	-2.499990e+000	-2.500001e+000	-2.499999e+000	-2.569999e+000	-2.570001e+000	4.883626e-014	-4.883626e-014	-9.820062e-010	9.820073e-010	-2.552188e-014	2.562757e-014	-2.246958e-014	2.045978e-005	-2.045978e-005	2.045978e-005	2.952054e-005	-4.997934e-005	4.997934e-005	2.545369e-014	-2.531490e-014	4.998032e-005
1.381907722192211e-003	-7.000892e-002	-6.999131e-002	-5.000000e+000	-2.501033e+000	-2.498967e+000	-2.500010e+000	-2.499990e+000	-2.500002e+000	-2.499999e+000	-2.569999e+000	-2.570002e+000	2.930175e-014	-2.930175e-014	-4.612863e-010	4.612870e-010	-2.552049e-014	2.562842e-014	-1.348175e-014	2.045957e-005	-2.045957e-005	2.045957e-005	2.952023e-005	-4.997934e-005	4.997934e-005	2.536152e-014	-2.515799e-014	4.997980e-005
1.390907722192210e-003	-7.000828e-002	-6.999183e-002	-5.000000e+000	-2.501033e+000	-2.498967e+000	-2.500010e+000	-2.499990e+000	-2.500002e+000	-2.499998e+000	-2.569998e+000	-2.570002e+000	6.462349e-027	-6.462349e-027	-7.336816e-010	7.336816e-010	-2.551952e-014	2.562968e-014	-6.462349e-027	2.045968e-005	-2.045968e-005	2.045968e-005	2.952039e-005	-4.997934e-005	4.997934e-005	2.524591e-014	-2.496901e-014	4.998007e-005
2.007907722192170e-003	-7.001233e-002	-6.998777e-002	-5.000000e+000	-2.501033e+000	-2.498967e+000	-2.500010e+000	-2.499990e+000	-2.499998e+000	-2.500002e+000	-2.570002e+000	-2.569998e+000	0.000000e+000	0.000000e+000	0.000000e+000	0.000000e+000	-2.545186e-014	2.569658e-014	0.000000e+000	2.045938e-005	-2.045938e-005	2.045938e-005	2.951996e-005	-4.997934e-005	4.997934e-005	2.537870e-014	-2.566323e-014	4.997934e-005
3.031907722192306e-003	-7.001233e-002	-6.998801e-002	-5.000000e+000	-2.501033e+000	-2.498967e+000	-2.500010e+000	-2.499990e+000	-2.499998e+000	-2.500002e+000	-2.570002e+000	-2.569998e+000	-1.136868e-013	1.136868e-013	-8.881784e-016	8.881784e-016	-2.537211e-014	2.577634e-014	1.136868e-013	2.045938e-005	-2.045938e-005	2.045938e-005	2.951996e-005	-4.997934e-005	4.997934e-005	2.559762e-014	-2.577738e-014	4.997934e-005
4.055907722192442e-003	-7.001233e-002	-6.998801e-002	-5.000000e+000	-2.501033e+000	-2.498967e+000	-2.500010e+000	-2.499990e+000	-2.499998e+000	-2.500002e+000	-2.570002e+000	-2.569998e+000	5.684342e-014	-5.684342e-014	0.000000e+000	0.000000e+000	-2.532010e-014	2.582834e-014	5.684342e-014	2.045938e-005	-2.045938e-005	2.045938e-005	2.951996e-005	-4.997934e-005	4.997934e-005	2.537429e-014	-2.577865e-014	4.997934e-005
4.999907722192568e-003	-7.001233e-002	-6.998801e-002	-5.000000e+000	-2.501033e+000	-2.498967e+000	-2.500010e+000	-2.499990e+000	-2.499998e+000	-2.500002e+000	-2.570002e+000	-2.569998e+000	4.335330e-010	-4.335330e-010	4.298763e-012	-4.292258e-012	-2.528934e-014	2.586126e-014	-4.334193e-010	2.045981e-005	-2.045937e-005	2.045937e-005	2.951996e-005	-4.997934e-005	4.997934e-005	2.530307e-014	-2.601590e-014	4.997933e-005
5.000000000000000e-003	-7.000852e-002	-6.999159e-002	-5.000000e+000	-2.501033e+000	-2.498967e+000	-2.500010e+000	-2.499990e+000	-2.500002e+000	-2.499998e+000	-2.569998e+000	-2.570002e+000	4.775984e-010	-4.775984e-010	4.735767e-012	-4.728662e-012	-2.528945e-014	2.586137e-014	-4.774847e-010	2.045985e-005	-2.045937e-005	2.045937e-005	2.951996e-005	-4.997934e-005	4.997934e-005	2.532371e-014	-2.603397e-014	4.997933e-005
