time	V(N008,N005)	V(N009,N004)	V(n001)	V(n002)	V(n003)	V(n004)	V(n005)	V(n006)	V(n007)	V(n008)	V(n009)	I(C1)	I(C2)	I(C3)	I(C4)	I(R1)	I(R2)	I(R3)	I(R4)	I(R5)	I(R6)	I(R7)	I(R8)	I(R9)	I(V1)	I(V2)	I(V3)
0.000000000000000e+000	-7.000000e-002	-7.000000e-002	0.000000e+000	-2.100000e-020	-2.100000e-020	-2.102100e-020	-2.102100e-020	-2.102100e-020	-2.102100e-020	-7.000000e-002	-7.000000e-002	4.200000e-025	4.200000e-025	2.100000e-038	2.100000e-038	-4.361351e-036	-4.361351e-036	0.000000e+000	0.000000e+000	4.200000e-025	4.200000e-025	-4.298951e-038	4.200000e-025	4.200000e-025	-1.261169e-043	-1.261169e-043	-4.200000e-025
1.000000000000000e-003	-7.000000e-002	-7.000000e-002	0.000000e+000	-7.919646e-017	-7.919646e-017	-1.309967e-015	-1.309967e-015	-9.565618e-012	-9.565618e-012	-7.000000e-002	-7.000000e-002	2.459170e-017	2.459170e-017	2.461404e-017	2.461404e-017	2.391077e-020	2.391077e-020	0.000000e+000	0.000000e+000	2.461541e-017	2.461541e-017	3.521701e-033	1.583929e-021	1.583929e-021	-2.391077e-020	-2.391077e-020	-2.461562e-017
1.000000100000000e-003	-8.903681e-002	-5.096319e-002	-5.000000e-001	-4.999984e-001	-1.568831e-006	-2.691434e-001	-2.308566e-001	-2.501066e-001	-2.498934e-001	-3.198934e-001	-3.201066e-001	-7.884108e-004	7.884108e-004	-1.175991e-002	1.175991e-002	-4.766151e-011	4.766151e-011	7.884108e-004	3.828689e-003	-4.617100e-003	4.617100e-003	7.142812e-003	-3.137662e-011	3.137662e-011	4.766128e-011	-4.766156e-011	1.175991e-002
1.000000300000000e-003	-1.318274e-001	-8.172631e-003	-1.500000e+000	-1.499993e+000	-6.711136e-006	-8.119805e-001	-6.880195e-001	-7.501531e-001	-7.498469e-001	-8.198469e-001	-8.201531e-001	-1.364164e-003	1.364164e-003	-3.518864e-002	3.518864e-002	-1.546101e-010	1.546101e-010	1.364164e-003	1.239609e-002	-1.376026e-002	1.376026e-002	2.142838e-002	-1.342227e-010	1.342227e-010	1.546097e-010	-1.546103e-010	3.518864e-002
1.000000442586231e-003	-1.642056e-001	2.420557e-002	-2.212931e+000	-2.212919e+000	-1.264463e-005	-1.200800e+000	-1.012131e+000	-1.106595e+000	-1.106337e+000	-1.176337e+000	-1.176595e+000	-1.375454e-003	1.375454e-003	-5.185531e-002	5.185531e-002	-2.354925e-010	2.354925e-010	1.375454e-003	1.886691e-002	-2.024237e-002	2.024237e-002	3.161294e-002	-2.528927e-010	2.528927e-010	2.354924e-010	-2.354935e-010	5.185531e-002
1.000000577296086e-003	-1.948998e-001	5.489969e-002	-2.886480e+000	-2.886460e+000	-2.074303e-005	-1.568279e+000	-1.318201e+000	-1.443380e+000	-1.443101e+000	-1.513101e+000	-1.513380e+000	-1.355788e-003	1.355788e-003	-6.759845e-002	6.759845e-002	-3.122588e-010	3.122588e-010	1.355788e-003	2.500782e-002	-2.636361e-002	2.636361e-002	4.123484e-002	-4.148606e-010	4.148606e-010	3.122586e-010	-3.122600e-010	6.759845e-002
1.000000733238468e-003	-2.302927e-001	9.029257e-002	-3.666192e+000	-3.666159e+000	-3.312905e-005	-1.993524e+000	-1.672669e+000	-1.833231e+000	-1.832961e+000	-1.902961e+000	-1.903231e+000	-1.367196e-003	1.367196e-003	-8.582594e-002	8.582594e-002	-4.007271e-010	4.007271e-010	1.367196e-003	3.208552e-002	-3.345271e-002	3.345271e-002	5.237323e-002	-6.625810e-010	6.625810e-010	4.007264e-010	-4.007280e-010	8.582594e-002
1.000000960854374e-003	-2.820177e-001	1.420178e-001	-4.804272e+000	-4.804217e+000	-5.491521e-005	-2.614291e+000	-2.189981e+000	-2.402273e+000	-2.401999e+000	-2.471999e+000	-2.472273e+000	-1.367541e-003	1.367541e-003	-1.124294e-001	1.124294e-001	-5.300454e-010	5.300454e-010	1.367541e-003	4.243098e-002	-4.379852e-002	4.379852e-002	6.863089e-002	-1.098304e-009	1.098304e-009	5.300453e-010	-5.300460e-010	1.124294e-001
1.000001000000000e-003	-2.909260e-001	1.509259e-001	-5.000000e+000	-4.999941e+000	-5.914552e-005	-2.721062e+000	-2.278938e+000	-2.500137e+000	-2.499863e+000	-2.569864e+000	-2.570137e+000	-1.365103e-003	1.365103e-003	-1.170045e-001	1.170045e-001	-5.523146e-010	5.523146e-010	1.365103e-003	4.421247e-002	-4.557757e-002	4.557757e-002	7.142688e-002	-1.182910e-009	1.182910e-009	5.523151e-010	-5.523138e-010	1.170045e-001
1.000001004321400e-003	-2.917399e-001	1.517398e-001	-5.000000e+000	-4.999940e+000	-5.965105e-005	-2.721858e+000	-2.278142e+000	-2.500118e+000	-2.499882e+000	-2.569882e+000	-2.570118e+000	-1.190056e-003	1.190056e-003	-1.169885e-001	1.169885e-001	-5.543474e-010	5.543474e-010	1.190057e-003	4.437159e-002	-4.556165e-002	4.556165e-002	7.142687e-002	-1.193021e-009	1.193021e-009	5.543470e-010	-5.543468e-010	1.169885e-001
1.000001012964199e-003	-2.930803e-001	1.530802e-001	-5.000000e+000	-4.999939e+000	-6.066195e-005	-2.723167e+000	-2.276833e+000	-2.500087e+000	-2.499913e+000	-2.569914e+000	-2.570086e+000	-9.021104e-004	9.021104e-004	-1.169623e-001	1.169623e-001	-5.576912e-010	5.576912e-010	9.021109e-004	4.463334e-002	-4.553545e-002	4.553545e-002	7.142684e-002	-1.213239e-009	1.213239e-009	5.576895e-010	-5.576912e-010	1.169623e-001
1.000001030249797e-003	-2.947960e-001	1.547961e-001	-5.000000e+000	-4.999938e+000	-6.268323e-005	-2.724842e+000	-2.275158e+000	-2.500046e+000	-2.499954e+000	-2.569954e+000	-2.570045e+000	-5.336014e-004	5.336014e-004	-1.169287e-001	1.169287e-001	-5.619705e-010	5.619705e-010	5.336020e-004	4.496831e-002	-4.550192e-002	4.550192e-002	7.142678e-002	-1.253665e-009	1.253665e-009	5.619678e-010	-5.619701e-010	1.169287e-001
1.000001064820994e-003	-2.963803e-001	1.563802e-001	-5.000000e+000	-4.999933e+000	-6.672478e-005	-2.726391e+000	-2.273609e+000	-2.500011e+000	-2.499989e+000	-2.569989e+000	-2.570011e+000	-1.926716e-004	1.926716e-004	-1.168975e-001	1.168975e-001	-5.659290e-010	5.659290e-010	1.926721e-004	4.527818e-002	-4.547085e-002	4.547085e-002	7.142667e-002	-1.334496e-009	1.334496e-009	5.659277e-010	-5.659296e-010	1.168975e-001
1.000001119102018e-003	-2.971280e-001	1.571279e-001	-5.000000e+000	-4.999927e+000	-7.306955e-005	-2.727128e+000	-2.272872e+000	-2.500000e+000	-2.500000e+000	-2.570000e+000	-2.570000e+000	-3.034475e-005	3.034475e-005	-1.168825e-001	1.168825e-001	-5.678128e-010	5.678128e-010	3.034532e-005	4.542563e-002	-4.545597e-002	4.545597e-002	7.142648e-002	-1.461391e-009	1.461391e-009	5.678131e-010	-5.678149e-010	1.168825e-001
1.000001187351418e-003	-2.972639e-001	1.572640e-001	-5.000000e+000	-4.999919e+000	-8.104657e-005	-2.727264e+000	-2.272736e+000	-2.500000e+000	-2.500000e+000	-2.570000e+000	-2.570000e+000	-3.134577e-007	3.134577e-007	-1.168794e-001	1.168794e-001	-5.681597e-010	5.681597e-010	3.140259e-007	4.545278e-002	-4.545310e-002	4.545310e-002	7.142626e-002	-1.620932e-009	1.620932e-009	5.681594e-010	-5.681614e-010	1.168794e-001
1.000001298281908e-003	-2.972646e-001	1.572647e-001	-5.000000e+000	-4.999906e+000	-9.401200e-005	-2.727265e+000	-2.272735e+000	-2.500000e+000	-2.500000e+000	-2.570000e+000	-2.570000e+000	9.252356e-008	-9.252356e-008	-1.168787e-001	1.168787e-001	-5.681615e-010	5.681615e-010	-9.195540e-008	4.545292e-002	-4.545283e-002	4.545283e-002	7.142588e-002	-1.880240e-009	1.880240e-009	5.681605e-010	-5.681625e-010	1.168787e-001
1.000001520142889e-003	-2.972620e-001	1.572621e-001	-5.000000e+000	-4.999880e+000	-1.199426e-004	-2.727262e+000	-2.272738e+000	-2.500000e+000	-2.500000e+000	-2.570000e+000	-2.570000e+000	5.845685e-008	-5.845685e-008	-1.168775e-001	1.168775e-001	-5.681552e-010	5.681552e-010	-5.788870e-008	4.545242e-002	-4.545236e-002	4.545236e-002	7.142515e-002	-2.398852e-009	2.398852e-009	5.681550e-010	-5.681566e-010	1.168775e-001
1.000001963864851e-003	-2.972572e-001	1.572573e-001	-5.000000e+000	-4.999828e+000	-1.718028e-004	-2.727257e+000	-2.272743e+000	-2.500000e+000	-2.500000e+000	-2.570000e+000	-2.570000e+000	6.542785e-008	-6.542785e-008	-1.168751e-001	1.168751e-001	-5.681435e-010	5.681435e-010	-6.485971e-008	4.545148e-002	-4.545141e-002	4.545141e-002	7.142366e-002	-3.436055e-009	3.436055e-009	5.681435e-010	-5.681448e-010	1.168751e-001
1.000002851308774e-003	-2.972479e-001	1.572480e-001	-5.000000e+000	-4.999724e+000	-2.755191e-004	-2.727248e+000	-2.272752e+000	-2.500000e+000	-2.500000e+000	-2.570000e+000	-2.570000e+000	6.307602e-008	-6.307602e-008	-1.168702e-001	1.168702e-001	-5.681199e-010	5.681199e-010	-6.250790e-008	4.544959e-002	-4.544953e-002	4.544953e-002	7.142070e-002	-5.510381e-009	5.510381e-009	5.681200e-010	-5.681208e-010	1.168702e-001
1.000262238489786e-003	-2.945189e-001	1.545190e-001	-5.000000e+000	-4.969707e+000	-3.029335e-002	-2.724519e+000	-2.275481e+000	-2.500000e+000	-2.500000e+000	-2.570000e+000	-2.570000e+000	6.274474e-008	-6.274474e-008	-1.154662e-001	1.154662e-001	-5.612977e-010	5.612977e-010	-6.218344e-008	4.490381e-002	-4.490375e-002	4.490375e-002	7.056305e-002	-6.058671e-007	6.058671e-007	5.612970e-010	-5.612974e-010	1.154668e-001
1.000521625670797e-003	-2.918237e-001	1.518239e-001	-5.000000e+000	-4.940061e+000	-5.993949e-002	-2.721824e+000	-2.278176e+000	-2.500000e+000	-2.500000e+000	-2.570000e+000	-2.570000e+000	6.231006e-008	-6.231006e-008	-1.140795e-001	1.140795e-001	-5.545599e-010	5.545599e-010	-6.175549e-008	4.436479e-002	-4.436473e-002	4.436473e-002	6.971601e-002	-1.198790e-006	1.198790e-006	5.545588e-010	-5.545587e-010	1.140807e-001
1.000781012851809e-003	-2.891624e-001	1.491625e-001	-5.000000e+000	-4.910786e+000	-8.921394e-002	-2.719162e+000	-2.280838e+000	-2.500000e+000	-2.500000e+000	-2.570000e+000	-2.570000e+000	6.177198e-008	-6.177198e-008	-1.127103e-001	1.127103e-001	-5.479066e-010	5.479066e-010	-6.122407e-008	4.383253e-002	-4.383247e-002	4.383247e-002	6.887960e-002	-1.784279e-006	1.784279e-006	5.479052e-010	-5.479049e-010	1.127121e-001
1.001040400032821e-003	-2.865349e-001	1.465350e-001	-5.000000e+000	-4.881883e+000	-1.181167e-001	-2.716535e+000	-2.283465e+000	-2.500000e+000	-2.500000e+000	-2.570000e+000	-2.570000e+000	6.113050e-008	-6.113050e-008	-1.113584e-001	1.113584e-001	-5.413378e-010	5.413378e-010	-6.058916e-008	4.330702e-002	-4.330696e-002	4.330696e-002	6.805381e-002	-2.362334e-006	2.362334e-006	5.413363e-010	-5.413358e-010	1.113608e-001
1.001299787213833e-003	-2.839412e-001	1.439413e-001	-5.000000e+000	-4.853352e+000	-1.466478e-001	-2.713941e+000	-2.286059e+000	-2.500000e+000	-2.500000e+000	-2.570000e+000	-2.570000e+000	6.038562e-008	-6.038562e-008	-1.100239e-001	1.100239e-001	-5.348534e-010	5.348534e-010	-5.985076e-008	4.278828e-002	-4.278822e-002	4.278822e-002	6.723863e-002	-2.932955e-006	2.932955e-006	5.348522e-010	-5.348515e-010	1.100269e-001
1.001559174394844e-003	-2.813814e-001	1.413815e-001	-5.000000e+000	-4.825193e+000	-1.748071e-001	-2.711381e+000	-2.288619e+000	-2.500000e+000	-2.500000e+000	-2.570000e+000	-2.570000e+000	5.953734e-008	-5.953734e-008	-1.087068e-001	1.087068e-001	-5.284536e-010	5.284536e-010	-5.900889e-008	4.227629e-002	-4.227623e-002	4.227623e-002	6.643408e-002	-3.496143e-006	3.496143e-006	5.284527e-010	-5.284521e-010	1.087103e-001
1.001818561575856e-003	-2.788553e-001	1.388555e-001	-5.000000e+000	-4.797405e+000	-2.025948e-001	-2.708855e+000	-2.291145e+000	-2.500000e+000	-2.500000e+000	-2.570000e+000	-2.570000e+000	5.858567e-008	-5.858567e-008	-1.074071e-001	1.074071e-001	-5.221382e-010	5.221382e-010	-5.806353e-008	4.177105e-002	-4.177100e-002	4.177100e-002	6.564014e-002	-4.051896e-006	4.051896e-006	5.221379e-010	-5.221374e-010	1.074111e-001
1.002818561575856e-003	-2.693241e-001	1.293242e-001	-5.000000e+000	-4.692564e+000	-3.074357e-001	-2.699324e+000	-2.300676e+000	-2.500000e+000	-2.500000e+000	-2.570000e+000	-2.570000e+000	5.591099e-008	-5.591099e-008	-1.025033e-001	1.025033e-001	-4.983107e-010	4.983107e-010	-5.541268e-008	3.986486e-002	-3.986480e-002	3.986480e-002	6.264469e-002	-6.148714e-006	6.148714e-006	4.983107e-010	-4.983104e-010	1.025095e-001
1.003818561575856e-003	-2.602186e-001	1.202188e-001	-5.000000e+000	-4.592403e+000	-4.075966e-001	-2.690219e+000	-2.309781e+000	-2.500000e+000	-2.500000e+000	-2.570000e+000	-2.570000e+000	5.335561e-008	-5.335561e-008	-9.781849e-002	9.781849e-002	-4.755468e-010	4.755468e-010	-5.288006e-008	3.804374e-002	-3.804369e-002	3.804369e-002	5.978295e-002	-8.151932e-006	8.151932e-006	4.755473e-010	-4.755465e-010	9.782665e-002
1.004818561575856e-003	-2.515292e-001	1.115294e-001	-5.000000e+000	-4.496820e+000	-5.031797e-001	-2.681529e+000	-2.318471e+000	-2.500000e+000	-2.500000e+000	-2.570000e+000	-2.570000e+000	5.091703e-008	-5.091703e-008	-9.334776e-002	9.334776e-002	-4.538234e-010	4.538234e-010	-5.046321e-008	3.630587e-002	-3.630582e-002	3.630582e-002	5.705201e-002	-1.006359e-005	1.006359e-005	4.538232e-010	-4.538219e-010	9.335783e-002
1.005818561575856e-003	-2.432370e-001	1.032372e-001	-5.000000e+000	-4.405606e+000	-5.943943e-001	-2.673237e+000	-2.326763e+000	-2.500000e+000	-2.500000e+000	-2.570000e+000	-2.570000e+000	4.858990e-008	-4.858990e-008	-8.908136e-002	8.908136e-002	-4.330928e-010	4.330928e-010	-4.815681e-008	3.464742e-002	-3.464737e-002	3.464737e-002	5.444588e-002	-1.188789e-005	1.188789e-005	4.330923e-010	-4.330910e-010	8.909325e-002
1.006818561575856e-003	-2.353237e-001	9.532380e-002	-5.000000e+000	-4.318560e+000	-6.814399e-001	-2.665324e+000	-2.334676e+000	-2.500000e+000	-2.500000e+000	-2.570000e+000	-2.570000e+000	4.636913e-008	-4.636912e-008	-8.500995e-002	8.500995e-002	-4.133096e-010	4.133096e-010	-4.595582e-008	3.306477e-002	-3.306472e-002	3.306472e-002	5.195886e-002	-1.362880e-005	1.362880e-005	4.133096e-010	-4.133088e-010	8.502358e-002
1.008818561575855e-003	-2.205656e-001	8.056569e-002	-5.000000e+000	-4.156222e+000	-8.437780e-001	-2.650566e+000	-2.349434e+000	-2.500000e+000	-2.500000e+000	-2.570000e+000	-2.570000e+000	4.222744e-008	-4.222744e-008	-7.741688e-002	7.741688e-002	-3.764146e-010	3.764146e-010	-4.185103e-008	3.011317e-002	-3.011312e-002	3.011312e-002	4.732063e-002	-1.687556e-005	1.687556e-005	3.764154e-010	-3.764146e-010	7.743375e-002
1.010818561575855e-003	-2.071259e-001	6.712604e-002	-5.000000e+000	-4.008384e+000	-9.916160e-001	-2.637126e+000	-2.362874e+000	-2.500000e+000	-2.500000e+000	-2.570000e+000	-2.570000e+000	3.845570e-008	-3.845569e-008	-7.050201e-002	7.050201e-002	-3.428150e-010	3.428150e-010	-3.811288e-008	2.742520e-002	-2.742516e-002	2.742516e-002	4.309668e-002	-1.983232e-005	1.983232e-005	3.428152e-010	-3.428166e-010	7.052185e-002
1.012818561575855e-003	-1.948864e-001	5.488658e-002	-5.000000e+000	-3.873751e+000	-1.126249e+000	-2.624887e+000	-2.375113e+000	-2.500000e+000	-2.500000e+000	-2.570000e+000	-2.570000e+000	3.502084e-008	-3.502084e-008	-6.420478e-002	6.420478e-002	-3.122165e-010	3.122165e-010	-3.470862e-008	2.497732e-002	-2.497729e-002	2.497729e-002	3.925002e-002	-2.252498e-005	2.252498e-005	3.122159e-010	-3.122169e-010	6.422731e-002
1.015818561575855e-003	-1.785462e-001	3.854632e-002	-5.000000e+000	-3.694009e+000	-1.305991e+000	-2.608546e+000	-2.391454e+000	-2.500000e+000	-2.500000e+000	-2.570000e+000	-2.570000e+000	3.043514e-008	-3.043514e-008	-5.579768e-002	5.579768e-002	-2.713661e-010	2.713661e-010	-3.016378e-008	2.170929e-002	-2.170926e-002	2.170926e-002	3.411455e-002	-2.611981e-005	2.611981e-005	2.713664e-010	-2.713673e-010	5.582381e-002
1.018818561575855e-003	-1.643460e-001	2.434611e-002	-5.000000e+000	-3.537803e+000	-1.462197e+000	-2.594346e+000	-2.405654e+000	-2.500000e+000	-2.500000e+000	-2.570000e+000	-2.570000e+000	2.644991e-008	-2.644990e-008	-4.849143e-002	4.849143e-002	-2.358647e-010	2.358647e-010	-2.621404e-008	1.886917e-002	-1.886915e-002	1.886915e-002	2.965152e-002	-2.924393e-005	2.924393e-005	2.358657e-010	-2.358653e-010	4.852067e-002
1.021818561575854e-003	-1.520047e-001	1.200485e-002	-5.000000e+000	-3.402051e+000	-1.597949e+000	-2.582005e+000	-2.417995e+000	-2.500000e+000	-2.500000e+000	-2.570000e+000	-2.570000e+000	2.298650e-008	-2.298650e-008	-4.214187e-002	4.214187e-002	-2.050119e-010	2.050119e-010	-2.278149e-008	1.640095e-002	-1.640093e-002	1.640093e-002	2.577290e-002	-3.195897e-005	3.195897e-005	2.050124e-010	-2.050115e-010	4.217383e-002
1.024818561575854e-003	-1.412795e-001	1.279593e-003	-5.000000e+000	-3.284075e+000	-1.715925e+000	-2.571280e+000	-2.428720e+000	-2.500000e+000	-2.500000e+000	-2.570000e+000	-2.570000e+000	1.997661e-008	-1.997661e-008	-3.662373e-002	3.662373e-002	-1.781991e-010	1.781991e-010	-1.979841e-008	1.425593e-002	-1.425591e-002	1.425591e-002	2.240214e-002	-3.431850e-005	3.431850e-005	1.782004e-010	-1.781987e-010	3.665805e-002
1.027818561575854e-003	-1.319587e-001	-8.041143e-003	-5.000000e+000	-3.181547e+000	-1.818453e+000	-2.561959e+000	-2.438041e+000	-2.500000e+000	-2.500000e+000	-2.570000e+000	-2.570000e+000	1.736083e-008	-1.736083e-008	-3.182815e-002	3.182815e-002	-1.548972e-010	1.548972e-010	-1.720593e-008	1.239177e-002	-1.239176e-002	1.239176e-002	1.947276e-002	-3.636907e-005	3.636907e-005	1.548979e-010	-1.548970e-010	3.186452e-002
1.030818561575854e-003	-1.238587e-001	-1.614118e-002	-5.000000e+000	-3.092444e+000	-1.907556e+000	-2.553859e+000	-2.446141e+000	-2.500000e+000	-2.500000e+000	-2.570000e+000	-2.570000e+000	1.508757e-008	-1.508757e-008	-2.766051e-002	2.766051e-002	-1.346464e-010	1.346465e-010	-1.495292e-008	1.077172e-002	-1.077170e-002	1.077170e-002	1.692696e-002	-3.815113e-005	3.815113e-005	1.346463e-010	-1.346468e-010	2.769866e-002
1.033818561575853e-003	-1.168189e-001	-2.318096e-002	-5.000000e+000	-3.015008e+000	-1.984992e+000	-2.546819e+000	-2.453181e+000	-2.500000e+000	-2.500000e+000	-2.570000e+000	-2.570000e+000	1.311198e-008	-1.311197e-008	-2.403859e-002	2.403859e-002	-1.170474e-010	1.170474e-010	-1.299493e-008	9.363792e-003	-9.363778e-003	9.363778e-003	1.471451e-002	-3.969984e-005	3.969984e-005	1.170486e-010	-1.170477e-010	2.407829e-002
1.036818561575853e-003	-1.107011e-001	-2.929878e-002	-5.000000e+000	-2.947712e+000	-2.052288e+000	-2.540701e+000	-2.459299e+000	-2.500000e+000	-2.500000e+000	-2.570000e+000	-2.570000e+000	1.139507e-008	-1.139507e-008	-2.089093e-002	2.089093e-002	-1.017528e-010	1.017528e-010	-1.129331e-008	8.140224e-003	-8.140212e-003	8.140212e-003	1.279176e-002	-4.104577e-005	4.104577e-005	1.017527e-010	-1.017541e-010	2.093198e-002
1.039818561575853e-003	-1.053843e-001	-3.461552e-002	-5.000000e+000	-2.889227e+000	-2.110773e+000	-2.535384e+000	-2.464616e+000	-2.500000e+000	-2.500000e+000	-2.570000e+000	-2.570000e+000	9.902976e-009	-9.902975e-009	-1.815543e-002	1.815543e-002	-8.846090e-011	8.846091e-011	-9.814514e-009	7.076872e-003	-7.076862e-003	7.076862e-003	1.112079e-002	-4.221545e-005	4.221545e-005	8.846190e-011	-8.846195e-011	1.819765e-002
1.042818561575853e-003	-1.007638e-001	-3.923607e-002	-5.000000e+000	-2.838401e+000	-2.161599e+000	-2.530764e+000	-2.469236e+000	-2.500000e+000	-2.500000e+000	-2.570000e+000	-2.570000e+000	8.606261e-009	-8.606261e-009	-1.577812e-002	1.577812e-002	-7.690946e-011	7.690948e-011	-8.529351e-009	6.152758e-003	-6.152749e-003	6.152749e-003	9.668607e-003	-4.323198e-005	4.323198e-005	7.691064e-011	-7.691026e-011	1.582136e-002
1.045818561575852e-003	-9.674811e-002	-4.325175e-002	-5.000000e+000	-2.794230e+000	-2.205770e+000	-2.526748e+000	-2.473252e+000	-2.500000e+000	-2.500000e+000	-2.570000e+000	-2.570000e+000	7.479341e-009	-7.479340e-009	-1.371211e-002	1.371211e-002	-6.687061e-011	6.687062e-011	-7.412468e-009	5.349649e-003	-5.349642e-003	5.349642e-003	8.406580e-003	-4.411539e-005	4.411539e-005	6.687367e-011	-6.687105e-011	1.375622e-002
1.048818561575852e-003	-9.325862e-002	-4.674125e-002	-5.000000e+000	-2.755843e+000	-2.244157e+000	-2.523259e+000	-2.476741e+000	-2.500000e+000	-2.500000e+000	-2.570000e+000	-2.570000e+000	6.499982e-009	-6.499981e-009	-1.191662e-002	1.191662e-002	-5.814625e-011	5.814627e-011	-6.441834e-009	4.651701e-003	-4.651695e-003	4.651695e-003	7.309806e-003	-4.488313e-005	4.488313e-005	5.814844e-011	-5.814716e-011	1.196150e-002
1.051818561575852e-003	-9.022570e-002	-4.977417e-002	-5.000000e+000	-2.722483e+000	-2.277517e+000	-2.520226e+000	-2.479774e+000	-2.500000e+000	-2.500000e+000	-2.570000e+000	-2.570000e+000	5.648862e-009	-5.648861e-009	-1.035623e-002	1.035623e-002	-5.056428e-011	5.056430e-011	-5.598296e-009	4.045143e-003	-4.045138e-003	4.045138e-003	6.356645e-003	-4.555035e-005	4.555035e-005	5.056587e-011	-5.056592e-011	1.040178e-002
1.054818561575852e-003	-8.758998e-002	-5.240989e-002	-5.000000e+000	-2.693490e+000	-2.306510e+000	-2.517590e+000	-2.482410e+000	-2.500000e+000	-2.500000e+000	-2.570000e+000	-2.570000e+000	4.909189e-009	-4.909188e-009	-9.000167e-003	9.000167e-003	-4.397511e-011	4.397513e-011	-4.865214e-009	3.518009e-003	-3.518004e-003	3.518004e-003	5.528293e-003	-4.613020e-005	4.613020e-005	4.397505e-011	-4.397466e-011	9.046298e-003
1.057818561575851e-003	-8.529949e-002	-5.470037e-002	-5.000000e+000	-2.668294e+000	-2.331706e+000	-2.515300e+000	-2.484700e+000	-2.500000e+000	-2.500000e+000	-2.570000e+000	-2.570000e+000	4.266370e-009	-4.266370e-009	-7.821668e-003	7.821668e-003	-3.824873e-011	3.824875e-011	-4.228121e-009	3.059899e-003	-3.059895e-003	3.059895e-003	4.808407e-003	-4.663412e-005	4.663412e-005	3.824837e-011	-3.824843e-011	7.868302e-003
1.060818561575851e-003	-8.330894e-002	-5.669093e-002	-5.000000e+000	-2.646398e+000	-2.353602e+000	-2.513309e+000	-2.486691e+000	-2.500000e+000	-2.500000e+000	-2.570000e+000	-2.570000e+000	3.707723e-009	-3.707723e-009	-6.797484e-003	6.797484e-003	-3.327218e-011	3.327220e-011	-3.674451e-009	2.661775e-003	-2.661772e-003	2.661772e-003	4.182784e-003	-4.707205e-005	4.707205e-005	3.327292e-011	-3.327341e-011	6.844556e-003
1.063818561575851e-003	-8.157873e-002	-5.842113e-002	-5.000000e+000	-2.627368e+000	-2.372632e+000	-2.511579e+000	-2.488421e+000	-2.500000e+000	-2.500000e+000	-2.570000e+000	-2.570000e+000	3.222227e-009	-3.222226e-009	-5.907408e-003	5.907408e-003	-2.894727e-011	2.894729e-011	-3.193279e-009	2.315782e-003	-2.315779e-003	2.315779e-003	3.639082e-003	-4.745264e-005	4.745264e-005	2.894814e-011	-2.894730e-011	5.954861e-003
1.066818561575851e-003	-8.007526e-002	-5.992460e-002	-5.000000e+000	-2.610830e+000	-2.389170e+000	-2.510075e+000	-2.489925e+000	-2.500000e+000	-2.500000e+000	-2.570000e+000	-2.570000e+000	2.800303e-009	-2.800302e-009	-5.133881e-003	5.133881e-003	-2.518867e-011	2.518869e-011	-2.775112e-009	2.015094e-003	-2.015091e-003	2.015091e-003	3.166573e-003	-4.778340e-005	4.778340e-005	2.518991e-011	-2.519129e-011	5.181664e-003
1.069818561575850e-003	-7.876897e-002	-6.123090e-002	-5.000000e+000	-2.596458e+000	-2.403542e+000	-2.508769e+000	-2.491231e+000	-2.500000e+000	-2.500000e+000	-2.570000e+000	-2.570000e+000	2.433625e-009	-2.433625e-009	-4.461641e-003	4.461641e-003	-2.192223e-011	2.192225e-011	-2.411702e-009	1.753779e-003	-1.753777e-003	1.753777e-003	2.755935e-003	-4.807084e-005	4.807084e-005	2.192408e-011	-2.192457e-011	4.509712e-003
1.072818561575850e-003	-7.763338e-002	-6.236649e-002	-5.000000e+000	-2.583967e+000	-2.416033e+000	-2.507633e+000	-2.492367e+000	-2.500000e+000	-2.500000e+000	-2.570000e+000	-2.570000e+000	2.114962e-009	-2.114962e-009	-3.877425e-003	3.877425e-003	-1.908350e-011	1.908352e-011	-2.095878e-009	1.526681e-003	-1.526679e-003	1.526679e-003	2.399067e-003	-4.832065e-005	4.832065e-005	1.908429e-011	-1.908435e-011	3.925745e-003
1.075818561575850e-003	-7.664657e-002	-6.335330e-002	-5.000000e+000	-2.573112e+000	-2.426888e+000	-2.506647e+000	-2.493353e+000	-2.500000e+000	-2.500000e+000	-2.570000e+000	-2.570000e+000	1.838025e-009	-1.838024e-009	-3.369707e-003	3.369707e-003	-1.661648e-011	1.661650e-011	-1.821408e-009	1.329319e-003	-1.329317e-003	1.329317e-003	2.088928e-003	-4.853775e-005	4.853775e-005	1.661571e-011	-1.661709e-011	3.418245e-003
1.078818561575850e-003	-7.578897e-002	-6.421089e-002	-5.000000e+000	-2.563679e+000	-2.436321e+000	-2.505789e+000	-2.494211e+000	-2.500000e+000	-2.500000e+000	-2.570000e+000	-2.570000e+000	1.597351e-009	-1.597350e-009	-2.928471e-003	2.928471e-003	-1.447249e-011	1.447252e-011	-1.582878e-009	1.157801e-003	-1.157799e-003	1.157799e-003	1.819399e-003	-4.872642e-005	4.872642e-005	1.447365e-011	-1.447149e-011	2.977198e-003
1.081818561575849e-003	-7.504368e-002	-6.495619e-002	-5.000000e+000	-2.555481e+000	-2.444519e+000	-2.505044e+000	-2.494956e+000	-2.500000e+000	-2.500000e+000	-2.570000e+000	-2.570000e+000	1.388190e-009	-1.388189e-009	-2.545012e-003	2.545012e-003	-1.260925e-011	1.260928e-011	-1.375581e-009	1.008741e-003	-1.008740e-003	1.008740e-003	1.585162e-003	-4.889039e-005	4.889039e-005	1.261036e-011	-1.260908e-011	2.593902e-003
1.084818561575849e-003	-7.439590e-002	-6.560397e-002	-5.000000e+000	-2.548356e+000	-2.451644e+000	-2.504396e+000	-2.495604e+000	-2.500000e+000	-2.500000e+000	-2.570000e+000	-2.570000e+000	1.206419e-009	-1.206417e-009	-2.211763e-003	2.211763e-003	-1.098998e-011	1.099001e-011	-1.195427e-009	8.791995e-004	-8.791983e-004	8.791983e-004	1.381597e-003	-4.903288e-005	4.903288e-005	1.099140e-011	-1.099057e-011	2.260796e-003
1.087818561575849e-003	-7.383299e-002	-6.616688e-002	-5.000000e+000	-2.542164e+000	-2.457836e+000	-2.503833e+000	-2.496167e+000	-2.500000e+000	-2.500000e+000	-2.570000e+000	-2.570000e+000	1.048447e-009	-1.048447e-009	-1.922150e-003	1.922150e-003	-9.582741e-012	9.582771e-012	-1.038863e-009	7.666205e-004	-7.666194e-004	7.666194e-004	1.204688e-003	-4.915672e-005	4.915672e-005	9.584167e-012	-9.583776e-012	1.971307e-003
1.090818561575848e-003	-7.334399e-002	-6.665587e-002	-5.000000e+000	-2.536783e+000	-2.463217e+000	-2.503344e+000	-2.496656e+000	-2.500000e+000	-2.500000e+000	-2.570000e+000	-2.570000e+000	9.111623e-010	-9.111614e-010	-1.670460e-003	1.670460e-003	-8.359769e-012	8.359800e-012	-9.028018e-010	6.687827e-004	-6.687818e-004	6.687818e-004	1.050943e-003	-4.926434e-005	4.926434e-005	8.360279e-012	-8.360332e-012	1.719725e-003
1.093818561575848e-003	-7.291865e-002	-6.708121e-002	-5.000000e+000	-2.532106e+000	-2.467894e+000	-2.502919e+000	-2.497081e+000	-2.500000e+000	-2.500000e+000	-2.570000e+000	-2.570000e+000	7.918528e-010	-7.918515e-010	-1.451727e-003	1.451727e-003	-7.296934e-012	7.296967e-012	-7.845560e-010	5.837560e-004	-5.837553e-004	5.837553e-004	9.173298e-004	-4.935787e-005	4.935787e-005	7.297140e-012	-7.296307e-012	1.501085e-003
1.096818561575848e-003	-7.254934e-002	-6.745052e-002	-5.000000e+000	-2.528043e+000	-2.471957e+000	-2.502549e+000	-2.497451e+000	-2.500000e+000	-2.500000e+000	-2.570000e+000	-2.570000e+000	6.881664e-010	-6.881651e-010	-1.261635e-003	1.261635e-003	-6.373270e-012	6.373303e-012	-6.817915e-010	5.098629e-004	-5.098622e-004	5.098622e-004	8.012122e-004	-4.943915e-005	4.943915e-005	6.373598e-012	-6.373208e-012	1.311074e-003
1.099818561575848e-003	-7.222819e-002	-6.777167e-002	-5.000000e+000	-2.524510e+000	-2.475490e+000	-2.502228e+000	-2.497772e+000	-2.500000e+000	-2.500000e+000	-2.570000e+000	-2.570000e+000	5.980567e-010	-5.980554e-010	-1.096434e-003	1.096434e-003	-5.570551e-012	5.570586e-012	-5.924847e-010	4.456455e-004	-4.456449e-004	4.456449e-004	7.002992e-004	-4.950979e-005	4.950979e-005	5.571050e-012	-5.571548e-012	1.145944e-003
1.102818561575847e-003	-7.194924e-002	-6.805062e-002	-5.000000e+000	-2.521441e+000	-2.478559e+000	-2.501949e+000	-2.498051e+000	-2.500000e+000	-2.500000e+000	-2.570000e+000	-2.570000e+000	5.197456e-010	-5.197451e-010	-9.528651e-004	9.528651e-004	-4.872942e-012	4.872978e-012	-5.148735e-010	3.898368e-004	-3.898363e-004	3.898363e-004	6.125999e-004	-4.957118e-005	4.957118e-005	4.872118e-012	-4.871728e-012	1.002436e-003
1.105818561575847e-003	-7.170653e-002	-6.829333e-002	-5.000000e+000	-2.518774e+000	-2.481226e+000	-2.501707e+000	-2.498293e+000	-2.500000e+000	-2.500000e+000	-2.570000e+000	-2.570000e+000	4.516889e-010	-4.516885e-010	-8.280951e-004	8.280951e-004	-4.266679e-012	4.266716e-012	-4.474217e-010	3.413358e-004	-3.413354e-004	3.413354e-004	5.363842e-004	-4.962453e-005	4.962453e-005	4.266928e-012	-4.266094e-012	8.777196e-004
1.108818561575847e-003	-7.149577e-002	-6.850410e-002	-5.000000e+000	-2.516455e+000	-2.483545e+000	-2.501496e+000	-2.498504e+000	-2.500000e+000	-2.500000e+000	-2.570000e+000	-2.570000e+000	3.925442e-010	-3.925433e-010	-7.196627e-004	7.196627e-004	-3.739802e-012	3.739840e-012	-3.888028e-010	2.991857e-004	-2.991853e-004	2.991853e-004	4.701483e-004	-4.967090e-005	4.967090e-005	3.741098e-012	-3.742041e-012	7.693336e-004
1.111818561575847e-003	-7.131267e-002	-6.868720e-002	-5.000000e+000	-2.514441e+000	-2.485559e+000	-2.501313e+000	-2.498687e+000	-2.500000e+000	-2.500000e+000	-2.570000e+000	-2.570000e+000	3.411436e-010	-3.411436e-010	-6.254287e-004	6.254287e-004	-3.281914e-012	3.281954e-012	-3.378609e-010	2.625547e-004	-2.625544e-004	2.625544e-004	4.125855e-004	-4.971119e-005	4.971119e-005	3.281795e-012	-3.282293e-012	6.751399e-004
1.114818561575846e-003	-7.115364e-002	-6.884623e-002	-5.000000e+000	-2.512690e+000	-2.487310e+000	-2.501154e+000	-2.498846e+000	-2.500000e+000	-2.500000e+000	-2.570000e+000	-2.570000e+000	2.964744e-010	-2.964726e-010	-5.435338e-004	5.435338e-004	-2.883984e-012	2.884024e-012	-2.935900e-010	2.307203e-004	-2.307200e-004	2.307200e-004	3.625600e-004	-4.974621e-005	4.974621e-005	2.884683e-012	-2.884293e-012	5.932801e-004
1.117818561575846e-003	-7.101512e-002	-6.898475e-002	-5.000000e+000	-2.511168e+000	-2.488832e+000	-2.501015e+000	-2.498985e+000	-2.500000e+000	-2.500000e+000	-2.570000e+000	-2.570000e+000	2.576530e-010	-2.576521e-010	-4.723625e-004	4.723625e-004	-2.538159e-012	2.538200e-012	-2.551133e-010	2.030543e-004	-2.030541e-004	2.030541e-004	3.190850e-004	-4.977664e-005	4.977664e-005	2.539893e-012	-2.538615e-012	5.221391e-004
1.120818561575846e-003	-7.089496e-002	-6.910491e-002	-5.000000e+000	-2.509845e+000	-2.490155e+000	-2.500895e+000	-2.499105e+000	-2.500000e+000	-2.500000e+000	-2.570000e+000	-2.570000e+000	2.239160e-010	-2.239147e-010	-4.105104e-004	4.105104e-004	-2.237617e-012	2.237659e-012	-2.216778e-010	1.790110e-004	-1.790108e-004	1.790108e-004	2.813027e-004	-4.980309e-005	4.980309e-005	2.236975e-012	-2.236586e-012	4.603135e-004
1.123818561575846e-003	-7.079053e-002	-6.920934e-002	-5.000000e+000	-2.508696e+000	-2.491304e+000	-2.500791e+000	-2.499209e+000	-2.500000e+000	-2.500000e+000	-2.570000e+000	-2.570000e+000	1.945955e-010	-1.945946e-010	-3.567574e-004	3.567574e-004	-1.976428e-012	1.976472e-012	-1.926193e-010	1.581160e-004	-1.581158e-004	1.581158e-004	2.484677e-004	-4.982607e-005	4.982607e-005	1.975527e-012	-1.976025e-012	4.065835e-004
1.126818561575845e-003	-7.069969e-002	-6.930017e-002	-5.000000e+000	-2.507698e+000	-2.492302e+000	-2.500700e+000	-2.499300e+000	-2.500000e+000	-2.500000e+000	-2.570000e+000	-2.570000e+000	1.691154e-010	-1.691141e-010	-3.100429e-004	3.100429e-004	-1.749440e-012	1.749484e-012	-1.673648e-010	1.399570e-004	-1.399568e-004	1.399568e-004	2.199321e-004	-4.984605e-005	4.984605e-005	1.749838e-012	-1.749005e-012	3.598889e-004
1.129818561575845e-003	-7.062078e-002	-6.937909e-002	-5.000000e+000	-2.506830e+000	-2.493170e+000	-2.500621e+000	-2.499379e+000	-2.500000e+000	-2.500000e+000	-2.570000e+000	-2.570000e+000	1.469709e-010	-1.469695e-010	-2.694453e-004	2.694453e-004	-1.552174e-012	1.552220e-012	-1.454170e-010	1.241757e-004	-1.241756e-004	1.241756e-004	1.951331e-004	-4.986341e-005	4.986341e-005	1.552828e-012	-1.553771e-012	3.193087e-004
1.132818561575845e-003	-7.055211e-002	-6.944776e-002	-5.000000e+000	-2.506075e+000	-2.493925e+000	-2.500552e+000	-2.499448e+000	-2.500000e+000	-2.500000e+000	-2.570000e+000	-2.570000e+000	1.277263e-010	-1.277254e-010	-2.341636e-004	2.341636e-004	-1.380738e-012	1.380785e-012	-1.263460e-010	1.104609e-004	-1.104608e-004	1.104608e-004	1.735813e-004	-4.987849e-005	4.987849e-005	1.380026e-012	-1.380969e-012	2.840421e-004
1.135818561575845e-003	-7.049274e-002	-6.950712e-002	-5.000000e+000	-2.505420e+000	-2.494580e+000	-2.500493e+000	-2.499507e+000	-2.500000e+000	-2.500000e+000	-2.570000e+000	-2.570000e+000	1.110014e-010	-1.110010e-010	-2.035018e-004	2.035018e-004	-1.231751e-012	1.231799e-012	-1.097695e-010	9.854198e-005	-9.854186e-005	9.854186e-005	1.548515e-004	-4.989161e-005	4.989161e-005	1.232649e-012	-1.232260e-012	2.533934e-004
1.138818561575844e-003	-7.044077e-002	-6.955910e-002	-5.000000e+000	-2.504850e+000	-2.495150e+000	-2.500441e+000	-2.499559e+000	-2.500000e+000	-2.500000e+000	-2.570000e+000	-2.570000e+000	9.646683e-011	-9.646639e-011	-1.768549e-004	1.768549e-004	-1.102272e-012	1.102321e-012	-9.536461e-011	8.818370e-005	-8.818361e-005	8.818361e-005	1.385743e-004	-4.990300e-005	4.990300e-005	1.101725e-012	-1.102224e-012	2.267579e-004
1.141818561575844e-003	-7.039571e-002	-6.960416e-002	-5.000000e+000	-2.504355e+000	-2.495645e+000	-2.500396e+000	-2.499604e+000	-2.500000e+000	-2.500000e+000	-2.570000e+000	-2.570000e+000	8.383516e-011	-8.383427e-011	-1.536971e-004	1.536971e-004	-9.897471e-013	9.897970e-013	-8.284440e-011	7.918177e-005	-7.918168e-005	7.918168e-005	1.244284e-004	-4.991290e-005	4.991290e-005	9.915486e-013	-9.902714e-013	2.036100e-004
1.144818561575844e-003	-7.035661e-002	-6.964326e-002	-5.000000e+000	-2.503925e+000	-2.496075e+000	-2.500357e+000	-2.499643e+000	-2.500000e+000	-2.500000e+000	-2.570000e+000	-2.570000e+000	7.285816e-011	-7.285683e-011	-1.335718e-004	1.335718e-004	-8.919565e-013	8.920074e-013	-7.196377e-011	7.135855e-005	-7.135848e-005	7.135848e-005	1.121348e-004	-4.992151e-005	4.992151e-005	8.929157e-013	-8.920828e-013	1.834932e-004
1.147818561575844e-003	-7.032275e-002	-6.967711e-002	-5.000000e+000	-2.503551e+000	-2.496449e+000	-2.500323e+000	-2.499677e+000	-2.500000e+000	-2.500000e+000	-2.570000e+000	-2.570000e+000	6.331780e-011	-6.331646e-011	-1.160816e-004	1.160816e-004	-8.069707e-013	8.070226e-013	-6.251089e-011	6.455973e-005	-6.455967e-005	6.455967e-005	1.014509e-004	-4.992898e-005	4.992898e-005	8.050661e-013	-8.051215e-013	1.660106e-004
1.150818561575843e-003	-7.029319e-002	-6.970668e-002	-5.000000e+000	-2.503226e+000	-2.496774e+000	-2.500293e+000	-2.499707e+000	-2.500000e+000	-2.500000e+000	-2.570000e+000	-2.570000e+000	5.502665e-011	-5.502576e-011	-1.008817e-004	1.008817e-004	-7.331131e-013	7.331660e-013	-5.429213e-011	5.865116e-005	-5.865111e-005	5.865111e-005	9.216603e-005	-4.993548e-005	4.993548e-005	7.336477e-013	-7.341472e-013	1.508171e-004
1.153818561575843e-003	-7.026744e-002	-6.973243e-002	-5.000000e+000	-2.502944e+000	-2.497056e+000	-2.500268e+000	-2.499732e+000	-2.500000e+000	-2.500000e+000	-2.570000e+000	-2.570000e+000	4.782130e-011	-4.782130e-011	-8.767202e-005	8.767202e-005	-6.689264e-013	6.689804e-013	-4.715162e-011	5.351627e-005	-5.351622e-005	5.351622e-005	8.409693e-005	-4.994113e-005	4.994113e-005	6.691989e-013	-6.701426e-013	1.376132e-004
1.156818561575843e-003	-7.024503e-002	-6.975484e-002	-5.000000e+000	-2.502698e+000	-2.497302e+000	-2.500245e+000	-2.499755e+000	-2.500000e+000	-2.500000e+000	-2.570000e+000	-2.570000e+000	4.155964e-011	-4.155920e-011	-7.619207e-005	7.619207e-005	-6.131444e-013	6.131994e-013	-4.094636e-011	4.905375e-005	-4.905371e-005	4.905371e-005	7.708441e-005	-4.994604e-005	4.994604e-005	6.141175e-013	-6.119525e-013	1.261381e-004
1.159818561575843e-003	-7.022572e-002	-6.977415e-002	-5.000000e+000	-2.502485e+000	-2.497515e+000	-2.500226e+000	-2.499774e+000	-2.500000e+000	-2.500000e+000	-2.570000e+000	-2.570000e+000	3.611733e-011	-3.611733e-011	-6.621534e-005	6.621534e-005	-5.646665e-013	5.647226e-013	-3.555201e-011	4.517556e-005	-4.517553e-005	4.517553e-005	7.099012e-005	-4.995031e-005	4.995031e-005	5.666914e-013	-5.658588e-013	1.161656e-004
1.162818561575842e-003	-7.020879e-002	-6.979108e-002	-5.000000e+000	-2.502299e+000	-2.497701e+000	-2.500209e+000	-2.499791e+000	-2.500000e+000	-2.500000e+000	-2.570000e+000	-2.570000e+000	3.138867e-011	-3.138734e-011	-5.754497e-005	5.754497e-005	-5.225363e-013	5.225935e-013	-3.086464e-011	4.180519e-005	-4.180516e-005	4.180516e-005	6.569383e-005	-4.995401e-005	4.995401e-005	5.249541e-013	-5.250098e-013	1.074990e-004
1.165818561575842e-003	-7.019424e-002	-6.980562e-002	-5.000000e+000	-2.502138e+000	-2.497862e+000	-2.500194e+000	-2.499806e+000	-2.500000e+000	-2.500000e+000	-2.570000e+000	-2.570000e+000	2.727907e-011	-2.727774e-011	-5.000993e-005	5.000993e-005	-4.859227e-013	4.859809e-013	-2.679190e-011	3.887614e-005	-3.887612e-005	3.887612e-005	6.109104e-005	-4.995723e-005	4.995723e-005	4.875512e-013	-4.849424e-013	9.996716e-005
1.168818561575842e-003	-7.018161e-002	-6.981826e-002	-5.000000e+000	-2.501998e+000	-2.498002e+000	-2.500182e+000	-2.499818e+000	-2.500000e+000	-2.500000e+000	-2.570000e+000	-2.570000e+000	2.370681e-011	-2.370637e-011	-4.346153e-005	4.346153e-005	-4.541033e-013	4.541625e-013	-2.325162e-011	3.633063e-005	-3.633061e-005	3.633061e-005	5.709096e-005	-4.996004e-005	4.996004e-005	4.542937e-013	-4.543496e-013	9.342156e-005
1.171818561575842e-003	-7.017064e-002	-6.982923e-002	-5.000000e+000	-2.501877e+000	-2.498123e+000	-2.500171e+000	-2.499829e+000	-2.500000e+000	-2.500000e+000	-2.570000e+000	-2.570000e+000	2.060263e-011	-2.060174e-011	-3.777059e-005	3.777059e-005	-4.264502e-013	4.265106e-013	-2.017586e-011	3.411843e-005	-3.411841e-005	3.411841e-005	5.361465e-005	-4.996247e-005	4.996247e-005	4.270627e-013	-4.253423e-013	8.773306e-005
1.174818561575841e-003	-7.016087e-002	-6.983900e-002	-5.000000e+000	-2.501771e+000	-2.498229e+000	-2.500161e+000	-2.499839e+000	-2.500000e+000	-2.500000e+000	-2.570000e+000	-2.570000e+000	1.790523e-011	-1.790390e-011	-3.282484e-005	3.282484e-005	-4.024181e-013	4.024795e-013	-1.750244e-011	3.219591e-005	-3.219589e-005	3.219589e-005	5.059354e-005	-4.996459e-005	4.996459e-005	4.026446e-013	-4.022565e-013	8.278943e-005
1.177818561575841e-003	-7.015252e-002	-6.984735e-002	-5.000000e+000	-2.501679e+000	-2.498321e+000	-2.500153e+000	-2.499847e+000	-2.500000e+000	-2.500000e+000	-2.570000e+000	-2.570000e+000	1.556000e-011	-1.555955e-011	-2.852669e-005	2.852669e-005	-3.815328e-013	3.815951e-013	-1.517719e-011	3.052512e-005	-3.052510e-005	3.052510e-005	4.796802e-005	-4.996642e-005	4.996642e-005	3.813194e-013	-3.813755e-013	7.849311e-005
1.180818561575841e-003	-7.014537e-002	-6.985450e-002	-5.000000e+000	-2.501599e+000	-2.498401e+000	-2.500145e+000	-2.499855e+000	-2.500000e+000	-2.500000e+000	-2.570000e+000	-2.570000e+000	1.352296e-011	-1.352252e-011	-2.479135e-005	2.479135e-005	-3.633821e-013	3.634455e-013	-1.315970e-011	2.907310e-005	-2.907309e-005	2.907309e-005	4.568628e-005	-4.996802e-005	4.996802e-005	3.633541e-013	-3.634103e-013	7.475937e-005
1.183818561575841e-003	-7.013893e-002	-6.986094e-002	-5.000000e+000	-2.501530e+000	-2.498470e+000	-2.500139e+000	-2.499861e+000	-2.500000e+000	-2.500000e+000	-2.570000e+000	-2.570000e+000	1.175238e-011	-1.175193e-011	-2.154512e-005	2.154512e-005	-3.476080e-013	3.476725e-013	-1.140377e-011	2.781122e-005	-2.781121e-005	2.781121e-005	4.370332e-005	-4.996941e-005	4.996941e-005	3.489433e-013	-3.481114e-013	7.151453e-005
1.186818561575840e-003	-7.013345e-002	-6.986642e-002	-5.000000e+000	-2.501469e+000	-2.498531e+000	-2.500134e+000	-2.499866e+000	-2.500000e+000	-2.500000e+000	-2.570000e+000	-2.570000e+000	1.021361e-011	-1.021272e-011	-1.872396e-005	1.872396e-005	-3.338993e-013	3.339648e-013	-9.878764e-012	2.671457e-005	-2.671456e-005	2.671456e-005	4.198002e-005	-4.997061e-005	4.997061e-005	3.343724e-013	-3.344287e-013	6.869458e-005
1.189818561575840e-003	-7.012868e-002	-6.987119e-002	-5.000000e+000	-2.501417e+000	-2.498583e+000	-2.500129e+000	-2.499871e+000	-2.500000e+000	-2.500000e+000	-2.570000e+000	-2.570000e+000	8.876011e-012	-8.875123e-012	-1.627221e-005	1.627221e-005	-3.219857e-013	3.220522e-013	-8.554046e-012	2.576151e-005	-2.576151e-005	2.576151e-005	4.048237e-005	-4.997166e-005	4.997166e-005	3.219484e-013	-3.220048e-013	6.624388e-005
1.192818561575840e-003	-7.012463e-002	-6.987524e-002	-5.000000e+000	-2.501371e+000	-2.498629e+000	-2.500125e+000	-2.499875e+000	-2.500000e+000	-2.500000e+000	-2.570000e+000	-2.570000e+000	7.714274e-012	-7.712941e-012	-1.414150e-005	1.414150e-005	-3.116319e-013	3.116995e-013	-7.401191e-012	2.493326e-005	-2.493325e-005	2.493325e-005	3.918082e-005	-4.997257e-005	4.997257e-005	3.131926e-013	-3.114727e-013	6.411407e-005
1.195818561575840e-003	-7.012105e-002	-6.987882e-002	-5.000000e+000	-2.501332e+000	-2.498668e+000	-2.500121e+000	-2.499879e+000	-2.500000e+000	-2.500000e+000	-2.570000e+000	-2.570000e+000	6.703971e-012	-6.702638e-012	-1.228978e-005	1.228978e-005	-3.026338e-013	3.027025e-013	-6.401102e-012	2.421345e-005	-2.421345e-005	2.421345e-005	3.804970e-005	-4.997337e-005	4.997337e-005	3.031215e-013	-3.018457e-013	6.226315e-005
1.198818561575839e-003	-7.011771e-002	-6.988215e-002	-5.000000e+000	-2.501297e+000	-2.498703e+000	-2.500118e+000	-2.499882e+000	-2.500000e+000	-2.500000e+000	-2.570000e+000	-2.570000e+000	5.826895e-012	-5.825118e-012	-1.068054e-005	1.068054e-005	-2.948139e-013	2.948836e-013	-5.531131e-012	2.358790e-005	-2.358790e-005	2.358790e-005	3.706669e-005	-4.997405e-005	4.997405e-005	2.964808e-013	-2.943170e-013	6.065459e-005
1.201818561575839e-003	-7.011533e-002	-6.988454e-002	-5.000000e+000	-2.501267e+000	-2.498733e+000	-2.500115e+000	-2.499885e+000	-2.500000e+000	-2.500000e+000	-2.570000e+000	-2.570000e+000	5.063505e-012	-5.062173e-012	-9.282005e-006	9.282005e-006	-2.880179e-013	2.880886e-013	-4.773959e-012	2.304426e-005	-2.304425e-005	2.304425e-005	3.621240e-005	-4.997465e-005	4.997465e-005	2.881418e-013	-2.877544e-013	5.925666e-005
1.204818561575839e-003	-7.011294e-002	-6.988692e-002	-5.000000e+000	-2.501241e+000	-2.498759e+000	-2.500113e+000	-2.499887e+000	-2.500000e+000	-2.500000e+000	-2.570000e+000	-2.570000e+000	4.400036e-012	-4.400036e-012	-8.066601e-006	8.066601e-006	-2.821117e-013	2.821834e-013	-4.117595e-012	2.257180e-005	-2.257180e-005	2.257180e-005	3.546997e-005	-4.997517e-005	4.997517e-005	2.830386e-013	-2.817631e-013	5.804177e-005
1.207818561575839e-003	-7.011080e-002	-6.988907e-002	-5.000000e+000	-2.501219e+000	-2.498781e+000	-2.500111e+000	-2.499889e+000	-2.500000e+000	-2.500000e+000	-2.570000e+000	-2.570000e+000	3.824496e-012	-3.823164e-012	-7.010345e-006	7.010345e-006	-2.769788e-013	2.770515e-013	-3.545608e-012	2.216121e-005	-2.216121e-005	2.216121e-005	3.482476e-005	-4.997562e-005	4.997562e-005	2.786676e-013	-2.782803e-013	5.698597e-005
1.210818561575838e-003	-7.010889e-002	-6.989098e-002	-5.000000e+000	-2.501199e+000	-2.498801e+000	-2.500109e+000	-2.499891e+000	-2.500000e+000	-2.500000e+000	-2.570000e+000	-2.570000e+000	3.323564e-012	-3.323120e-012	-6.092397e-006	6.092397e-006	-2.725179e-013	2.725917e-013	-3.050005e-012	2.180439e-005	-2.180438e-005	2.180438e-005	3.426403e-005	-4.997602e-005	4.997602e-005	2.739001e-013	-2.721806e-013	5.606841e-005
1.213818561575838e-003	-7.010722e-002	-6.989264e-002	-5.000000e+000	-2.501182e+000	-2.498818e+000	-2.500107e+000	-2.499893e+000	-2.500000e+000	-2.500000e+000	-2.570000e+000	-2.570000e+000	2.888356e-012	-2.887468e-012	-5.294647e-006	5.294647e-006	-2.686411e-013	2.687159e-013	-2.618794e-012	2.149428e-005	-2.149428e-005	2.149428e-005	3.377672e-005	-4.997636e-005	4.997636e-005	2.692459e-013	-2.688587e-013	5.527100e-005
1.216818561575838e-003	-7.010603e-002	-6.989384e-002	-5.000000e+000	-2.501167e+000	-2.498833e+000	-2.500106e+000	-2.499894e+000	-2.500000e+000	-2.500000e+000	-2.570000e+000	-2.570000e+000	2.509992e-012	-2.509104e-012	-4.601356e-006	4.601356e-006	-2.652719e-013	2.653477e-013	-2.242651e-012	2.122478e-005	-2.122478e-005	2.122478e-005	3.335323e-005	-4.997665e-005	4.997665e-005	2.667492e-013	-2.668062e-013	5.457801e-005
1.219818561575838e-003	-7.010484e-002	-6.989503e-002	-5.000000e+000	-2.501154e+000	-2.498846e+000	-2.500105e+000	-2.499895e+000	-2.500000e+000	-2.500000e+000	-2.570000e+000	-2.570000e+000	2.181810e-012	-2.180478e-012	-3.998845e-006	3.998845e-006	-2.623437e-013	2.624206e-013	-1.917577e-012	2.099057e-005	-2.099057e-005	2.099057e-005	3.298518e-005	-4.997691e-005	4.997691e-005	2.639080e-013	-2.626328e-013	5.397576e-005
1.222818561575837e-003	-7.010388e-002	-6.989598e-002	-5.000000e+000	-2.501143e+000	-2.498857e+000	-2.500104e+000	-2.499896e+000	-2.500000e+000	-2.500000e+000	-2.570000e+000	-2.570000e+000	1.896261e-012	-1.895373e-012	-3.475229e-006	3.475229e-006	-2.597990e-013	2.598768e-013	-1.636025e-012	2.078703e-005	-2.078703e-005	2.078703e-005	3.266533e-005	-4.997713e-005	4.997713e-005	2.604121e-013	-2.604692e-013	5.345236e-005
1.225818561575837e-003	-7.010293e-002	-6.989694e-002	-5.000000e+000	-2.501133e+000	-2.498867e+000	-2.500103e+000	-2.499897e+000	-2.500000e+000	-2.500000e+000	-2.570000e+000	-2.570000e+000	1.647127e-012	-1.647127e-012	-3.020176e-006	3.020176e-006	-2.575874e-013	2.576662e-013	-1.389999e-012	2.061014e-005	-2.061014e-005	2.061014e-005	3.238736e-005	-4.997733e-005	4.997733e-005	2.582842e-013	-2.583414e-013	5.299750e-005
1.228818561575837e-003	-7.010221e-002	-6.989765e-002	-5.000000e+000	-2.501125e+000	-2.498875e+000	-2.500102e+000	-2.499898e+000	-2.500000e+000	-2.500000e+000	-2.570000e+000	-2.570000e+000	1.432632e-012	-1.431300e-012	-2.624708e-006	2.624708e-006	-2.556653e-013	2.557451e-013	-1.176836e-012	2.045641e-005	-2.045641e-005	2.045641e-005	3.214579e-005	-4.997750e-005	4.997750e-005	2.541985e-013	-2.555881e-013	5.260220e-005
1.231818561575837e-003	-7.010150e-002	-6.989837e-002	-5.000000e+000	-2.501118e+000	-2.498882e+000	-2.500102e+000	-2.499898e+000	-2.500000e+000	-2.500000e+000	-2.570000e+000	-2.570000e+000	1.244782e-012	-1.243894e-012	-2.281024e-006	2.281024e-006	-2.539948e-013	2.540757e-013	-9.894308e-013	2.032282e-005	-2.032282e-005	2.032282e-005	3.193585e-005	-4.997765e-005	4.997765e-005	2.556030e-013	-2.547721e-013	5.225867e-005
1.234818561575836e-003	-7.010102e-002	-6.989884e-002	-5.000000e+000	-2.501111e+000	-2.498889e+000	-2.500101e+000	-2.499899e+000	-2.500000e+000	-2.500000e+000	-2.570000e+000	-2.570000e+000	1.081357e-012	-1.081357e-012	-1.982342e-006	1.982342e-006	-2.525430e-013	2.526248e-013	-8.282264e-013	2.020671e-005	-2.020671e-005	2.020671e-005	3.175340e-005	-4.997777e-005	4.997777e-005	2.532224e-013	-2.537239e-013	5.196012e-005
1.237818561575836e-003	-7.010055e-002	-6.989932e-002	-5.000000e+000	-2.501106e+000	-2.498894e+000	-2.500101e+000	-2.499899e+000	-2.500000e+000	-2.500000e+000	-2.570000e+000	-2.570000e+000	9.405809e-013	-9.392487e-013	-1.722770e-006	1.722770e-006	-2.512812e-013	2.513641e-013	-6.892265e-013	2.010581e-005	-2.010581e-005	2.010581e-005	3.159484e-005	-4.997788e-005	4.997788e-005	2.503806e-013	-2.504381e-013	5.170066e-005
1.240818561575836e-003	-7.010007e-002	-6.989980e-002	-5.000000e+000	-2.501101e+000	-2.498899e+000	-2.500100e+000	-2.499900e+000	-2.500000e+000	-2.500000e+000	-2.570000e+000	-2.570000e+000	8.171241e-013	-8.157919e-013	-1.497188e-006	1.497188e-006	-2.501846e-013	2.502685e-013	-5.648815e-013	2.001812e-005	-2.001812e-005	2.001812e-005	3.145705e-005	-4.997798e-005	4.997798e-005	2.510564e-013	-2.506698e-013	5.147517e-005
1.243818561575836e-003	-7.009959e-002	-6.990027e-002	-5.000000e+000	-2.501097e+000	-2.498903e+000	-2.500100e+000	-2.499900e+000	-2.500000e+000	-2.500000e+000	-2.570000e+000	-2.570000e+000	7.105427e-013	-7.087664e-013	-1.301143e-006	1.301143e-006	-2.492315e-013	2.493164e-013	-4.591882e-013	1.994191e-005	-1.994191e-005	1.994191e-005	3.133729e-005	-4.997807e-005	4.997807e-005	2.498061e-013	-2.498637e-013	5.127921e-005
1.246818561575835e-003	-7.009935e-002	-6.990051e-002	-5.000000e+000	-2.501093e+000	-2.498907e+000	-2.500099e+000	-2.499901e+000	-2.500000e+000	-2.500000e+000	-2.570000e+000	-2.570000e+000	6.172840e-013	-6.159517e-013	-1.130769e-006	1.130769e-006	-2.484031e-013	2.484890e-013	-3.681500e-013	1.987569e-005	-1.987568e-005	1.987568e-005	3.123322e-005	-4.997814e-005	4.997814e-005	2.475778e-013	-2.480795e-013	5.110891e-005
1.249818561575835e-003	-7.009912e-002	-6.990075e-002	-5.000000e+000	-2.501090e+000	-2.498910e+000	-2.500099e+000	-2.499901e+000	-2.500000e+000	-2.500000e+000	-2.570000e+000	-2.570000e+000	5.364598e-013	-5.355716e-013	-9.827038e-007	9.827038e-007	-2.476832e-013	2.477701e-013	-2.868816e-013	1.981813e-005	-1.981813e-005	1.981813e-005	3.114277e-005	-4.997820e-005	4.997820e-005	2.494946e-013	-2.495523e-013	5.096090e-005
1.252818561575835e-003	-7.009864e-002	-6.990123e-002	-5.000000e+000	-2.501087e+000	-2.498913e+000	-2.500099e+000	-2.499901e+000	-2.500000e+000	-2.500000e+000	-2.570000e+000	-2.570000e+000	4.662937e-013	-4.654055e-013	-8.540267e-007	8.540267e-007	-2.470574e-013	2.471453e-013	-2.189360e-013	1.976811e-005	-1.976811e-005	1.976811e-005	3.106417e-005	-4.997825e-005	4.997825e-005	2.473054e-013	-2.469191e-013	5.083228e-005
1.255818561575835e-003	-7.009864e-002	-6.990123e-002	-5.000000e+000	-2.501085e+000	-2.498915e+000	-2.500099e+000	-2.499901e+000	-2.500000e+000	-2.500000e+000	-2.570000e+000	-2.570000e+000	4.054534e-013	-4.041212e-013	-7.421987e-007	7.421987e-007	-2.465136e-013	2.466024e-013	-1.567635e-013	1.972464e-005	-1.972464e-005	1.972464e-005	3.099586e-005	-4.997830e-005	4.997830e-005	2.478186e-013	-2.469884e-013	5.072050e-005
1.258818561575834e-003	-7.009840e-002	-6.990147e-002	-5.000000e+000	-2.501083e+000	-2.498917e+000	-2.500098e+000	-2.499902e+000	-2.500000e+000	-2.500000e+000	-2.570000e+000	-2.570000e+000	3.521627e-013	-3.508305e-013	-6.450138e-007	6.450138e-007	-2.460409e-013	2.461307e-013	-1.052491e-013	1.968686e-005	-1.968686e-005	1.968686e-005	3.093650e-005	-4.997835e-005	4.997835e-005	2.474249e-013	-2.465947e-013	5.062336e-005
1.261818561575834e-003	-7.009816e-002	-6.990170e-002	-5.000000e+000	-2.501081e+000	-2.498919e+000	-2.500098e+000	-2.499902e+000	-2.500000e+000	-2.500000e+000	-2.570000e+000	-2.570000e+000	3.059775e-013	-3.059775e-013	-5.605544e-007	5.605544e-007	-2.456300e-013	2.457208e-013	-5.906386e-014	1.965403e-005	-1.965403e-005	1.965403e-005	3.088490e-005	-4.997838e-005	4.997838e-005	2.459909e-013	-2.464931e-013	5.053893e-005
1.264389990147263e-003	-7.009809e-002	-6.990177e-002	-5.000000e+000	-2.501080e+000	-2.498920e+000	-2.500098e+000	-2.499902e+000	-2.500000e+000	-2.500000e+000	-2.570000e+000	-2.570000e+000	2.721442e-013	-2.723020e-013	-4.987304e-007	4.987304e-007	-2.453292e-013	2.454208e-013	-2.615651e-014	1.963000e-005	-1.963000e-005	1.963000e-005	3.084714e-005	-4.997841e-005	4.997841e-005	2.456512e-013	-2.458550e-013	5.047714e-005
1.266961418718691e-003	-7.009803e-002	-6.990184e-002	-5.000000e+000	-2.501079e+000	-2.498921e+000	-2.500098e+000	-2.499902e+000	-2.500000e+000	-2.500000e+000	-2.570000e+000	-2.570000e+000	2.413201e-013	-2.415197e-013	-4.423211e-007	4.423211e-007	-2.450546e-013	2.451471e-013	3.965654e-015	1.960807e-005	-1.960807e-005	1.960807e-005	3.081268e-005	-4.997843e-005	4.997843e-005	2.453360e-013	-2.452774e-013	5.042075e-005
1.269532847290119e-003	-7.009796e-002	-6.990191e-002	-5.000000e+000	-2.501077e+000	-2.498923e+000	-2.500098e+000	-2.499902e+000	-2.500000e+000	-2.500000e+000	-2.570000e+000	-2.570000e+000	2.135053e-013	-2.136306e-013	-3.913265e-007	3.913265e-007	-2.448064e-013	2.448998e-013	3.130263e-014	1.958825e-005	-1.958825e-005	1.958825e-005	3.078153e-005	-4.997845e-005	4.997845e-005	2.450452e-013	-2.447604e-013	5.036978e-005
1.272104275861547e-003	-7.009789e-002	-6.990198e-002	-5.000000e+000	-2.501076e+000	-2.498924e+000	-2.500098e+000	-2.499902e+000	-2.500000e+000	-2.500000e+000	-2.570000e+000	-2.570000e+000	1.886998e-013	-1.886347e-013	-3.457468e-007	3.457468e-007	-2.445845e-013	2.446787e-013	5.585442e-014	1.957053e-005	-1.957053e-005	1.957053e-005	3.075369e-005	-4.997847e-005	4.997847e-005	2.447789e-013	-2.443038e-013	5.032422e-005
1.274675704432976e-003	-7.009782e-002	-6.990205e-002	-5.000000e+000	-2.501076e+000	-2.498924e+000	-2.500098e+000	-2.499902e+000	-2.500000e+000	-2.500000e+000	-2.570000e+000	-2.570000e+000	1.669034e-013	-1.665320e-013	-3.055819e-007	3.055819e-007	-2.443889e-013	2.444840e-013	7.762102e-014	1.955492e-005	-1.955492e-005	1.955492e-005	3.072916e-005	-4.997849e-005	4.997849e-005	2.445370e-013	-2.439077e-013	5.028407e-005
1.277247133004404e-003	-7.009775e-002	-6.990211e-002	-5.000000e+000	-2.501075e+000	-2.498925e+000	-2.500098e+000	-2.499902e+000	-2.500000e+000	-2.500000e+000	-2.570000e+000	-2.570000e+000	1.481164e-013	-1.473226e-013	-2.708317e-007	2.708317e-007	-2.442196e-013	2.443156e-013	9.660243e-014	1.954141e-005	-1.954141e-005	1.954141e-005	3.070793e-005	-4.997850e-005	4.997850e-005	2.443196e-013	-2.435721e-013	5.024934e-005
1.279818561575833e-003	-7.009768e-002	-6.990218e-002	-5.000000e+000	-2.501074e+000	-2.498926e+000	-2.500098e+000	-2.499902e+000	-2.500000e+000	-2.500000e+000	-2.570000e+000	-2.570000e+000	1.323386e-013	-1.310063e-013	-2.414964e-007	2.414964e-007	-2.440767e-013	2.441735e-013	1.127987e-013	1.953001e-005	-1.953001e-005	1.953001e-005	3.069001e-005	-4.997852e-005	4.997852e-005	2.441266e-013	-2.432970e-013	5.022001e-005
1.282961418718690e-003	-7.009750e-002	-6.990237e-002	-5.000000e+000	-2.501073e+000	-2.498927e+000	-2.500098e+000	-2.499902e+000	-2.500000e+000	-2.500000e+000	-2.570000e+000	-2.570000e+000	1.149926e-013	-1.138922e-013	-2.097235e-007	2.097235e-007	-2.439217e-013	2.440196e-013	1.298371e-013	1.951765e-005	-1.951765e-005	1.951765e-005	3.067060e-005	-4.997853e-005	4.997853e-005	2.439854e-013	-2.434526e-013	5.018825e-005
1.286104275861546e-003	-7.009735e-002	-6.990251e-002	-5.000000e+000	-2.501073e+000	-2.498927e+000	-2.500097e+000	-2.499903e+000	-2.500000e+000	-2.500000e+000	-2.570000e+000	-2.570000e+000	9.936838e-014	-9.846479e-014	-1.811506e-007	1.811506e-007	-2.437824e-013	2.438813e-013	1.451717e-013	1.950655e-005	-1.950655e-005	1.950655e-005	3.065315e-005	-4.997854e-005	4.997854e-005	2.438837e-013	-2.436122e-013	5.015969e-005
1.289247133004403e-003	-7.009725e-002	-6.990262e-002	-5.000000e+000	-2.501072e+000	-2.498928e+000	-2.500097e+000	-2.499903e+000	-2.500000e+000	-2.500000e+000	-2.570000e+000	-2.570000e+000	8.546590e-014	-8.472418e-014	-1.557776e-007	1.557776e-007	-2.436586e-013	2.437586e-013	1.588025e-013	1.949668e-005	-1.949668e-005	1.949668e-005	3.063765e-005	-4.997856e-005	4.997856e-005	2.438214e-013	-2.437758e-013	5.013433e-005
1.292389990147260e-003	-7.009718e-002	-6.990269e-002	-5.000000e+000	-2.501072e+000	-2.498928e+000	-2.500097e+000	-2.499903e+000	-2.500000e+000	-2.500000e+000	-2.570000e+000	-2.570000e+000	7.328517e-014	-7.267033e-014	-1.336045e-007	1.336045e-007	-2.435503e-013	2.436513e-013	1.707295e-013	1.948807e-005	-1.948807e-005	1.948807e-005	3.062410e-005	-4.997856e-005	4.997856e-005	2.437985e-013	-2.439433e-013	5.011217e-005
1.295532847290117e-003	-7.009715e-002	-6.990272e-002	-5.000000e+000	-2.501071e+000	-2.498929e+000	-2.500097e+000	-2.499903e+000	-2.500000e+000	-2.500000e+000	-2.570000e+000	-2.570000e+000	6.282618e-014	-6.230324e-014	-1.146314e-007	1.146314e-007	-2.434576e-013	2.435597e-013	1.809526e-013	1.948069e-005	-1.948069e-005	1.948069e-005	3.061251e-005	-4.997857e-005	4.997857e-005	2.438151e-013	-2.441149e-013	5.009320e-005
1.298675704432974e-003	-7.009716e-002	-6.990271e-002	-5.000000e+000	-2.501071e+000	-2.498929e+000	-2.500097e+000	-2.499903e+000	-2.500000e+000	-2.500000e+000	-2.570000e+000	-2.570000e+000	5.408895e-014	-5.362292e-014	-9.885822e-008	9.885822e-008	-2.433804e-013	2.434835e-013	1.894719e-013	1.947456e-005	-1.947456e-005	1.947456e-005	3.060288e-005	-4.997858e-005	4.997858e-005	2.438712e-013	-2.442904e-013	5.007744e-005
1.301818561575831e-003	-7.009721e-002	-6.990266e-002	-5.000000e+000	-2.501071e+000	-2.498929e+000	-2.500097e+000	-2.499903e+000	-2.500000e+000	-2.500000e+000	-2.570000e+000	-2.570000e+000	4.707346e-014	-4.662937e-014	-8.628497e-008	8.628497e-008	-2.433188e-013	2.434230e-013	1.962874e-013	1.946967e-005	-1.946967e-005	1.946967e-005	3.059520e-005	-4.997858e-005	4.997858e-005	2.439667e-013	-2.444699e-013	5.006487e-005
1.306247133004402e-003	-7.009721e-002	-6.990266e-002	-5.000000e+000	-2.501070e+000	-2.498930e+000	-2.500097e+000	-2.499903e+000	-2.500000e+000	-2.500000e+000	-2.570000e+000	-2.570000e+000	3.907504e-014	-3.846503e-014	-7.119438e-008	7.119438e-008	-2.432447e-013	2.433504e-013	2.047051e-013	1.946381e-005	-1.946381e-005	1.946381e-005	3.058598e-005	-4.997859e-005	4.997859e-005	2.436673e-013	-2.438925e-013	5.004978e-005
1.310675704432973e-003	-7.009721e-002	-6.990266e-002	-5.000000e+000	-2.501070e+000	-2.498930e+000	-2.500097e+000	-2.499903e+000	-2.500000e+000	-2.500000e+000	-2.570000e+000	-2.570000e+000	3.202985e-014	-3.130922e-014	-5.798876e-008	5.798876e-008	-2.431799e-013	2.432869e-013	2.120086e-013	1.945867e-005	-1.945867e-005	1.945867e-005	3.057791e-005	-4.997860e-005	4.997860e-005	2.434658e-013	-2.434634e-013	5.003658e-005
1.315104275861544e-003	-7.009721e-002	-6.990266e-002	-5.000000e+000	-2.501070e+000	-2.498930e+000	-2.500097e+000	-2.499903e+000	-2.500000e+000	-2.500000e+000	-2.570000e+000	-2.570000e+000	2.593788e-014	-2.516195e-014	-4.666810e-008	4.666810e-008	-2.431241e-013	2.432326e-013	2.181980e-013	1.945427e-005	-1.945427e-005	1.945427e-005	3.057100e-005	-4.997860e-005	4.997860e-005	2.433621e-013	-2.431826e-013	5.002527e-005
1.319532847290115e-003	-7.009721e-002	-6.990266e-002	-5.000000e+000	-2.501070e+000	-2.498930e+000	-2.500097e+000	-2.499903e+000	-2.500000e+000	-2.500000e+000	-2.570000e+000	-2.570000e+000	2.079913e-014	-2.002320e-014	-3.723241e-008	3.723241e-008	-2.430776e-013	2.431875e-013	2.232733e-013	1.945060e-005	-1.945060e-005	1.945060e-005	3.056523e-005	-4.997861e-005	4.997861e-005	2.433564e-013	-2.430501e-013	5.001584e-005
1.323961418718686e-003	-7.009721e-002	-6.990266e-002	-5.000000e+000	-2.501070e+000	-2.498930e+000	-2.500097e+000	-2.499903e+000	-2.500000e+000	-2.500000e+000	-2.570000e+000	-2.570000e+000	1.661361e-014	-1.589298e-014	-2.968169e-008	2.968169e-008	-2.430402e-013	2.431515e-013	2.272345e-013	1.944767e-005	-1.944767e-005	1.944767e-005	3.056062e-005	-4.997861e-005	4.997861e-005	2.434486e-013	-2.430659e-013	5.000829e-005
1.328389990147257e-003	-7.009721e-002	-6.990266e-002	-5.000000e+000	-2.501069e+000	-2.498931e+000	-2.500097e+000	-2.499903e+000	-2.500000e+000	-2.500000e+000	-2.570000e+000	-2.570000e+000	1.338131e-014	-1.277130e-014	-2.401593e-008	2.401593e-008	-2.430119e-013	2.431247e-013	2.300816e-013	1.944547e-005	-1.944547e-005	1.944547e-005	3.055716e-005	-4.997861e-005	4.997861e-005	2.436387e-013	-2.432301e-013	5.000263e-005
1.332818561575828e-003	-7.009721e-002	-6.990266e-002	-5.000000e+000	-2.501069e+000	-2.498931e+000	-2.500097e+000	-2.499903e+000	-2.500000e+000	-2.500000e+000	-2.570000e+000	-2.570000e+000	1.110223e-014	-1.065814e-014	-2.023513e-008	2.023514e-008	-2.429928e-013	2.431071e-013	2.318146e-013	1.944400e-005	-1.944400e-005	1.944400e-005	3.055485e-005	-4.997861e-005	4.997861e-005	2.439267e-013	-2.435425e-013	4.999885e-005
1.340961418718685e-003	-7.009721e-002	-6.990266e-002	-5.000000e+000	-2.501069e+000	-2.498931e+000	-2.500097e+000	-2.499903e+000	-2.500000e+000	-2.500000e+000	-2.570000e+000	-2.570000e+000	8.242023e-015	-7.705035e-015	-1.480488e-008	1.480488e-008	-2.429651e-013	2.430820e-013	2.349309e-013	1.944189e-005	-1.944189e-005	1.944189e-005	3.055153e-005	-4.997861e-005	4.997861e-005	2.438812e-013	-2.435254e-013	4.999342e-005
1.349104275861541e-003	-7.009721e-002	-6.990266e-002	-5.000000e+000	-2.501069e+000	-2.498931e+000	-2.500097e+000	-2.499903e+000	-2.500000e+000	-2.500000e+000	-2.570000e+000	-2.570000e+000	5.848835e-015	-5.249914e-015	-1.028809e-008	1.028809e-008	-2.429418e-013	2.430614e-013	2.375371e-013	1.944013e-005	-1.944013e-005	1.944013e-005	3.054877e-005	-4.997862e-005	4.997862e-005	2.438273e-013	-2.434905e-013	4.998890e-005
1.357247133004397e-003	-7.009721e-002	-6.990266e-002	-5.000000e+000	-2.501069e+000	-2.498931e+000	-2.500097e+000	-2.499903e+000	-2.500000e+000	-2.500000e+000	-2.570000e+000	-2.570000e+000	3.922666e-015	-3.292779e-015	-6.684768e-009	6.684770e-009	-2.429230e-013	2.430452e-013	2.396332e-013	1.943873e-005	-1.943873e-005	1.943873e-005	3.054657e-005	-4.997862e-005	4.997862e-005	2.437652e-013	-2.434379e-013	4.998530e-005
1.365389990147254e-003	-7.009721e-002	-6.990266e-002	-5.000000e+000	-2.501069e+000	-2.498931e+000	-2.500097e+000	-2.499903e+000	-2.500000e+000	-2.500000e+000	-2.570000e+000	-2.570000e+000	2.463515e-015	-1.833629e-015	-3.994914e-009	3.994916e-009	-2.429086e-013	2.430334e-013	2.412193e-013	1.943768e-005	-1.943768e-005	1.943768e-005	3.054493e-005	-4.997862e-005	4.997862e-005	2.436947e-013	-2.433677e-013	4.998261e-005
1.373532847290111e-003	-7.009721e-002	-6.990266e-002	-5.000000e+000	-2.501069e+000	-2.498931e+000	-2.500097e+000	-2.499903e+000	-2.500000e+000	-2.500000e+000	-2.570000e+000	-2.570000e+000	1.471384e-015	-8.724636e-016	-2.218527e-009	2.218529e-009	-2.428987e-013	2.430261e-013	2.422952e-013	1.943699e-005	-1.943699e-005	1.943699e-005	3.054384e-005	-4.997862e-005	4.997862e-005	2.436158e-013	-2.432797e-013	4.998084e-005
1.381675704432967e-003	-7.009721e-002	-6.990266e-002	-5.000000e+000	-2.501069e+000	-2.498931e+000	-2.500097e+000	-2.499903e+000	-2.500000e+000	-2.500000e+000	-2.570000e+000	-2.570000e+000	9.462717e-016	-4.092838e-016	-1.355607e-009	1.355609e-009	-2.428932e-013	2.430232e-013	2.428610e-013	1.943666e-005	-1.943666e-005	1.943666e-005	3.054332e-005	-4.997862e-005	4.997862e-005	2.435287e-013	-2.431739e-013	4.997998e-005
1.389818561575823e-003	-7.009721e-002	-6.990266e-002	-5.000000e+000	-2.501069e+000	-2.498931e+000	-2.500097e+000	-2.499903e+000	-2.500000e+000	-2.500000e+000	-2.570000e+000	-2.570000e+000	8.881784e-016	-4.440892e-016	-1.406154e-009	1.406157e-009	-2.428921e-013	2.430248e-013	2.429168e-013	1.943668e-005	-1.943668e-005	1.943668e-005	3.054335e-005	-4.997862e-005	4.997862e-005	2.434332e-013	-2.430505e-013	4.998003e-005
1.477532847290103e-003	-7.009718e-002	-6.990263e-002	-5.000000e+000	-2.501069e+000	-2.498931e+000	-2.500097e+000	-2.499903e+000	-2.500000e+000	-2.500000e+000	-2.570000e+000	-2.570000e+000	6.195475e-016	-1.113548e-016	-7.806440e-010	7.806464e-010	-2.428754e-013	2.430354e-013	2.430749e-013	1.943643e-005	-1.943643e-005	1.943643e-005	3.054297e-005	-4.997862e-005	4.997862e-005	2.434152e-013	-2.431300e-013	4.997940e-005
1.565247133004383e-003	-7.009718e-002	-6.990263e-002	-5.000000e+000	-2.501069e+000	-2.498931e+000	-2.500097e+000	-2.499903e+000	-2.500000e+000	-2.500000e+000	-2.570000e+000	-2.570000e+000	4.193130e-016	1.527624e-016	-2.966774e-010	2.966796e-010	-2.428599e-013	2.430463e-013	2.432014e-013	1.943625e-005	-1.943625e-005	1.943625e-005	3.054267e-005	-4.997862e-005	4.997862e-005	2.433996e-013	-2.432014e-013	4.997892e-005
1.652961418718663e-003	-7.009719e-002	-6.990264e-002	-5.000000e+000	-2.501069e+000	-2.498931e+000	-2.500097e+000	-2.499903e+000	-2.500000e+000	-2.500000e+000	-2.570000e+000	-2.570000e+000	2.874752e-016	3.482623e-016	4.574549e-011	-4.574345e-011	-2.428454e-013	2.430574e-013	2.432964e-013	1.943611e-005	-1.943611e-005	1.943611e-005	3.054246e-005	-4.997862e-005	4.997862e-005	2.433866e-013	-2.432646e-013	4.997857e-005
1.740675704432943e-003	-7.009723e-002	-6.990268e-002	-5.000000e+000	-2.501069e+000	-2.498931e+000	-2.500097e+000	-2.499903e+000	-2.500000e+000	-2.500000e+000	-2.570000e+000	-2.570000e+000	2.240339e-016	4.751449e-016	2.466247e-010	-2.466228e-010	-2.428321e-013	2.430687e-013	2.433598e-013	1.943604e-005	-1.943604e-005	1.943604e-005	3.054234e-005	-4.997862e-005	4.997862e-005	2.433761e-013	-2.433196e-013	4.997837e-005
1.828389990147223e-003	-7.009728e-002	-6.990273e-002	-5.000000e+000	-2.501069e+000	-2.498931e+000	-2.500097e+000	-2.499903e+000	-2.500000e+000	-2.500000e+000	-2.570000e+000	-2.570000e+000	2.289891e-016	5.334103e-016	3.059602e-010	-3.059585e-010	-2.428199e-013	2.430803e-013	2.433917e-013	1.943601e-005	-1.943601e-005	1.943601e-005	3.054230e-005	-4.997862e-005	4.997862e-005	2.433681e-013	-2.433664e-013	4.997831e-005
1.916104275861503e-003	-7.009735e-002	-6.990280e-002	-5.000000e+000	-2.501069e+000	-2.498931e+000	-2.500097e+000	-2.499903e+000	-2.500000e+000	-2.500000e+000	-2.570000e+000	-2.570000e+000	3.023409e-016	5.230584e-016	2.237521e-010	-2.237504e-010	-2.428089e-013	2.430922e-013	2.433921e-013	1.943604e-005	-1.943604e-005	1.943604e-005	3.054235e-005	-4.997862e-005	4.997862e-005	2.433626e-013	-2.434051e-013	4.997839e-005
2.003818561575783e-003	-7.009745e-002	-6.990290e-002	-5.000000e+000	-2.501069e+000	-2.498931e+000	-2.500097e+000	-2.499903e+000	-2.500000e+000	-2.500000e+000	-2.570000e+000	-2.570000e+000	4.440892e-016	4.440892e-016	2.220446e-016	1.332268e-015	-2.427990e-013	2.431043e-013	2.433609e-013	1.943613e-005	-1.943613e-005	1.943613e-005	3.054249e-005	-4.997862e-005	4.997862e-005	2.433597e-013	-2.434356e-013	4.997862e-005
2.004818561575783e-003	-7.009745e-002	-6.990290e-002	-5.000000e+000	-2.501069e+000	-2.498931e+000	-2.500097e+000	-2.499903e+000	-2.500000e+000	-2.500000e+000	-2.570000e+000	-2.570000e+000	4.440892e-016	4.440892e-016	4.440892e-016	1.332268e-015	-2.427989e-013	2.431044e-013	2.433609e-013	1.943613e-005	-1.943613e-005	1.943613e-005	3.054249e-005	-4.997862e-005	4.997862e-005	2.424715e-013	-2.425474e-013	4.997862e-005
3.028818561575919e-003	-7.009745e-002	-6.990290e-002	-5.000000e+000	-2.501069e+000	-2.498931e+000	-2.500097e+000	-2.499903e+000	-2.500000e+000	-2.500000e+000	-2.570000e+000	-2.570000e+000	2.220446e-016	0.000000e+000	4.440892e-016	4.440892e-016	-2.426961e-013	2.432072e-013	2.424727e-013	1.943613e-005	-1.943613e-005	1.943613e-005	3.054249e-005	-4.997862e-005	4.997862e-005	2.415718e-013	-2.421148e-013	4.997862e-005
4.052818561576055e-003	-7.009745e-002	-6.990290e-002	-5.000000e+000	-2.501069e+000	-2.498931e+000	-2.500097e+000	-2.499903e+000	-2.500000e+000	-2.500000e+000	-2.570000e+000	-2.570000e+000	4.440892e-016	4.440892e-016	6.661338e-016	1.998401e-015	-2.426292e-013	2.432740e-013	2.429168e-013	1.943613e-005	-1.943613e-005	1.943613e-005	3.054249e-005	-4.997862e-005	4.997862e-005	2.420044e-013	-2.425704e-013	4.997862e-005
4.999818561576180e-003	-7.009745e-002	-6.990290e-002	-5.000000e+000	-2.501069e+000	-2.498931e+000	-2.500097e+000	-2.499903e+000	-2.500000e+000	-2.500000e+000	-2.570000e+000	-2.570000e+000	2.760893e-012	-2.761201e-012	2.501545e-013	-2.495740e-013	-2.425881e-013	2.433151e-013	-2.517088e-012	1.943613e-005	-1.943613e-005	1.943613e-005	3.054249e-005	-4.997862e-005	4.997862e-005	2.430069e-013	-2.447673e-013	4.997862e-005
5.000000000000000e-003	-7.009745e-002	-6.990290e-002	-5.000000e+000	-2.501069e+000	-2.498931e+000	-2.500097e+000	-2.499903e+000	-2.500000e+000	-2.500000e+000	-2.570000e+000	-2.570000e+000	3.372858e-012	-3.373302e-012	3.055334e-013	-3.050893e-013	-2.425882e-013	2.433151e-013	-3.129053e-012	1.943613e-005	-1.943613e-005	1.943613e-005	3.054249e-005	-4.997862e-005	4.997862e-005	2.428624e-013	-2.442377e-013	4.997862e-005
