time	V(N008,N005)	V(N009,N004)	V(n001)	V(n002)	V(n003)	V(n004)	V(n005)	V(n006)	V(n007)	V(n008)	V(n009)	I(C1)	I(C2)	I(C3)	I(C4)	I(R1)	I(R2)	I(R3)	I(R4)	I(R5)	I(R6)	I(R7)	I(R8)	I(R9)	I(V1)	I(V2)	I(V3)
0.000000000000000e+000	-7.000000e-002	-7.000000e-002	0.000000e+000	-2.100000e-020	-2.100000e-020	-2.102100e-020	-2.102100e-020	-2.102100e-020	-2.102100e-020	-7.000000e-002	-7.000000e-002	4.200000e-025	4.200000e-025	2.100000e-038	2.100000e-038	2.536958e-037	2.536958e-037	0.000000e+000	-3.009266e-037	4.200000e-025	4.200000e-025	-4.298951e-038	4.200000e-025	4.200000e-025	-1.261169e-043	-1.261169e-043	-4.200000e-025
1.000000000000000e-003	-7.000000e-002	-7.000000e-002	0.000000e+000	-8.268006e-015	-8.268006e-015	-8.234877e-015	-8.234877e-015	-1.151710e-009	-1.151710e-009	-7.000000e-002	-7.000000e-002	-3.541868e-018	-3.541868e-018	-8.281634e-019	-8.281634e-019	2.879255e-018	2.879255e-018	0.000000e+000	-3.155444e-031	-6.625915e-019	-6.625915e-019	-4.507777e-031	1.653601e-019	1.653601e-019	-2.879255e-018	-2.879255e-018	6.628033e-019
1.000000100000000e-003	-8.866325e-002	-5.133677e-002	-5.000000e-001	-4.999984e-001	-1.568685e-006	-2.691866e-001	-2.308134e-001	-2.505234e-001	-2.494766e-001	-3.194766e-001	-3.205234e-001	-7.789129e-004	7.789129e-004	-1.175905e-002	1.175905e-002	-4.699290e-011	4.699290e-011	7.789129e-004	3.837323e-003	-4.616236e-003	4.616236e-003	7.142812e-003	-3.137371e-011	3.137371e-011	4.699293e-011	-4.699291e-011	1.175905e-002
1.000000300000000e-003	-1.312184e-001	-8.781672e-003	-1.500000e+000	-1.499993e+000	-6.699590e-006	-8.119850e-001	-6.880150e-001	-7.507666e-001	-7.492334e-001	-8.192334e-001	-8.207666e-001	-1.363178e-003	1.363178e-003	-3.518855e-002	3.518855e-002	-1.532584e-010	1.532584e-010	1.363178e-003	1.239699e-002	-1.376017e-002	1.376017e-002	2.142838e-002	-1.339918e-010	1.339918e-010	1.532584e-010	-1.532584e-010	3.518855e-002
1.000000440661023e-003	-1.632377e-001	2.323771e-002	-2.203305e+000	-2.203293e+000	-1.253834e-005	-1.195538e+000	-1.007767e+000	-1.102301e+000	-1.101004e+000	-1.171005e+000	-1.172301e+000	-1.377935e-003	1.377935e-003	-5.163052e-002	5.163052e-002	-2.329920e-010	2.329920e-010	1.377936e-003	1.877715e-002	-2.015509e-002	2.015509e-002	3.147543e-002	-2.507667e-010	2.507667e-010	2.329918e-010	-2.329920e-010	5.163052e-002
1.000000575662768e-003	-1.939712e-001	5.397105e-002	-2.878314e+000	-2.878293e+000	-2.060078e-005	-1.563823e+000	-1.314491e+000	-1.439852e+000	-1.438462e+000	-1.508462e+000	-1.509852e+000	-1.356256e-003	1.356256e-003	-6.740759e-002	6.740759e-002	-3.099691e-010	3.099691e-010	1.356256e-003	2.493316e-002	-2.628941e-002	2.628941e-002	4.111818e-002	-4.120156e-010	4.120156e-010	3.099691e-010	-3.099691e-010	6.740759e-002
1.000000723232480e-003	-2.274772e-001	8.747721e-002	-3.616162e+000	-3.616130e+000	-3.220296e-005	-1.966235e+000	-1.649928e+000	-1.808758e+000	-1.807405e+000	-1.877405e+000	-1.878758e+000	-1.367188e-003	1.367188e-003	-8.465645e-002	8.465645e-002	-3.936750e-010	3.936750e-010	1.367189e-003	3.163072e-002	-3.299791e-002	3.299791e-002	5.165854e-002	-6.440593e-010	6.440593e-010	3.936750e-010	-3.936750e-010	8.465645e-002
1.000000946863014e-003	-2.782981e-001	1.382983e-001	-4.734315e+000	-4.734262e+000	-5.344019e-005	-2.576141e+000	-2.158175e+000	-2.367842e+000	-2.366473e+000	-2.436473e+000	-2.437842e+000	-1.365793e-003	1.365793e-003	-1.107940e-001	1.107940e-001	-5.207506e-010	5.207506e-010	1.365794e-003	4.179663e-002	-4.316242e-002	4.316242e-002	6.763155e-002	-1.068804e-009	1.068804e-009	5.207509e-010	-5.207507e-010	1.107940e-001
1.000001000000000e-003	-2.903855e-001	1.503854e-001	-5.000000e+000	-4.999941e+000	-5.914523e-005	-2.721067e+000	-2.278933e+000	-2.500682e+000	-2.499318e+000	-2.569318e+000	-2.570682e+000	-1.363977e-003	1.363977e-003	-1.170043e-001	1.170043e-001	-5.509637e-010	5.509637e-010	1.363977e-003	4.421349e-002	-4.557747e-002	4.557747e-002	7.142688e-002	-1.182905e-009	1.182905e-009	5.509641e-010	-5.509638e-010	1.170043e-001
1.000001005255629e-003	-2.913582e-001	1.513581e-001	-5.000000e+000	-4.999940e+000	-5.976004e-005	-2.721939e+000	-2.278061e+000	-2.500581e+000	-2.499419e+000	-2.569419e+000	-2.570581e+000	-1.172147e-003	1.172147e-003	-1.169869e-001	1.169869e-001	-5.533832e-010	5.533832e-010	1.172147e-003	4.438787e-002	-4.556002e-002	4.556002e-002	7.142686e-002	-1.195201e-009	1.195201e-009	5.533826e-010	-5.533836e-010	1.169869e-001
1.000001015766888e-003	-2.929368e-001	1.529369e-001	-5.000000e+000	-4.999939e+000	-6.098945e-005	-2.723346e+000	-2.276654e+000	-2.500409e+000	-2.499591e+000	-2.569591e+000	-2.570409e+000	-8.626476e-004	8.626476e-004	-1.169587e-001	1.169587e-001	-5.572868e-010	5.572868e-010	8.626481e-004	4.466921e-002	-4.553186e-002	4.553186e-002	7.142683e-002	-1.219789e-009	1.219789e-009	5.572862e-010	-5.572872e-010	1.169587e-001
1.000001036789406e-003	-2.948737e-001	1.548736e-001	-5.000000e+000	-4.999937e+000	-6.344761e-005	-2.725072e+000	-2.274928e+000	-2.500198e+000	-2.499802e+000	-2.569802e+000	-2.570198e+000	-4.829282e-004	4.829282e-004	-1.169240e-001	1.169241e-001	-5.620759e-010	5.620759e-010	4.829287e-004	4.501437e-002	-4.549729e-002	4.549729e-002	7.142676e-002	-1.268952e-009	1.268952e-009	5.620756e-010	-5.620759e-010	1.169241e-001
1.000001078834441e-003	-2.965498e-001	1.565499e-001	-5.000000e+000	-4.999932e+000	-6.836274e-005	-2.726586e+000	-2.273414e+000	-2.500036e+000	-2.499964e+000	-2.569964e+000	-2.570036e+000	-1.498102e-004	1.498102e-004	-1.168935e-001	1.168935e-001	-5.662766e-010	5.662766e-010	1.498108e-004	4.531711e-002	-4.546692e-002	4.546692e-002	7.142662e-002	-1.367255e-009	1.367255e-009	5.662764e-010	-5.662764e-010	1.168935e-001
1.000001135213271e-003	-2.971649e-001	1.571651e-001	-5.000000e+000	-4.999925e+000	-7.495264e-005	-2.727166e+000	-2.272834e+000	-2.500001e+000	-2.499999e+000	-2.569999e+000	-2.570001e+000	-2.192187e-005	2.192187e-005	-1.168816e-001	1.168816e-001	-5.678882e-010	5.678882e-010	2.192244e-005	4.543325e-002	-4.545518e-002	4.545518e-002	7.142643e-002	-1.499053e-009	1.499053e-009	5.678880e-010	-5.678881e-010	1.168816e-001
1.000001213441354e-003	-2.972627e-001	1.572628e-001	-5.000000e+000	-4.999916e+000	-8.409594e-005	-2.727262e+000	-2.272738e+000	-2.500000e+000	-2.500000e+000	-2.570000e+000	-2.570000e+000	-5.700435e-007	5.700435e-007	-1.168792e-001	1.168792e-001	-5.681555e-010	5.681555e-010	5.706117e-007	4.545250e-002	-4.545307e-002	4.545307e-002	7.142617e-002	-1.681919e-009	1.681919e-009	5.681552e-010	-5.681554e-010	1.168792e-001
1.000001334850015e-003	-2.972643e-001	1.572645e-001	-5.000000e+000	-4.999902e+000	-9.828601e-005	-2.727264e+000	-2.272736e+000	-2.500000e+000	-2.500000e+000	-2.570000e+000	-2.570000e+000	1.285570e-007	-1.285570e-007	-1.168785e-001	1.168785e-001	-5.681611e-010	5.681611e-010	-1.279888e-007	4.545287e-002	-4.545275e-002	4.545275e-002	7.142577e-002	-1.965720e-009	1.965720e-009	5.681608e-010	-5.681610e-010	1.168785e-001
1.000001577667337e-003	-2.972617e-001	1.572616e-001	-5.000000e+000	-4.999873e+000	-1.266659e-004	-2.727262e+000	-2.272738e+000	-2.500000e+000	-2.500000e+000	-2.570000e+000	-2.570000e+000	5.171125e-008	-5.171125e-008	-1.168772e-001	1.168772e-001	-5.681536e-010	5.681537e-010	-5.114310e-008	4.545229e-002	-4.545224e-002	4.545224e-002	7.142495e-002	-2.533317e-009	2.533317e-009	5.681535e-010	-5.681537e-010	1.168772e-001
1.000002063301981e-003	-2.972562e-001	1.572564e-001	-5.000000e+000	-4.999816e+000	-1.834243e-004	-2.727256e+000	-2.272744e+000	-2.500000e+000	-2.500000e+000	-2.570000e+000	-2.570000e+000	6.757913e-008	-6.757913e-008	-1.168745e-001	1.168745e-001	-5.681410e-010	5.681410e-010	-6.701099e-008	4.545127e-002	-4.545121e-002	4.545121e-002	7.142333e-002	-3.668487e-009	3.668487e-009	5.681410e-010	-5.681410e-010	1.168745e-001
1.000003034571269e-003	-2.972462e-001	1.572461e-001	-5.000000e+000	-4.999703e+000	-2.969365e-004	-2.727246e+000	-2.272754e+000	-2.500000e+000	-2.500000e+000	-2.570000e+000	-2.570000e+000	6.221173e-008	-6.221173e-008	-1.168692e-001	1.168692e-001	-5.681151e-010	5.681151e-010	-6.164362e-008	4.544920e-002	-4.544914e-002	4.544914e-002	7.142009e-002	-5.938730e-009	5.938730e-009	5.681153e-010	-5.681150e-010	1.168692e-001
1.000004977109845e-003	-2.972255e-001	1.572256e-001	-5.000000e+000	-4.999476e+000	-5.239414e-004	-2.727226e+000	-2.272774e+000	-2.500000e+000	-2.500000e+000	-2.570000e+000	-2.570000e+000	6.442906e-008	-6.442906e-008	-1.168586e-001	1.168586e-001	-5.680635e-010	5.680635e-010	-6.386099e-008	4.544508e-002	-4.544501e-002	4.544501e-002	7.141360e-002	-1.047883e-008	1.047883e-008	5.680637e-010	-5.680635e-010	1.168586e-001
1.000146504920388e-003	-2.957282e-001	1.557284e-001	-5.000000e+000	-4.983008e+000	-1.699156e-002	-2.725728e+000	-2.274272e+000	-2.500000e+000	-2.500000e+000	-2.570000e+000	-2.570000e+000	6.357034e-008	-6.357034e-008	-1.160884e-001	1.160884e-001	-5.643209e-010	5.643209e-010	-6.300603e-008	4.514567e-002	-4.514560e-002	4.514560e-002	7.094310e-002	-3.398311e-007	3.398311e-007	5.643209e-010	-5.643207e-010	1.160887e-001
1.000288032730932e-003	-2.942431e-001	1.542432e-001	-5.000000e+000	-4.966673e+000	-3.332686e-002	-2.724243e+000	-2.275757e+000	-2.500000e+000	-2.500000e+000	-2.570000e+000	-2.570000e+000	6.282856e-008	-6.282856e-008	-1.153243e-001	1.153243e-001	-5.606083e-010	5.606083e-010	-6.226795e-008	4.484866e-002	-4.484860e-002	4.484860e-002	7.047638e-002	-6.665372e-007	6.665372e-007	5.606082e-010	-5.606080e-010	1.153250e-001
1.000429560541475e-003	-2.927700e-001	1.527701e-001	-5.000000e+000	-4.950470e+000	-4.952985e-002	-2.722770e+000	-2.277230e+000	-2.500000e+000	-2.500000e+000	-2.570000e+000	-2.570000e+000	6.220369e-008	-6.220369e-008	-1.145664e-001	1.145664e-001	-5.569258e-010	5.569258e-010	-6.164677e-008	4.455406e-002	-4.455400e-002	4.455400e-002	7.001344e-002	-9.905969e-007	9.905969e-007	5.569256e-010	-5.569255e-010	1.145674e-001
1.000571088352018e-003	-2.913090e-001	1.513091e-001	-5.000000e+000	-4.934399e+000	-6.560052e-002	-2.721309e+000	-2.278691e+000	-2.500000e+000	-2.500000e+000	-2.570000e+000	-2.570000e+000	6.169576e-008	-6.169576e-008	-1.138148e-001	1.138148e-001	-5.532733e-010	5.532734e-010	-6.114249e-008	4.426187e-002	-4.426180e-002	4.426180e-002	6.955427e-002	-1.312010e-006	1.312010e-006	5.532732e-010	-5.532731e-010	1.138161e-001
1.000712616162561e-003	-2.898601e-001	1.498602e-001	-5.000000e+000	-4.918461e+000	-8.153889e-002	-2.719860e+000	-2.280140e+000	-2.500000e+000	-2.500000e+000	-2.570000e+000	-2.570000e+000	6.130475e-008	-6.130475e-008	-1.130693e-001	1.130693e-001	-5.496510e-010	5.496510e-010	-6.075510e-008	4.397208e-002	-4.397201e-002	4.397201e-002	6.909889e-002	-1.630778e-006	1.630778e-006	5.496509e-010	-5.496508e-010	1.130709e-001
1.000854143973104e-003	-2.884232e-001	1.484234e-001	-5.000000e+000	-4.902655e+000	-9.734493e-002	-2.718423e+000	-2.281577e+000	-2.500000e+000	-2.500000e+000	-2.570000e+000	-2.570000e+000	6.103067e-008	-6.103067e-008	-1.123300e-001	1.123300e-001	-5.460587e-010	5.460588e-010	-6.048461e-008	4.368469e-002	-4.368463e-002	4.368463e-002	6.864729e-002	-1.946899e-006	1.946899e-006	5.460587e-010	-5.460586e-010	1.123319e-001
1.000995671783647e-003	-2.869985e-001	1.469986e-001	-5.000000e+000	-4.886981e+000	-1.130187e-001	-2.716999e+000	-2.283001e+000	-2.500000e+000	-2.500000e+000	-2.570000e+000	-2.570000e+000	6.087351e-008	-6.087351e-008	-1.115969e-001	1.115969e-001	-5.424965e-010	5.424965e-010	-6.033101e-008	4.339972e-002	-4.339965e-002	4.339965e-002	6.819947e-002	-2.260373e-006	2.260373e-006	5.424966e-010	-5.424965e-010	1.115991e-001
1.001990251534602e-003	-2.771950e-001	1.371951e-001	-5.000000e+000	-4.779142e+000	-2.208576e-001	-2.707195e+000	-2.292805e+000	-2.500000e+000	-2.500000e+000	-2.570000e+000	-2.570000e+000	5.811982e-008	-5.811982e-008	-1.065529e-001	1.065529e-001	-5.179877e-010	5.179877e-010	-5.760183e-008	4.143900e-002	-4.143894e-002	4.143894e-002	6.511835e-002	-4.417152e-006	4.417152e-006	5.179879e-010	-5.179878e-010	1.065573e-001
1.002990251534602e-003	-2.677302e-001	1.277304e-001	-5.000000e+000	-4.675031e+000	-3.249689e-001	-2.697730e+000	-2.302270e+000	-2.500000e+000	-2.500000e+000	-2.570000e+000	-2.570000e+000	5.546367e-008	-5.546367e-008	-1.016833e-001	1.016833e-001	-4.943259e-010	4.943259e-010	-5.496935e-008	3.954607e-002	-3.954601e-002	3.954601e-002	6.214374e-002	-6.499378e-006	6.499378e-006	4.943262e-010	-4.943259e-010	1.016898e-001
1.003990251534602e-003	-2.586975e-001	1.186976e-001	-5.000000e+000	-4.575671e+000	-4.243285e-001	-2.688698e+000	-2.311302e+000	-2.500000e+000	-2.500000e+000	-2.570000e+000	-2.570000e+000	5.292874e-008	-5.292874e-008	-9.703589e-002	9.703589e-002	-4.717442e-010	4.717442e-010	-5.245700e-008	3.773953e-002	-3.773948e-002	3.773948e-002	5.930490e-002	-8.486570e-006	8.486570e-006	4.717444e-010	-4.717441e-010	9.704438e-002
1.004990251534601e-003	-2.500777e-001	1.100779e-001	-5.000000e+000	-4.480853e+000	-5.191469e-001	-2.680078e+000	-2.319922e+000	-2.500000e+000	-2.500000e+000	-2.570000e+000	-2.570000e+000	5.050967e-008	-5.050967e-008	-9.260093e-002	9.260093e-002	-4.501945e-010	4.501945e-010	-5.005947e-008	3.601556e-002	-3.601551e-002	3.601551e-002	5.659580e-002	-1.038294e-005	1.038294e-005	4.501946e-010	-4.501943e-010	9.261131e-002
1.005990251534601e-003	-2.418518e-001	1.018519e-001	-5.000000e+000	-4.390368e+000	-6.096317e-001	-2.671852e+000	-2.328148e+000	-2.500000e+000	-2.500000e+000	-2.570000e+000	-2.570000e+000	4.820116e-008	-4.820116e-008	-8.836865e-002	8.836865e-002	-4.296297e-010	4.296297e-010	-4.777153e-008	3.437038e-002	-3.437033e-002	3.437033e-002	5.401052e-002	-1.219263e-005	1.219263e-005	4.296299e-010	-4.296294e-010	8.838085e-002
1.006990251534601e-003	-2.340019e-001	9.400201e-002	-5.000000e+000	-4.304019e+000	-6.959810e-001	-2.664002e+000	-2.335998e+000	-2.500000e+000	-2.500000e+000	-2.570000e+000	-2.570000e+000	4.599815e-008	-4.599815e-008	-8.432982e-002	8.432982e-002	-4.100049e-010	4.100049e-010	-4.558814e-008	3.280039e-002	-3.280034e-002	3.280034e-002	5.154340e-002	-1.391962e-005	1.391962e-005	4.100051e-010	-4.100047e-010	8.434375e-002
1.008990251534601e-003	-2.193620e-001	7.936215e-002	-5.000000e+000	-4.142980e+000	-8.570202e-001	-2.649362e+000	-2.350638e+000	-2.500000e+000	-2.500000e+000	-2.570000e+000	-2.570000e+000	4.188960e-008	-4.188960e-008	-7.679749e-002	7.679749e-002	-3.734050e-010	3.734050e-010	-4.151620e-008	2.987240e-002	-2.987236e-002	2.987236e-002	4.694228e-002	-1.714040e-005	1.714040e-005	3.734052e-010	-3.734049e-010	7.681464e-002
1.010990251534601e-003	-2.060297e-001	6.602979e-002	-5.000000e+000	-3.996325e+000	-1.003675e+000	-2.636030e+000	-2.363970e+000	-2.500000e+000	-2.500000e+000	-2.570000e+000	-2.570000e+000	3.814803e-008	-3.814803e-008	-6.993796e-002	6.993796e-002	-3.400742e-010	3.400742e-010	-3.780795e-008	2.720593e-002	-2.720590e-002	2.720590e-002	4.275213e-002	-2.007351e-005	2.007351e-005	3.400744e-010	-3.400741e-010	6.995803e-002
1.012990251534601e-003	-1.938882e-001	5.388832e-002	-5.000000e+000	-3.862769e+000	-1.137231e+000	-2.623888e+000	-2.376112e+000	-2.500000e+000	-2.500000e+000	-2.570000e+000	-2.570000e+000	3.474065e-008	-3.474065e-008	-6.369111e-002	6.369111e-002	-3.097206e-010	3.097206e-010	-3.443093e-008	2.477764e-002	-2.477761e-002	2.477761e-002	3.893625e-002	-2.274463e-005	2.274463e-005	3.097205e-010	-3.097206e-010	6.371385e-002
1.015990251534601e-003	-1.776786e-001	3.767872e-002	-5.000000e+000	-3.684465e+000	-1.315535e+000	-2.607679e+000	-2.392321e+000	-2.500000e+000	-2.500000e+000	-2.570000e+000	-2.570000e+000	3.019164e-008	-3.019164e-008	-5.535127e-002	5.535127e-002	-2.691970e-010	2.691970e-010	-2.992245e-008	2.153575e-002	-2.153572e-002	2.153572e-002	3.384186e-002	-2.631070e-005	2.631070e-005	2.691969e-010	-2.691965e-010	5.537758e-002
1.018990251534600e-003	-1.635916e-001	2.359176e-002	-5.000000e+000	-3.529509e+000	-1.470491e+000	-2.593592e+000	-2.406408e+000	-2.500000e+000	-2.500000e+000	-2.570000e+000	-2.570000e+000	2.623829e-008	-2.623829e-008	-4.810347e-002	4.810347e-002	-2.339796e-010	2.339796e-010	-2.600431e-008	1.871837e-002	-1.871834e-002	1.871834e-002	2.941454e-002	-2.940982e-005	2.940982e-005	2.339801e-010	-2.339797e-010	4.813288e-002
1.021990251534600e-003	-1.513493e-001	1.134944e-002	-5.000000e+000	-3.394843e+000	-1.605157e+000	-2.581349e+000	-2.418651e+000	-2.500000e+000	-2.500000e+000	-2.570000e+000	-2.570000e+000	2.280260e-008	-2.280260e-008	-4.180471e-002	4.180471e-002	-2.033737e-010	2.033737e-010	-2.259923e-008	1.626989e-002	-1.626987e-002	1.626987e-002	2.556694e-002	-3.210314e-005	3.210314e-005	2.033736e-010	-2.033732e-010	4.183681e-002
1.024990251534600e-003	-1.407101e-001	7.102489e-004	-5.000000e+000	-3.277811e+000	-1.722190e+000	-2.570710e+000	-2.429290e+000	-2.500000e+000	-2.500000e+000	-2.570000e+000	-2.570000e+000	1.981678e-008	-1.981678e-008	-3.633072e-002	3.633072e-002	-1.767753e-010	1.767754e-010	-1.964001e-008	1.414203e-002	-1.414201e-002	1.414201e-002	2.222316e-002	-3.444379e-005	3.444379e-005	1.767754e-010	-1.767750e-010	3.636516e-002
1.027990251534600e-003	-1.314638e-001	-8.536100e-003	-5.000000e+000	-3.176103e+000	-1.823898e+000	-2.561464e+000	-2.438536e+000	-2.500000e+000	-2.500000e+000	-2.570000e+000	-2.570000e+000	1.722194e-008	-1.722194e-008	-3.157350e-002	3.157350e-002	-1.536599e-010	1.536599e-010	-1.706828e-008	1.229279e-002	-1.229277e-002	1.229277e-002	1.931721e-002	-3.647795e-005	3.647795e-005	1.536599e-010	-1.536599e-010	3.160998e-002
1.030990251534599e-003	-1.234283e-001	-1.657152e-002	-5.000000e+000	-3.087712e+000	-1.912288e+000	-2.553428e+000	-2.446572e+000	-2.500000e+000	-2.500000e+000	-2.570000e+000	-2.570000e+000	1.496686e-008	-1.496686e-008	-2.743921e-002	2.743921e-002	-1.335712e-010	1.335712e-010	-1.483329e-008	1.068569e-002	-1.068568e-002	1.068568e-002	1.679178e-002	-3.824575e-005	3.824575e-005	1.335714e-010	-1.335710e-010	2.747746e-002
1.033990251534599e-003	-1.164451e-001	-2.355480e-002	-5.000000e+000	-3.010896e+000	-1.989104e+000	-2.546445e+000	-2.453555e+000	-2.500000e+000	-2.500000e+000	-2.570000e+000	-2.570000e+000	1.300707e-008	-1.300707e-008	-2.384627e-002	2.384627e-002	-1.161129e-010	1.161129e-010	-1.289096e-008	9.289031e-003	-9.289019e-003	9.289019e-003	1.459703e-002	-3.978208e-005	3.978208e-005	1.161128e-010	-1.161124e-010	2.388605e-002
1.036990251534599e-003	-1.103761e-001	-2.962375e-002	-5.000000e+000	-2.944138e+000	-2.055862e+000	-2.540376e+000	-2.459624e+000	-2.500000e+000	-2.500000e+000	-2.570000e+000	-2.570000e+000	1.130390e-008	-1.130390e-008	-2.072379e-002	2.072379e-002	-1.009407e-010	1.009407e-010	-1.120296e-008	8.075252e-003	-8.075241e-003	8.075241e-003	1.268967e-002	-4.111723e-005	4.111723e-005	1.009408e-010	-1.009406e-010	2.076491e-002
1.039990251534599e-003	-1.051018e-001	-3.489804e-002	-5.000000e+000	-2.886122e+000	-2.113878e+000	-2.535102e+000	-2.464898e+000	-2.500000e+000	-2.500000e+000	-2.570000e+000	-2.570000e+000	9.823747e-009	-9.823747e-009	-1.801018e-002	1.801018e-002	-8.775511e-011	8.775512e-011	-9.735992e-009	7.020408e-003	-7.020399e-003	7.020399e-003	1.103206e-002	-4.227756e-005	4.227756e-005	8.775504e-011	-8.775509e-011	1.805246e-002
1.042990251534598e-003	-1.005185e-001	-3.948140e-002	-5.000000e+000	-2.835702e+000	-2.164298e+000	-2.530519e+000	-2.469481e+000	-2.500000e+000	-2.500000e+000	-2.570000e+000	-2.570000e+000	8.537408e-009	-8.537408e-009	-1.565189e-002	1.565189e-002	-7.629609e-011	7.629612e-011	-8.461111e-009	6.103687e-003	-6.103679e-003	6.103679e-003	9.591497e-003	-4.328595e-005	4.328595e-005	7.629634e-011	-7.629618e-011	1.569518e-002
1.045990251534598e-003	-9.653497e-002	-4.346490e-002	-5.000000e+000	-2.791885e+000	-2.208115e+000	-2.526535e+000	-2.473465e+000	-2.500000e+000	-2.500000e+000	-2.570000e+000	-2.570000e+000	7.419502e-009	-7.419502e-009	-1.360240e-002	1.360240e-002	-6.633755e-011	6.633757e-011	-7.353164e-009	5.307004e-003	-5.306997e-003	5.306997e-003	8.339567e-003	-4.416231e-005	4.416231e-005	6.633771e-011	-6.633755e-011	1.364656e-002
1.048990251534598e-003	-9.307313e-002	-4.692674e-002	-5.000000e+000	-2.753805e+000	-2.246195e+000	-2.523073e+000	-2.476927e+000	-2.500000e+000	-2.500000e+000	-2.570000e+000	-2.570000e+000	6.447980e-009	-6.447977e-009	-1.182128e-002	1.182128e-002	-5.768299e-011	5.768301e-011	-6.390295e-009	4.614640e-003	-4.614634e-003	4.614634e-003	7.251568e-003	-4.492390e-005	4.492390e-005	5.768297e-011	-5.768247e-011	1.186620e-002
1.051990251534597e-003	-9.006453e-002	-4.993534e-002	-5.000000e+000	-2.720711e+000	-2.279289e+000	-2.520065e+000	-2.479935e+000	-2.500000e+000	-2.500000e+000	-2.570000e+000	-2.570000e+000	5.603669e-009	-5.603667e-009	-1.027338e-002	1.027338e-002	-5.016168e-011	5.016170e-011	-5.553506e-009	4.012935e-003	-4.012929e-003	4.012929e-003	6.306033e-003	-4.558578e-005	4.558578e-005	5.016201e-011	-5.016206e-011	1.031896e-002
1.054990251534597e-003	-8.745003e-002	-5.254984e-002	-5.000000e+000	-2.691951e+000	-2.308049e+000	-2.517450e+000	-2.482550e+000	-2.500000e+000	-2.500000e+000	-2.570000e+000	-2.570000e+000	4.869913e-009	-4.869913e-009	-8.928161e-003	8.928161e-003	-4.362523e-011	4.362525e-011	-4.826287e-009	3.490019e-003	-3.490014e-003	3.490014e-003	5.484308e-003	-4.616099e-005	4.616099e-005	4.362502e-011	-4.362507e-011	8.974321e-003
1.057990251534597e-003	-8.517790e-002	-5.482197e-002	-5.000000e+000	-2.666956e+000	-2.333044e+000	-2.515178e+000	-2.484822e+000	-2.500000e+000	-2.500000e+000	-2.570000e+000	-2.570000e+000	4.232237e-009	-4.232237e-009	-7.759090e-003	7.759090e-003	-3.794467e-011	3.794469e-011	-4.194292e-009	3.035574e-003	-3.035570e-003	3.035570e-003	4.770182e-003	-4.666087e-005	4.666087e-005	3.794472e-011	-3.794455e-011	7.805751e-003
1.060990251534597e-003	-8.320308e-002	-5.679679e-002	-5.000000e+000	-2.645235e+000	-2.354765e+000	-2.513203e+000	-2.486797e+000	-2.500000e+000	-2.500000e+000	-2.570000e+000	-2.570000e+000	3.678061e-009	-3.678061e-009	-6.743100e-003	6.743100e-003	-3.300793e-011	3.300795e-011	-3.645051e-009	2.640635e-003	-2.640631e-003	2.640631e-003	4.149564e-003	-4.709531e-005	4.709531e-005	3.300802e-011	-3.300774e-011	6.790195e-003
1.063990251534596e-003	-8.148694e-002	-5.851293e-002	-5.000000e+000	-2.626358e+000	-2.373642e+000	-2.511487e+000	-2.488513e+000	-2.500000e+000	-2.500000e+000	-2.570000e+000	-2.570000e+000	3.196448e-009	-3.196448e-009	-5.860145e-003	5.860145e-003	-2.871762e-011	2.871764e-011	-3.167729e-009	2.297410e-003	-2.297407e-003	2.297407e-003	3.610211e-003	-4.747285e-005	4.747285e-005	2.871771e-011	-2.871732e-011	5.907618e-003
1.066990251534596e-003	-7.999539e-002	-6.000447e-002	-5.000000e+000	-2.609952e+000	-2.390048e+000	-2.509995e+000	-2.490005e+000	-2.500000e+000	-2.500000e+000	-2.570000e+000	-2.570000e+000	2.777899e-009	-2.777899e-009	-5.092807e-003	5.092807e-003	-2.498909e-011	2.498911e-011	-2.752909e-009	1.999128e-003	-1.999125e-003	1.999125e-003	3.141483e-003	-4.780096e-005	4.780096e-005	2.498914e-011	-2.498908e-011	5.140608e-003
1.069990251534596e-003	-7.869935e-002	-6.130052e-002	-5.000000e+000	-2.595695e+000	-2.404305e+000	-2.508699e+000	-2.491301e+000	-2.500000e+000	-2.500000e+000	-2.570000e+000	-2.570000e+000	2.414155e-009	-2.414155e-009	-4.425945e-003	4.425945e-003	-2.174878e-011	2.174881e-011	-2.392407e-009	1.739903e-003	-1.739901e-003	1.739901e-003	2.734130e-003	-4.808611e-005	4.808611e-005	2.174881e-011	-2.174864e-011	4.474031e-003
1.072990251534596e-003	-7.757306e-002	-6.242681e-002	-5.000000e+000	-2.583304e+000	-2.416696e+000	-2.507573e+000	-2.492427e+000	-2.500000e+000	-2.500000e+000	-2.570000e+000	-2.570000e+000	2.098042e-009	-2.098042e-009	-3.846403e-003	3.846403e-003	-1.893276e-011	1.893279e-011	-2.079108e-009	1.514622e-003	-1.514620e-003	1.514620e-003	2.380117e-003	-4.833392e-005	4.833392e-005	1.893301e-011	-1.893273e-011	3.894737e-003
1.075990251534595e-003	-7.659411e-002	-6.340575e-002	-5.000000e+000	-2.572536e+000	-2.427464e+000	-2.506594e+000	-2.493406e+000	-2.500000e+000	-2.500000e+000	-2.570000e+000	-2.570000e+000	1.823320e-009	-1.823320e-009	-3.342748e-003	3.342748e-003	-1.648548e-011	1.648551e-011	-1.806834e-009	1.318839e-003	-1.318838e-003	1.318838e-003	2.072460e-003	-4.854928e-005	4.854928e-005	1.648538e-011	-1.648521e-011	3.391297e-003
1.078990251534595e-003	-7.574344e-002	-6.425643e-002	-5.000000e+000	-2.563178e+000	-2.436822e+000	-2.505744e+000	-2.494256e+000	-2.500000e+000	-2.500000e+000	-2.570000e+000	-2.570000e+000	1.584572e-009	-1.584569e-009	-2.905042e-003	2.905042e-003	-1.435865e-011	1.435868e-011	-1.570212e-009	1.148693e-003	-1.148692e-003	1.148692e-003	1.805087e-003	-4.873644e-005	4.873644e-005	1.435872e-011	-1.435855e-011	2.953778e-003
1.081990251534595e-003	-7.500410e-002	-6.499577e-002	-5.000000e+000	-2.555045e+000	-2.444955e+000	-2.505004e+000	-2.494996e+000	-2.500000e+000	-2.500000e+000	-2.570000e+000	-2.570000e+000	1.377083e-009	-1.377083e-009	-2.524650e-003	2.524650e-003	-1.251031e-011	1.251034e-011	-1.364573e-009	1.000826e-003	-1.000825e-003	1.000825e-003	1.572725e-003	-4.889909e-005	4.889909e-005	1.251011e-011	-1.251005e-011	2.573549e-003
1.084990251534595e-003	-7.436156e-002	-6.563830e-002	-5.000000e+000	-2.547978e+000	-2.452022e+000	-2.504362e+000	-2.495638e+000	-2.500000e+000	-2.500000e+000	-2.570000e+000	-2.570000e+000	1.196766e-009	-1.196766e-009	-2.194068e-003	2.194068e-003	-1.090400e-011	1.090403e-011	-1.185862e-009	8.723209e-004	-8.723197e-004	8.723197e-004	1.370788e-003	-4.904045e-005	4.904045e-005	1.090375e-011	-1.090369e-011	2.243108e-003
1.087990251534594e-003	-7.380319e-002	-6.619668e-002	-5.000000e+000	-2.541835e+000	-2.458165e+000	-2.503803e+000	-2.496197e+000	-2.500000e+000	-2.500000e+000	-2.570000e+000	-2.570000e+000	1.040059e-009	-1.040059e-009	-1.906772e-003	1.906772e-003	-9.508018e-012	9.508048e-012	-1.030551e-009	7.606426e-004	-7.606415e-004	7.606415e-004	1.195294e-003	-4.916329e-005	4.916329e-005	9.508084e-012	-9.507802e-012	1.955935e-003
1.090990251534594e-003	-7.331777e-002	-6.668210e-002	-5.000000e+000	-2.536497e+000	-2.463503e+000	-2.503318e+000	-2.496682e+000	-2.500000e+000	-2.500000e+000	-2.570000e+000	-2.570000e+000	9.038716e-010	-9.038716e-010	-1.657096e-003	1.657096e-003	-8.294830e-012	8.294861e-012	-8.955761e-010	6.635875e-004	-6.635867e-004	6.635867e-004	1.042779e-003	-4.927006e-005	4.927006e-005	8.295115e-012	-8.295054e-012	1.706366e-003
1.093990251534594e-003	-7.289624e-002	-6.710362e-002	-5.000000e+000	-2.531858e+000	-2.468142e+000	-2.502896e+000	-2.497104e+000	-2.500000e+000	-2.500000e+000	-2.570000e+000	-2.570000e+000	7.855183e-010	-7.855174e-010	-1.440112e-003	1.440112e-003	-7.240499e-012	7.240531e-012	-7.782752e-010	5.792411e-004	-5.792403e-004	5.792403e-004	9.102349e-004	-4.936283e-005	4.936283e-005	7.240694e-012	-7.240745e-012	1.489475e-003
1.096990251534594e-003	-7.252955e-002	-6.747031e-002	-5.000000e+000	-2.527827e+000	-2.472173e+000	-2.502530e+000	-2.497470e+000	-2.500000e+000	-2.500000e+000	-2.570000e+000	-2.570000e+000	6.826602e-010	-6.826602e-010	-1.251541e-003	1.251541e-003	-6.324224e-012	6.324257e-012	-6.763354e-010	5.059392e-004	-5.059385e-004	5.059385e-004	7.950463e-004	-4.944347e-005	4.944347e-005	6.324207e-012	-6.324036e-012	1.300985e-003
1.099990251534593e-003	-7.221103e-002	-6.778884e-002	-5.000000e+000	-2.524323e+000	-2.475677e+000	-2.502211e+000	-2.497789e+000	-2.500000e+000	-2.500000e+000	-2.570000e+000	-2.570000e+000	5.932703e-010	-5.932703e-010	-1.087662e-003	1.087662e-003	-5.527928e-012	5.527962e-012	-5.877432e-010	4.422356e-004	-4.422350e-004	4.422350e-004	6.949407e-004	-4.951354e-005	4.951354e-005	5.527895e-012	-5.527945e-012	1.137176e-003
1.102990251534593e-003	-7.193422e-002	-6.806564e-002	-5.000000e+000	-2.521278e+000	-2.478722e+000	-2.501934e+000	-2.498066e+000	-2.500000e+000	-2.500000e+000	-2.570000e+000	-2.570000e+000	5.155885e-010	-5.155867e-010	-9.452415e-004	9.452415e-004	-4.835901e-012	4.835935e-012	-5.107506e-010	3.868734e-004	-3.868729e-004	3.868729e-004	6.079432e-004	-4.957444e-005	4.957444e-005	4.835928e-012	-4.835868e-012	9.948160e-004
1.105990251534593e-003	-7.169366e-002	-6.830621e-002	-5.000000e+000	-2.518632e+000	-2.481368e+000	-2.501694e+000	-2.498306e+000	-2.500000e+000	-2.500000e+000	-2.570000e+000	-2.570000e+000	4.480754e-010	-4.480754e-010	-8.214698e-004	8.214698e-004	-4.234488e-012	4.234523e-012	-4.438414e-010	3.387604e-004	-3.387600e-004	3.387600e-004	5.323372e-004	-4.962736e-005	4.962736e-005	4.234466e-012	-4.234184e-012	8.710972e-004
1.108990251534593e-003	-7.148480e-002	-6.851506e-002	-5.000000e+000	-2.516332e+000	-2.483668e+000	-2.501485e+000	-2.498515e+000	-2.500000e+000	-2.500000e+000	-2.570000e+000	-2.570000e+000	3.894032e-010	-3.894032e-010	-7.139050e-004	7.139050e-004	-3.711826e-012	3.711862e-012	-3.856924e-010	2.969475e-004	-2.969471e-004	2.969471e-004	4.666312e-004	-4.967336e-005	4.967336e-005	3.711753e-012	-3.711581e-012	7.635783e-004
1.111990251534592e-003	-7.130289e-002	-6.869698e-002	-5.000000e+000	-2.514333e+000	-2.485667e+000	-2.501303e+000	-2.498697e+000	-2.500000e+000	-2.500000e+000	-2.570000e+000	-2.570000e+000	3.384137e-010	-3.384137e-010	-6.204249e-004	6.204249e-004	-3.257602e-012	3.257639e-012	-3.351550e-010	2.606096e-004	-2.606093e-004	2.606093e-004	4.095289e-004	-4.971333e-005	4.971333e-005	3.257664e-012	-3.257382e-012	6.701382e-004
1.114990251534592e-003	-7.114506e-002	-6.885481e-002	-5.000000e+000	-2.512597e+000	-2.487403e+000	-2.501145e+000	-2.498855e+000	-2.500000e+000	-2.500000e+000	-2.570000e+000	-2.570000e+000	2.941025e-010	-2.941016e-010	-5.391852e-004	5.391852e-004	-2.862855e-012	2.862893e-012	-2.912373e-010	2.290299e-004	-2.290296e-004	2.290296e-004	3.599037e-004	-4.974807e-005	4.974807e-005	2.863225e-012	-2.862943e-012	5.889333e-004
1.117990251534592e-003	-7.100797e-002	-6.899190e-002	-5.000000e+000	-2.511087e+000	-2.488913e+000	-2.501008e+000	-2.498992e+000	-2.500000e+000	-2.500000e+000	-2.570000e+000	-2.570000e+000	2.555911e-010	-2.555911e-010	-4.685833e-004	4.685833e-004	-2.519797e-012	2.519836e-012	-2.530713e-010	2.015853e-004	-2.015850e-004	2.015850e-004	3.167765e-004	-4.977826e-005	4.977826e-005	2.520164e-012	-2.519882e-012	5.183616e-004
1.120990251534592e-003	-7.088876e-002	-6.911111e-002	-5.000000e+000	-2.509775e+000	-2.490225e+000	-2.500889e+000	-2.499111e+000	-2.500000e+000	-2.500000e+000	-2.570000e+000	-2.570000e+000	2.221245e-010	-2.221237e-010	-4.072261e-004	4.072261e-004	-2.221659e-012	2.221699e-012	-2.199023e-010	1.777343e-004	-1.777341e-004	1.777341e-004	2.792965e-004	-4.980449e-005	4.980449e-005	2.221468e-012	-2.221297e-012	4.570306e-004
1.123990251534591e-003	-7.078505e-002	-6.921482e-002	-5.000000e+000	-2.508635e+000	-2.491365e+000	-2.500785e+000	-2.499215e+000	-2.500000e+000	-2.500000e+000	-2.570000e+000	-2.570000e+000	1.930376e-010	-1.930376e-010	-3.539031e-004	3.539031e-004	-1.962561e-012	1.962601e-012	-1.910765e-010	1.570065e-004	-1.570063e-004	1.570063e-004	2.467242e-004	-4.982729e-005	4.982729e-005	1.962516e-012	-1.962567e-012	4.037304e-004
1.126990251534591e-003	-7.069492e-002	-6.930494e-002	-5.000000e+000	-2.507645e+000	-2.492355e+000	-2.500695e+000	-2.499305e+000	-2.500000e+000	-2.500000e+000	-2.570000e+000	-2.570000e+000	1.677618e-010	-1.677609e-010	-3.075624e-004	3.075624e-004	-1.737389e-012	1.737430e-012	-1.660254e-010	1.389927e-004	-1.389926e-004	1.389926e-004	2.184169e-004	-4.984711e-005	4.984711e-005	1.737438e-012	-1.737045e-012	3.574095e-004
1.129990251534591e-003	-7.061648e-002	-6.938338e-002	-5.000000e+000	-2.506783e+000	-2.493217e+000	-2.500617e+000	-2.499383e+000	-2.500000e+000	-2.500000e+000	-2.570000e+000	-2.570000e+000	1.457945e-010	-1.457945e-010	-2.672896e-004	2.672896e-004	-1.541701e-012	1.541743e-012	-1.442526e-010	1.233378e-004	-1.233376e-004	1.233376e-004	1.938163e-004	-4.986433e-005	4.986433e-005	1.541702e-012	-1.541530e-012	3.171539e-004
1.132990251534591e-003	-7.054853e-002	-6.945133e-002	-5.000000e+000	-2.506035e+000	-2.493965e+000	-2.500549e+000	-2.499451e+000	-2.500000e+000	-2.500000e+000	-2.570000e+000	-2.570000e+000	1.267058e-010	-1.267031e-010	-2.322902e-004	2.322902e-004	-1.371637e-012	1.371680e-012	-1.253326e-010	1.097327e-004	-1.097326e-004	1.097326e-004	1.724369e-004	-4.987929e-005	4.987929e-005	1.371701e-012	-1.371308e-012	2.821695e-004
1.135990251534590e-003	-7.048941e-002	-6.951046e-002	-5.000000e+000	-2.505385e+000	-2.494615e+000	-2.500489e+000	-2.499511e+000	-2.500000e+000	-2.500000e+000	-2.570000e+000	-2.570000e+000	1.101137e-010	-1.101119e-010	-2.018736e-004	2.018736e-004	-1.223842e-012	1.223885e-012	-1.088898e-010	9.790908e-005	-9.790897e-005	9.790897e-005	1.538570e-004	-4.989230e-005	4.989230e-005	1.224108e-012	-1.224048e-012	2.517659e-004
1.138990251534590e-003	-7.043815e-002	-6.956172e-002	-5.000000e+000	-2.504820e+000	-2.495180e+000	-2.500438e+000	-2.499562e+000	-2.500000e+000	-2.500000e+000	-2.570000e+000	-2.570000e+000	9.569501e-011	-9.569501e-011	-1.754399e-004	1.754399e-004	-1.095399e-012	1.095443e-012	-9.459988e-011	8.763368e-005	-8.763358e-005	8.763358e-005	1.377099e-004	-4.990360e-005	4.990360e-005	1.095754e-012	-1.095471e-012	2.253435e-004
1.141990251534590e-003	-7.039356e-002	-6.960630e-002	-5.000000e+000	-2.504329e+000	-2.495671e+000	-2.500394e+000	-2.499606e+000	-2.500000e+000	-2.500000e+000	-2.570000e+000	-2.570000e+000	8.316459e-011	-8.316281e-011	-1.524675e-004	1.524675e-004	-9.837745e-013	9.838198e-013	-8.217960e-011	7.870376e-005	-7.870368e-005	7.870368e-005	1.236772e-004	-4.991343e-005	4.991343e-005	9.837585e-013	-9.835871e-013	2.023809e-004
1.144990251534590e-003	-7.035470e-002	-6.964517e-002	-5.000000e+000	-2.503902e+000	-2.496098e+000	-2.500355e+000	-2.499645e+000	-2.500000e+000	-2.500000e+000	-2.570000e+000	-2.570000e+000	7.227374e-011	-7.227374e-011	-1.325031e-004	1.325031e-004	-8.867664e-013	8.868124e-013	-7.138823e-011	7.094314e-005	-7.094308e-005	7.094308e-005	1.114820e-004	-4.992196e-005	4.992196e-005	8.868122e-013	-8.866409e-013	1.824251e-004
1.147990251534589e-003	-7.032084e-002	-6.967902e-002	-5.000000e+000	-2.503531e+000	-2.496469e+000	-2.500321e+000	-2.499679e+000	-2.500000e+000	-2.500000e+000	-2.570000e+000	-2.570000e+000	6.281109e-011	-6.280931e-011	-1.151529e-004	1.151529e-004	-8.024606e-013	8.025075e-013	-6.200729e-011	6.419871e-005	-6.419866e-005	6.419866e-005	1.008836e-004	-4.992938e-005	4.992938e-005	8.025606e-013	-8.023892e-013	1.650823e-004
1.150990251534589e-003	-7.029152e-002	-6.970835e-002	-5.000000e+000	-2.503209e+000	-2.496791e+000	-2.500292e+000	-2.499708e+000	-2.500000e+000	-2.500000e+000	-2.570000e+000	-2.570000e+000	5.458745e-011	-5.458478e-011	-1.000745e-004	1.000745e-004	-7.291939e-013	7.292416e-013	-5.385647e-011	5.833742e-005	-5.833736e-005	5.833736e-005	9.167301e-005	-4.993583e-005	4.993583e-005	7.292163e-013	-7.293780e-013	1.500104e-004
1.153990251534589e-003	-7.026601e-002	-6.973386e-002	-5.000000e+000	-2.502928e+000	-2.497072e+000	-2.500266e+000	-2.499734e+000	-2.500000e+000	-2.500000e+000	-2.570000e+000	-2.570000e+000	4.743761e-011	-4.743761e-011	-8.697059e-005	8.697059e-005	-6.655209e-013	6.655694e-013	-4.677236e-011	5.324361e-005	-5.324356e-005	5.324356e-005	8.366846e-005	-4.994143e-005	4.994143e-005	6.656416e-013	-6.653591e-013	1.369120e-004
1.156990251534589e-003	-7.024407e-002	-6.975579e-002	-5.000000e+000	-2.502685e+000	-2.497315e+000	-2.500244e+000	-2.499756e+000	-2.500000e+000	-2.500000e+000	-2.570000e+000	-2.570000e+000	4.122747e-011	-4.122747e-011	-7.558249e-005	7.558249e-005	-6.101853e-013	6.102346e-013	-4.061640e-011	4.881679e-005	-4.881675e-005	4.881675e-005	7.671204e-005	-4.994630e-005	4.994630e-005	6.104560e-013	-6.100625e-013	1.255288e-004
1.159990251534588e-003	-7.022500e-002	-6.977487e-002	-5.000000e+000	-2.502473e+000	-2.497527e+000	-2.500225e+000	-2.499775e+000	-2.500000e+000	-2.500000e+000	-2.570000e+000	-2.570000e+000	3.582912e-011	-3.582734e-011	-6.568558e-005	6.568558e-005	-5.620953e-013	5.621455e-013	-3.526601e-011	4.496963e-005	-4.496959e-005	4.496959e-005	7.066652e-005	-4.995053e-005	4.995053e-005	5.623169e-013	-5.621454e-013	1.156361e-004
1.162990251534588e-003	-7.020807e-002	-6.979179e-002	-5.000000e+000	-2.502290e+000	-2.497710e+000	-2.500208e+000	-2.499792e+000	-2.500000e+000	-2.500000e+000	-2.570000e+000	-2.570000e+000	3.113776e-011	-3.113776e-011	-5.708458e-005	5.708458e-005	-5.203023e-013	5.203533e-013	-3.061729e-011	4.162623e-005	-4.162619e-005	4.162619e-005	6.541260e-005	-4.995421e-005	4.995421e-005	5.202763e-013	-5.199937e-013	1.070388e-004
1.165990251534588e-003	-7.019353e-002	-6.980634e-002	-5.000000e+000	-2.502130e+000	-2.497870e+000	-2.500194e+000	-2.499806e+000	-2.500000e+000	-2.500000e+000	-2.570000e+000	-2.570000e+000	2.706013e-011	-2.706013e-011	-4.960981e-005	4.960981e-005	-4.839818e-013	4.840336e-013	-2.657696e-011	3.872061e-005	-3.872059e-005	3.872059e-005	6.084664e-005	-4.995741e-005	4.995741e-005	4.837004e-013	-4.837509e-013	9.956722e-005
1.168990251534588e-003	-7.018089e-002	-6.981897e-002	-5.000000e+000	-2.501991e+000	-2.498009e+000	-2.500181e+000	-2.499819e+000	-2.500000e+000	-2.500000e+000	-2.570000e+000	-2.570000e+000	2.351630e-011	-2.351630e-011	-4.311381e-005	4.311381e-005	-4.524170e-013	4.524697e-013	-2.306422e-011	3.619547e-005	-3.619544e-005	3.619544e-005	5.687855e-005	-4.996018e-005	4.996018e-005	4.525267e-013	-4.525773e-013	9.307400e-005
1.171990251534587e-003	-7.016993e-002	-6.982994e-002	-5.000000e+000	-2.501870e+000	-2.498130e+000	-2.500170e+000	-2.499830e+000	-2.500000e+000	-2.500000e+000	-2.570000e+000	-2.570000e+000	2.043787e-011	-2.043787e-011	-3.746841e-005	3.746841e-005	-4.249854e-013	4.250388e-013	-2.001244e-011	3.400096e-005	-3.400094e-005	3.400094e-005	5.343006e-005	-4.996260e-005	4.996260e-005	4.250678e-013	-4.246742e-013	8.743101e-005
1.174990251534587e-003	-7.016039e-002	-6.983948e-002	-5.000000e+000	-2.501765e+000	-2.498235e+000	-2.500160e+000	-2.499840e+000	-2.500000e+000	-2.500000e+000	-2.570000e+000	-2.570000e+000	1.776179e-011	-1.776090e-011	-3.256222e-005	3.256222e-005	-4.011456e-013	4.011999e-013	-1.735945e-011	3.209382e-005	-3.209380e-005	3.209380e-005	5.043312e-005	-4.996470e-005	4.996470e-005	4.011397e-013	-4.008572e-013	8.252692e-005
1.177990251534587e-003	-7.015204e-002	-6.984782e-002	-5.000000e+000	-2.501674e+000	-2.498326e+000	-2.500152e+000	-2.499848e+000	-2.500000e+000	-2.500000e+000	-2.570000e+000	-2.570000e+000	1.543476e-011	-1.543476e-011	-2.829846e-005	2.829846e-005	-3.804274e-013	3.804825e-013	-1.505462e-011	3.043640e-005	-3.043638e-005	3.043638e-005	4.782860e-005	-4.996652e-005	4.996652e-005	3.805783e-013	-3.802957e-013	7.826498e-005
1.180990251534587e-003	-7.014489e-002	-6.985497e-002	-5.000000e+000	-2.501595e+000	-2.498405e+000	-2.500145e+000	-2.499855e+000	-2.500000e+000	-2.500000e+000	-2.570000e+000	-2.570000e+000	1.341505e-011	-1.341505e-011	-2.459301e-005	2.459301e-005	-3.624221e-013	3.624780e-013	-1.305267e-011	2.899600e-005	-2.899599e-005	2.899599e-005	4.556512e-005	-4.996810e-005	4.996810e-005	3.622599e-013	-3.621994e-013	7.456111e-005
1.183990251534586e-003	-7.013869e-002	-6.986117e-002	-5.000000e+000	-2.501526e+000	-2.498474e+000	-2.500139e+000	-2.499861e+000	-2.500000e+000	-2.500000e+000	-2.570000e+000	-2.570000e+000	1.165823e-011	-1.165734e-011	-2.137275e-005	2.137275e-005	-3.467743e-013	3.468310e-013	-1.131095e-011	2.774421e-005	-2.774420e-005	2.774420e-005	4.359803e-005	-4.996948e-005	4.996948e-005	3.467274e-013	-3.464449e-013	7.134223e-005
1.186990251534586e-003	-7.013321e-002	-6.986666e-002	-5.000000e+000	-2.501466e+000	-2.498534e+000	-2.500133e+000	-2.499867e+000	-2.500000e+000	-2.500000e+000	-2.570000e+000	-2.570000e+000	1.013145e-011	-1.013145e-011	-1.857416e-005	1.857416e-005	-3.331755e-013	3.332330e-013	-9.797496e-012	2.665634e-005	-2.665633e-005	2.665633e-005	4.188851e-005	-4.997068e-005	4.997068e-005	3.331923e-013	-3.333538e-013	6.854484e-005
1.189990251534586e-003	-7.012844e-002	-6.987143e-002	-5.000000e+000	-2.501414e+000	-2.498586e+000	-2.500129e+000	-2.499871e+000	-2.500000e+000	-2.500000e+000	-2.570000e+000	-2.570000e+000	8.805401e-012	-8.805401e-012	-1.614202e-005	1.614202e-005	-3.213572e-013	3.214155e-013	-8.482992e-012	2.571091e-005	-2.571090e-005	2.571090e-005	4.040284e-005	-4.997172e-005	4.997172e-005	3.213470e-013	-3.211755e-013	6.611375e-005
1.192990251534586e-003	-7.012439e-002	-6.987548e-002	-5.000000e+000	-2.501369e+000	-2.498631e+000	-2.500124e+000	-2.499876e+000	-2.500000e+000	-2.500000e+000	-2.570000e+000	-2.570000e+000	7.651657e-012	-7.650769e-012	-1.402836e-005	1.402836e-005	-3.110864e-013	3.111455e-013	-7.341683e-012	2.488928e-005	-2.488927e-005	2.488927e-005	3.911171e-005	-4.997262e-005	4.997262e-005	3.112364e-013	-3.111759e-013	6.400098e-005
1.195990251534585e-003	-7.012081e-002	-6.987906e-002	-5.000000e+000	-2.501330e+000	-2.498670e+000	-2.500121e+000	-2.499879e+000	-2.500000e+000	-2.500000e+000	-2.570000e+000	-2.570000e+000	6.648904e-012	-6.648904e-012	-1.219146e-005	1.219146e-005	-3.021604e-013	3.022204e-013	-6.346923e-012	2.417523e-005	-2.417522e-005	2.417522e-005	3.798964e-005	-4.997341e-005	4.997341e-005	3.020231e-013	-3.020736e-013	6.216487e-005
1.198990251534585e-003	-7.011771e-002	-6.988215e-002	-5.000000e+000	-2.501296e+000	-2.498704e+000	-2.500118e+000	-2.499882e+000	-2.500000e+000	-2.500000e+000	-2.570000e+000	-2.570000e+000	5.780265e-012	-5.779377e-012	-1.059508e-005	1.059508e-005	-2.944032e-013	2.944639e-013	-5.485390e-012	2.355468e-005	-2.355468e-005	2.355468e-005	3.701450e-005	-4.997409e-005	4.997409e-005	2.943004e-013	-2.942399e-013	6.056917e-005
1.201990251534585e-003	-7.011485e-002	-6.988502e-002	-5.000000e+000	-2.501266e+000	-2.498734e+000	-2.500115e+000	-2.499885e+000	-2.500000e+000	-2.500000e+000	-2.570000e+000	-2.570000e+000	5.022649e-012	-5.021761e-012	-9.207744e-006	9.207744e-006	-2.876617e-013	2.877232e-013	-4.734879e-012	2.301539e-005	-2.301539e-005	2.301539e-005	3.616704e-005	-4.997468e-005	4.997468e-005	2.875621e-013	-2.873905e-013	5.918243e-005
1.204990251534585e-003	-7.011271e-002	-6.988716e-002	-5.000000e+000	-2.501240e+000	-2.498760e+000	-2.500113e+000	-2.499887e+000	-2.500000e+000	-2.500000e+000	-2.570000e+000	-2.570000e+000	4.364509e-012	-4.364509e-012	-8.002064e-006	8.002064e-006	-2.818028e-013	2.818651e-013	-4.082956e-012	2.254672e-005	-2.254671e-005	2.254671e-005	3.543055e-005	-4.997520e-005	4.997520e-005	2.820380e-013	-2.817553e-013	5.797726e-005
1.207990251534584e-003	-7.011056e-002	-6.988931e-002	-5.000000e+000	-2.501218e+000	-2.498782e+000	-2.500111e+000	-2.499889e+000	-2.500000e+000	-2.500000e+000	-2.570000e+000	-2.570000e+000	3.793410e-012	-3.793410e-012	-6.954258e-006	6.954258e-006	-2.767111e-013	2.767742e-013	-3.516298e-012	2.213941e-005	-2.213941e-005	2.213941e-005	3.479050e-005	-4.997565e-005	4.997565e-005	2.768560e-013	-2.766843e-013	5.692990e-005
1.210990251534584e-003	-7.010889e-002	-6.989098e-002	-5.000000e+000	-2.501198e+000	-2.498802e+000	-2.500109e+000	-2.499891e+000	-2.500000e+000	-2.500000e+000	-2.570000e+000	-2.570000e+000	3.296030e-012	-3.296030e-012	-6.043654e-006	6.043654e-006	-2.722860e-013	2.723500e-013	-3.024248e-012	2.178544e-005	-2.178544e-005	2.178544e-005	3.423425e-005	-4.997604e-005	4.997604e-005	2.726610e-013	-2.723783e-013	5.601969e-005
1.213990251534584e-003	-7.010722e-002	-6.989264e-002	-5.000000e+000	-2.501181e+000	-2.498819e+000	-2.500107e+000	-2.499893e+000	-2.500000e+000	-2.500000e+000	-2.570000e+000	-2.570000e+000	2.865264e-012	-2.865264e-012	-5.252287e-006	5.252287e-006	-2.684403e-013	2.685051e-013	-2.596146e-012	2.147782e-005	-2.147781e-005	2.147781e-005	3.375085e-005	-4.997638e-005	4.997638e-005	2.684709e-013	-2.682992e-013	5.522866e-005
1.216990251534584e-003	-7.010603e-002	-6.989384e-002	-5.000000e+000	-2.501167e+000	-2.498833e+000	-2.500106e+000	-2.499894e+000	-2.500000e+000	-2.500000e+000	-2.570000e+000	-2.570000e+000	2.489564e-012	-2.488676e-012	-4.564542e-006	4.564542e-006	-2.650982e-013	2.651637e-013	-2.224887e-012	2.121047e-005	-2.121047e-005	2.121047e-005	3.333074e-005	-4.997667e-005	4.997667e-005	2.650582e-013	-2.648865e-013	5.454121e-005
1.219990251534583e-003	-7.010484e-002	-6.989503e-002	-5.000000e+000	-2.501154e+000	-2.498846e+000	-2.500105e+000	-2.499895e+000	-2.500000e+000	-2.500000e+000	-2.570000e+000	-2.570000e+000	2.164491e-012	-2.162714e-012	-3.966852e-006	3.966852e-006	-2.621936e-013	2.622599e-013	-1.900702e-012	2.097814e-005	-2.097814e-005	2.097814e-005	3.296564e-005	-4.997692e-005	4.997692e-005	2.622536e-013	-2.621929e-013	5.394378e-005
1.222990251534583e-003	-7.010388e-002	-6.989598e-002	-5.000000e+000	-2.501143e+000	-2.498857e+000	-2.500104e+000	-2.499896e+000	-2.500000e+000	-2.500000e+000	-2.570000e+000	-2.570000e+000	1.880274e-012	-1.880274e-012	-3.447425e-006	3.447425e-006	-2.596692e-013	2.597364e-013	-1.620037e-012	2.077622e-005	-2.077622e-005	2.077622e-005	3.264835e-005	-4.997715e-005	4.997715e-005	2.598603e-013	-2.596885e-013	5.342457e-005
1.225990251534583e-003	-7.010293e-002	-6.989694e-002	-5.000000e+000	-2.501133e+000	-2.498867e+000	-2.500103e+000	-2.499897e+000	-2.500000e+000	-2.500000e+000	-2.570000e+000	-2.570000e+000	1.633360e-012	-1.633360e-012	-2.996012e-006	2.996012e-006	-2.574754e-013	2.575433e-013	-1.375788e-012	2.060075e-005	-2.060075e-005	2.060075e-005	3.237260e-005	-4.997734e-005	4.997734e-005	2.575291e-013	-2.572462e-013	5.297335e-005
1.228990251534583e-003	-7.010221e-002	-6.989765e-002	-5.000000e+000	-2.501125e+000	-2.498875e+000	-2.500102e+000	-2.499898e+000	-2.500000e+000	-2.500000e+000	-2.570000e+000	-2.570000e+000	1.420197e-012	-1.419309e-012	-2.603709e-006	2.603709e-006	-2.555688e-013	2.556375e-013	-1.163514e-012	2.044825e-005	-2.044825e-005	2.044825e-005	3.213296e-005	-4.997751e-005	4.997751e-005	2.559212e-013	-2.556383e-013	5.258121e-005
1.231990251534582e-003	-7.010150e-002	-6.989837e-002	-5.000000e+000	-2.501117e+000	-2.498883e+000	-2.500102e+000	-2.499898e+000	-2.500000e+000	-2.500000e+000	-2.570000e+000	-2.570000e+000	1.234568e-012	-1.233680e-012	-2.262774e-006	2.262774e-006	-2.539118e-013	2.539813e-013	-9.796608e-013	2.031572e-005	-2.031572e-005	2.031572e-005	3.192470e-005	-4.997765e-005	4.997765e-005	2.540340e-013	-2.540842e-013	5.224043e-005
1.234990251534582e-003	-7.010102e-002	-6.989884e-002	-5.000000e+000	-2.501111e+000	-2.498889e+000	-2.500101e+000	-2.499899e+000	-2.500000e+000	-2.500000e+000	-2.570000e+000	-2.570000e+000	1.072031e-012	-1.072031e-012	-1.966482e-006	1.966482e-006	-2.524717e-013	2.525420e-013	-8.197887e-013	2.020055e-005	-2.020055e-005	2.020055e-005	3.174372e-005	-4.997778e-005	4.997778e-005	2.523185e-013	-2.523688e-013	5.194426e-005
1.237990251534582e-003	-7.010031e-002	-6.989956e-002	-5.000000e+000	-2.501106e+000	-2.498894e+000	-2.500100e+000	-2.499900e+000	-2.500000e+000	-2.500000e+000	-2.570000e+000	-2.570000e+000	9.316992e-013	-9.316992e-013	-1.708987e-006	1.708987e-006	-2.512201e-013	2.512912e-013	-6.803447e-013	2.010045e-005	-2.010045e-005	2.010045e-005	3.158642e-005	-4.997789e-005	4.997789e-005	2.514445e-013	-2.511617e-013	5.168688e-005
1.240990251534582e-003	-7.010007e-002	-6.989980e-002	-5.000000e+000	-2.501101e+000	-2.498899e+000	-2.500100e+000	-2.499900e+000	-2.500000e+000	-2.500000e+000	-2.570000e+000	-2.570000e+000	8.117951e-013	-8.091305e-013	-1.485209e-006	1.485209e-006	-2.501324e-013	2.502043e-013	-5.595524e-013	2.001347e-005	-2.001346e-005	2.001346e-005	3.144973e-005	-4.997799e-005	4.997799e-005	2.503275e-013	-2.500446e-013	5.146319e-005
1.243990251534581e-003	-7.009959e-002	-6.990027e-002	-5.000000e+000	-2.501096e+000	-2.498904e+000	-2.500100e+000	-2.499900e+000	-2.500000e+000	-2.500000e+000	-2.570000e+000	-2.570000e+000	7.052137e-013	-7.043255e-013	-1.290733e-006	1.290733e-006	-2.491870e-013	2.492597e-013	-4.538592e-013	1.993787e-005	-1.993787e-005	1.993787e-005	3.133094e-005	-4.997807e-005	4.997807e-005	2.490214e-013	-2.489606e-013	5.126880e-005
1.246990251534581e-003	-7.009935e-002	-6.990051e-002	-5.000000e+000	-2.501093e+000	-2.498907e+000	-2.500099e+000	-2.499901e+000	-2.500000e+000	-2.500000e+000	-2.570000e+000	-2.570000e+000	6.119549e-013	-6.119549e-013	-1.121722e-006	1.121722e-006	-2.483654e-013	2.484388e-013	-3.632650e-013	1.987217e-005	-1.987217e-005	1.987217e-005	3.122769e-005	-4.997814e-005	4.997814e-005	2.483078e-013	-2.483580e-013	5.109986e-005
1.249990251534581e-003	-7.009888e-002	-6.990099e-002	-5.000000e+000	-2.501090e+000	-2.498910e+000	-2.500099e+000	-2.499901e+000	-2.500000e+000	-2.500000e+000	-2.570000e+000	-2.570000e+000	5.329071e-013	-5.320189e-013	-9.748416e-007	9.748416e-007	-2.476513e-013	2.477255e-013	-2.842171e-013	1.981507e-005	-1.981507e-005	1.981507e-005	3.113797e-005	-4.997820e-005	4.997820e-005	2.474646e-013	-2.474038e-013	5.095304e-005
1.252990251534581e-003	-7.009888e-002	-6.990099e-002	-5.000000e+000	-2.501087e+000	-2.498913e+000	-2.500099e+000	-2.499901e+000	-2.500000e+000	-2.500000e+000	-2.570000e+000	-2.570000e+000	4.627410e-013	-4.609646e-013	-8.471939e-007	8.471939e-007	-2.470306e-013	2.471057e-013	-2.149392e-013	1.976545e-005	-1.976545e-005	1.976545e-005	3.106000e-005	-4.997826e-005	4.997826e-005	2.470214e-013	-2.470716e-013	5.082545e-005
1.255990251534580e-003	-7.009864e-002	-6.990123e-002	-5.000000e+000	-2.501085e+000	-2.498915e+000	-2.500099e+000	-2.499901e+000	-2.500000e+000	-2.500000e+000	-2.570000e+000	-2.570000e+000	4.014566e-013	-4.014566e-013	-7.362607e-007	7.362607e-007	-2.464912e-013	2.465670e-013	-1.563194e-013	1.972233e-005	-1.972233e-005	1.972233e-005	3.099224e-005	-4.997831e-005	4.997831e-005	2.466515e-013	-2.464796e-013	5.071457e-005
1.258990251534580e-003	-7.009840e-002	-6.990147e-002	-5.000000e+000	-2.501083e+000	-2.498917e+000	-2.500098e+000	-2.499902e+000	-2.500000e+000	-2.500000e+000	-2.570000e+000	-2.570000e+000	3.499423e-013	-3.499423e-013	-6.398533e-007	6.398533e-007	-2.460224e-013	2.460990e-013	-1.039169e-013	1.968486e-005	-1.968486e-005	1.968486e-005	3.093334e-005	-4.997835e-005	4.997835e-005	2.457755e-013	-2.457146e-013	5.061820e-005
1.261990251534580e-003	-7.009816e-002	-6.990170e-002	-5.000000e+000	-2.501081e+000	-2.498919e+000	-2.500098e+000	-2.499902e+000	-2.500000e+000	-2.500000e+000	-2.570000e+000	-2.570000e+000	3.037570e-013	-3.019807e-013	-5.560697e-007	5.560697e-007	-2.456149e-013	2.456923e-013	-5.684342e-014	1.965229e-005	-1.965229e-005	1.965229e-005	3.088217e-005	-4.997838e-005	4.997838e-005	2.456788e-013	-2.455069e-013	5.053445e-005
1.264561680106008e-003	-7.009798e-002	-6.990189e-002	-5.000000e+000	-2.501079e+000	-2.498921e+000	-2.500098e+000	-2.499902e+000	-2.500000e+000	-2.500000e+000	-2.570000e+000	-2.570000e+000	2.704142e-013	-2.687607e-013	-4.947402e-007	4.947402e-007	-2.453166e-013	2.453946e-013	-2.432290e-014	1.962845e-005	-1.962845e-005	1.962845e-005	3.084470e-005	-4.997841e-005	4.997841e-005	2.454043e-013	-2.452153e-013	5.047315e-005
1.267133108677437e-003	-7.009783e-002	-6.990204e-002	-5.000000e+000	-2.501078e+000	-2.498922e+000	-2.500098e+000	-2.499902e+000	-2.500000e+000	-2.500000e+000	-2.570000e+000	-2.570000e+000	2.399382e-013	-2.384512e-013	-4.387822e-007	4.387822e-007	-2.450443e-013	2.451230e-013	5.477938e-015	1.960669e-005	-1.960669e-005	1.960669e-005	3.081052e-005	-4.997843e-005	4.997843e-005	2.451311e-013	-2.449520e-013	5.041721e-005
1.269704537248865e-003	-7.009772e-002	-6.990214e-002	-5.000000e+000	-2.501077e+000	-2.498923e+000	-2.500098e+000	-2.499902e+000	-2.500000e+000	-2.500000e+000	-2.570000e+000	-2.570000e+000	2.123292e-013	-2.110523e-013	-3.881957e-007	3.881957e-007	-2.447982e-013	2.448776e-013	3.255909e-014	1.958703e-005	-1.958703e-005	1.958703e-005	3.077962e-005	-4.997846e-005	4.997846e-005	2.448594e-013	-2.447168e-013	5.036665e-005
1.272275965820293e-003	-7.009766e-002	-6.990221e-002	-5.000000e+000	-2.501076e+000	-2.498924e+000	-2.500098e+000	-2.499902e+000	-2.500000e+000	-2.500000e+000	-2.570000e+000	-2.570000e+000	1.875871e-013	-1.865640e-013	-3.429806e-007	3.429806e-007	-2.445782e-013	2.446582e-013	5.692055e-014	1.956945e-005	-1.956945e-005	1.956945e-005	3.075200e-005	-4.997847e-005	4.997847e-005	2.445890e-013	-2.445099e-013	5.032145e-005
1.274847394391722e-003	-7.009763e-002	-6.990224e-002	-5.000000e+000	-2.501075e+000	-2.498925e+000	-2.500098e+000	-2.499902e+000	-2.500000e+000	-2.500000e+000	-2.570000e+000	-2.570000e+000	1.657119e-013	-1.649862e-013	-3.031370e-007	3.031370e-007	-2.443842e-013	2.444649e-013	7.856233e-014	1.955397e-005	-1.955397e-005	1.955397e-005	3.072766e-005	-4.997849e-005	4.997849e-005	2.443200e-013	-2.443311e-013	5.028163e-005
1.277418822963150e-003	-7.009764e-002	-6.990223e-002	-5.000000e+000	-2.501075e+000	-2.498925e+000	-2.500098e+000	-2.499902e+000	-2.500000e+000	-2.500000e+000	-2.570000e+000	-2.570000e+000	1.467036e-013	-1.463189e-013	-2.686649e-007	2.686649e-007	-2.442164e-013	2.442978e-013	9.748443e-014	1.954057e-005	-1.954057e-005	1.954057e-005	3.070660e-005	-4.997851e-005	4.997851e-005	2.440524e-013	-2.441806e-013	5.024717e-005
1.279990251534578e-003	-7.009768e-002	-6.990218e-002	-5.000000e+000	-2.501074e+000	-2.498926e+000	-2.500098e+000	-2.499902e+000	-2.500000e+000	-2.500000e+000	-2.570000e+000	-2.570000e+000	1.305622e-013	-1.305622e-013	-2.395643e-007	2.395643e-007	-2.440746e-013	2.441567e-013	1.136868e-013	1.952925e-005	-1.952925e-005	1.952925e-005	3.068883e-005	-4.997852e-005	4.997852e-005	2.437862e-013	-2.440583e-013	5.021808e-005
1.283133108677435e-003	-7.009762e-002	-6.990225e-002	-5.000000e+000	-2.501073e+000	-2.498927e+000	-2.500098e+000	-2.499902e+000	-2.500000e+000	-2.500000e+000	-2.570000e+000	-2.570000e+000	1.135921e-013	-1.132518e-013	-2.080456e-007	2.080456e-007	-2.439211e-013	2.440040e-013	1.306799e-013	1.951700e-005	-1.951700e-005	1.951700e-005	3.066958e-005	-4.997853e-005	4.997853e-005	2.437538e-013	-2.438175e-013	5.018658e-005
1.286275965820292e-003	-7.009755e-002	-6.990232e-002	-5.000000e+000	-2.501073e+000	-2.498927e+000	-2.500098e+000	-2.499902e+000	-2.500000e+000	-2.500000e+000	-2.570000e+000	-2.570000e+000	9.826073e-014	-9.765126e-014	-1.797013e-007	1.797013e-007	-2.437830e-013	2.438666e-013	1.459420e-013	1.950598e-005	-1.950598e-005	1.950598e-005	3.065226e-005	-4.997854e-005	4.997854e-005	2.437147e-013	-2.436288e-013	5.015825e-005
1.289418822963149e-003	-7.009748e-002	-6.990239e-002	-5.000000e+000	-2.501072e+000	-2.498928e+000	-2.500098e+000	-2.499902e+000	-2.500000e+000	-2.500000e+000	-2.570000e+000	-2.570000e+000	8.456811e-014	-8.376063e-014	-1.545313e-007	1.545313e-007	-2.436603e-013	2.437448e-013	1.594730e-013	1.949620e-005	-1.949620e-005	1.949620e-005	3.063689e-005	-4.997856e-005	4.997856e-005	2.436689e-013	-2.434924e-013	5.013309e-005
1.292561680106006e-003	-7.009741e-002	-6.990245e-002	-5.000000e+000	-2.501072e+000	-2.498928e+000	-2.500097e+000	-2.499903e+000	-2.500000e+000	-2.500000e+000	-2.570000e+000	-2.570000e+000	7.251426e-014	-7.157990e-014	-1.325356e-007	1.325356e-007	-2.435530e-013	2.436383e-013	1.712731e-013	1.948765e-005	-1.948765e-005	1.948765e-005	3.062345e-005	-4.997856e-005	4.997856e-005	2.436165e-013	-2.434082e-013	5.011110e-005
1.295704537248863e-003	-7.009734e-002	-6.990252e-002	-5.000000e+000	-2.501071e+000	-2.498929e+000	-2.500097e+000	-2.499903e+000	-2.500000e+000	-2.500000e+000	-2.570000e+000	-2.570000e+000	6.209918e-014	-6.110907e-014	-1.137143e-007	1.137143e-007	-2.434611e-013	2.435472e-013	1.813422e-013	1.948033e-005	-1.948033e-005	1.948033e-005	3.061195e-005	-4.997857e-005	4.997857e-005	2.435573e-013	-2.433762e-013	5.009229e-005
1.298847394391720e-003	-7.009728e-002	-6.990259e-002	-5.000000e+000	-2.501071e+000	-2.498929e+000	-2.500097e+000	-2.499903e+000	-2.500000e+000	-2.500000e+000	-2.570000e+000	-2.570000e+000	5.332285e-014	-5.234813e-014	-9.806729e-008	9.806729e-008	-2.433847e-013	2.434716e-013	1.896803e-013	1.947425e-005	-1.947425e-005	1.947425e-005	3.060240e-005	-4.997858e-005	4.997858e-005	2.434914e-013	-2.433964e-013	5.007664e-005
1.301990251534576e-003	-7.009721e-002	-6.990266e-002	-5.000000e+000	-2.501071e+000	-2.498929e+000	-2.500097e+000	-2.499903e+000	-2.500000e+000	-2.500000e+000	-2.570000e+000	-2.570000e+000	4.618528e-014	-4.529710e-014	-8.559464e-008	8.559464e-008	-2.433237e-013	2.434114e-013	1.962874e-013	1.946940e-005	-1.946940e-005	1.946940e-005	3.059478e-005	-4.997858e-005	4.997858e-005	2.434188e-013	-2.434688e-013	5.006418e-005
1.306418822963147e-003	-7.009721e-002	-6.990266e-002	-5.000000e+000	-2.501070e+000	-2.498930e+000	-2.500097e+000	-2.499903e+000	-2.500000e+000	-2.500000e+000	-2.570000e+000	-2.570000e+000	3.829450e-014	-3.764836e-014	-7.062478e-008	7.062478e-008	-2.432504e-013	2.433392e-013	2.044078e-013	1.946358e-005	-1.946358e-005	1.946358e-005	3.058563e-005	-4.997859e-005	4.997859e-005	2.432794e-013	-2.432542e-013	5.004921e-005
1.310847394391719e-003	-7.009721e-002	-6.990266e-002	-5.000000e+000	-2.501070e+000	-2.498930e+000	-2.500097e+000	-2.499903e+000	-2.500000e+000	-2.500000e+000	-2.570000e+000	-2.570000e+000	3.138451e-014	-3.089973e-014	-5.752482e-008	5.752482e-008	-2.431862e-013	2.432761e-013	2.114708e-013	1.945849e-005	-1.945849e-005	1.945849e-005	3.057763e-005	-4.997860e-005	4.997860e-005	2.431793e-013	-2.430881e-013	5.003612e-005
1.315275965820290e-003	-7.009721e-002	-6.990266e-002	-5.000000e+000	-2.501070e+000	-2.498930e+000	-2.500097e+000	-2.499903e+000	-2.500000e+000	-2.500000e+000	-2.570000e+000	-2.570000e+000	2.545530e-014	-2.505120e-014	-4.629473e-008	4.629473e-008	-2.431310e-013	2.432221e-013	2.174765e-013	1.945413e-005	-1.945413e-005	1.945413e-005	3.057077e-005	-4.997860e-005	4.997860e-005	2.431183e-013	-2.429704e-013	5.002490e-005
1.319704537248861e-003	-7.009721e-002	-6.990266e-002	-5.000000e+000	-2.501070e+000	-2.498930e+000	-2.500097e+000	-2.499903e+000	-2.500000e+000	-2.500000e+000	-2.570000e+000	-2.570000e+000	2.050688e-014	-2.010278e-014	-3.693453e-008	3.693453e-008	-2.430850e-013	2.431772e-013	2.224249e-013	1.945049e-005	-1.945049e-005	1.945049e-005	3.056505e-005	-4.997861e-005	4.997861e-005	2.430966e-013	-2.429010e-013	5.001554e-005
1.324133108677432e-003	-7.009721e-002	-6.990266e-002	-5.000000e+000	-2.501070e+000	-2.498930e+000	-2.500097e+000	-2.499903e+000	-2.500000e+000	-2.500000e+000	-2.570000e+000	-2.570000e+000	1.653924e-014	-1.605446e-014	-2.944422e-008	2.944422e-008	-2.430480e-013	2.431414e-013	2.263161e-013	1.944758e-005	-1.944758e-005	1.944758e-005	3.056048e-005	-4.997861e-005	4.997861e-005	2.431141e-013	-2.428801e-013	5.000805e-005
1.328561680106003e-003	-7.009721e-002	-6.990266e-002	-5.000000e+000	-2.501069e+000	-2.498931e+000	-2.500097e+000	-2.499903e+000	-2.500000e+000	-2.500000e+000	-2.570000e+000	-2.570000e+000	1.355239e-014	-1.290625e-014	-2.382379e-008	2.382379e-008	-2.430201e-013	2.431146e-013	2.291499e-013	1.944539e-005	-1.944539e-005	1.944539e-005	3.055704e-005	-4.997861e-005	4.997861e-005	2.431709e-013	-2.429076e-013	5.000244e-005
1.332990251534574e-003	-7.009721e-002	-6.990266e-002	-5.000000e+000	-2.501069e+000	-2.498931e+000	-2.500097e+000	-2.499903e+000	-2.500000e+000	-2.500000e+000	-2.570000e+000	-2.570000e+000	1.154632e-014	-1.065814e-014	-2.007324e-008	2.007324e-008	-2.430013e-013	2.430970e-013	2.309264e-013	1.944393e-005	-1.944393e-005	1.944393e-005	3.055475e-005	-4.997861e-005	4.997861e-005	2.432668e-013	-2.429835e-013	4.999869e-005
1.341133108677430e-003	-7.009721e-002	-6.990266e-002	-5.000000e+000	-2.501069e+000	-2.498931e+000	-2.500097e+000	-2.499903e+000	-2.500000e+000	-2.500000e+000	-2.570000e+000	-2.570000e+000	8.391154e-015	-7.583630e-015	-1.468643e-008	1.468643e-008	-2.429741e-013	2.430718e-013	2.341864e-013	1.944184e-005	-1.944184e-005	1.944184e-005	3.055146e-005	-4.997861e-005	4.997861e-005	2.431097e-013	-2.428685e-013	4.999330e-005
1.349275965820287e-003	-7.009721e-002	-6.990266e-002	-5.000000e+000	-2.501069e+000	-2.498931e+000	-2.500097e+000	-2.499903e+000	-2.500000e+000	-2.500000e+000	-2.570000e+000	-2.570000e+000	5.822475e-015	-5.068720e-015	-1.020578e-008	1.020578e-008	-2.429514e-013	2.430511e-013	2.369518e-013	1.944010e-005	-1.944010e-005	1.944010e-005	3.054872e-005	-4.997862e-005	4.997862e-005	2.429939e-013	-2.428020e-013	4.998882e-005
1.357418822963143e-003	-7.009721e-002	-6.990266e-002	-5.000000e+000	-2.501069e+000	-2.498931e+000	-2.500097e+000	-2.499903e+000	-2.500000e+000	-2.500000e+000	-2.570000e+000	-2.570000e+000	3.840280e-015	-3.113411e-015	-6.631287e-009	6.631286e-009	-2.429330e-013	2.430347e-013	2.392227e-013	1.943871e-005	-1.943871e-005	1.943871e-005	3.054654e-005	-4.997862e-005	4.997862e-005	2.429194e-013	-2.427839e-013	4.998525e-005
1.365561680106000e-003	-7.009721e-002	-6.990266e-002	-5.000000e+000	-2.501069e+000	-2.498931e+000	-2.500097e+000	-2.499903e+000	-2.500000e+000	-2.500000e+000	-2.570000e+000	-2.570000e+000	2.444571e-015	-1.717702e-015	-3.962953e-009	3.962953e-009	-2.429190e-013	2.430228e-013	2.409991e-013	1.943767e-005	-1.943767e-005	1.943767e-005	3.054491e-005	-4.997862e-005	4.997862e-005	2.428864e-013	-2.428142e-013	4.998258e-005
1.373704537248856e-003	-7.009721e-002	-6.990266e-002	-5.000000e+000	-2.501069e+000	-2.498931e+000	-2.500097e+000	-2.499903e+000	-2.500000e+000	-2.500000e+000	-2.570000e+000	-2.570000e+000	1.635348e-015	-8.815932e-016	-2.200778e-009	2.200778e-009	-2.429094e-013	2.430153e-013	2.422809e-013	1.943698e-005	-1.943699e-005	1.943699e-005	3.054383e-005	-4.997862e-005	4.997862e-005	2.428947e-013	-2.428930e-013	4.998082e-005
1.381847394391713e-003	-7.009721e-002	-6.990266e-002	-5.000000e+000	-2.501069e+000	-2.498931e+000	-2.500097e+000	-2.499903e+000	-2.500000e+000	-2.500000e+000	-2.570000e+000	-2.570000e+000	1.412610e-015	-6.050855e-016	-1.344763e-009	1.344762e-009	-2.429042e-013	2.430121e-013	2.430682e-013	1.943665e-005	-1.943665e-005	1.943665e-005	3.054331e-005	-4.997862e-005	4.997862e-005	2.429444e-013	-2.430202e-013	4.997997e-005
1.389990251534569e-003	-7.009721e-002	-6.990266e-002	-5.000000e+000	-2.501069e+000	-2.498931e+000	-2.500097e+000	-2.499903e+000	-2.500000e+000	-2.500000e+000	-2.570000e+000	-2.570000e+000	1.776357e-015	-8.881784e-016	-1.394906e-009	1.394906e-009	-2.429034e-013	2.430133e-013	2.433609e-013	1.943667e-005	-1.943667e-005	1.943667e-005	3.054334e-005	-4.997862e-005	4.997862e-005	2.430355e-013	-2.431959e-013	4.998002e-005
1.477704537248849e-003	-7.009718e-002	-6.990266e-002	-5.000000e+000	-2.501069e+000	-2.498931e+000	-2.500097e+000	-2.499903e+000	-2.500000e+000	-2.500000e+000	-2.570000e+000	-2.570000e+000	1.147791e-015	-3.237187e-016	-7.744000e-010	7.743996e-010	-2.428898e-013	2.430210e-013	2.432191e-013	1.943643e-005	-1.943643e-005	1.943643e-005	3.054296e-005	-4.997862e-005	4.997862e-005	2.429858e-013	-2.430506e-013	4.997940e-005
1.565418822963129e-003	-7.009718e-002	-6.990266e-002	-5.000000e+000	-2.501069e+000	-2.498931e+000	-2.500097e+000	-2.499903e+000	-2.500000e+000	-2.500000e+000	-2.570000e+000	-2.570000e+000	6.441579e-016	9.488204e-017	-2.943053e-010	2.943049e-010	-2.428772e-013	2.430290e-013	2.430823e-013	1.943624e-005	-1.943625e-005	1.943625e-005	3.054267e-005	-4.997862e-005	4.997862e-005	2.429424e-013	-2.429434e-013	4.997892e-005
1.653133108677409e-003	-7.009719e-002	-6.990266e-002	-5.000000e+000	-2.501069e+000	-2.498931e+000	-2.500097e+000	-2.499903e+000	-2.500000e+000	-2.500000e+000	-2.570000e+000	-2.570000e+000	2.654589e-016	3.676237e-016	4.537815e-011	-4.537861e-011	-2.428656e-013	2.430372e-013	2.429504e-013	1.943611e-005	-1.943611e-005	1.943611e-005	3.054246e-005	-4.997862e-005	4.997862e-005	2.429052e-013	-2.428741e-013	4.997858e-005
1.740847394391689e-003	-7.009723e-002	-6.990266e-002	-5.000000e+000	-2.501069e+000	-2.498931e+000	-2.500097e+000	-2.499903e+000	-2.500000e+000	-2.500000e+000	-2.570000e+000	-2.570000e+000	1.169364e-017	4.945063e-016	2.446504e-010	-2.446508e-010	-2.428550e-013	2.430459e-013	2.428235e-013	1.943604e-005	-1.943604e-005	1.943604e-005	3.054234e-005	-4.997862e-005	4.997862e-005	2.428743e-013	-2.428429e-013	4.997838e-005
1.828561680105969e-003	-7.009728e-002	-6.990266e-002	-5.000000e+000	-2.501069e+000	-2.498931e+000	-2.500097e+000	-2.499903e+000	-2.500000e+000	-2.500000e+000	-2.570000e+000	-2.570000e+000	-1.171379e-016	4.755299e-016	3.035114e-010	-3.035118e-010	-2.428455e-013	2.430548e-013	2.427016e-013	1.943601e-005	-1.943601e-005	1.943601e-005	3.054231e-005	-4.997862e-005	4.997862e-005	2.428496e-013	-2.428496e-013	4.997832e-005
1.916275965820249e-003	-7.009735e-002	-6.990266e-002	-5.000000e+000	-2.501069e+000	-2.498931e+000	-2.500097e+000	-2.499903e+000	-2.500000e+000	-2.500000e+000	-2.570000e+000	-2.570000e+000	-1.210358e-016	3.106945e-016	2.219612e-010	-2.219615e-010	-2.428370e-013	2.430641e-013	2.425847e-013	1.943604e-005	-1.943604e-005	1.943604e-005	3.054236e-005	-4.997862e-005	4.997862e-005	2.428312e-013	-2.428943e-013	4.997840e-005
2.003990251534528e-003	-7.009745e-002	-6.990266e-002	-5.000000e+000	-2.501069e+000	-2.498931e+000	-2.500097e+000	-2.499903e+000	-2.500000e+000	-2.500000e+000	-2.570000e+000	-2.570000e+000	0.000000e+000	0.000000e+000	-2.220446e-016	0.000000e+000	-2.428296e-013	2.430737e-013	2.424727e-013	1.943613e-005	-1.943613e-005	1.943613e-005	3.054249e-005	-4.997862e-005	4.997862e-005	2.428190e-013	-2.429771e-013	4.997862e-005
2.004990251534528e-003	-7.009721e-002	-6.990290e-002	-5.000000e+000	-2.501069e+000	-2.498931e+000	-2.500097e+000	-2.499903e+000	-2.500000e+000	-2.500000e+000	-2.570000e+000	-2.570000e+000	8.881784e-016	-8.881784e-016	-2.220446e-016	4.440892e-016	-2.428295e-013	2.430738e-013	2.433609e-013	1.943613e-005	-1.943613e-005	1.943613e-005	3.054249e-005	-4.997862e-005	4.997862e-005	2.428190e-013	-2.430881e-013	4.997862e-005
3.028990251534664e-003	-7.009745e-002	-6.990290e-002	-5.000000e+000	-2.501069e+000	-2.498931e+000	-2.500097e+000	-2.499903e+000	-2.500000e+000	-2.500000e+000	-2.570000e+000	-2.570000e+000	8.881784e-016	8.881784e-016	-6.661338e-016	4.440892e-016	-2.427497e-013	2.431536e-013	2.433609e-013	1.943613e-005	-1.943613e-005	1.943613e-005	3.054249e-005	-4.997862e-005	4.997862e-005	2.427084e-013	-2.430877e-013	4.997862e-005
4.052990251534800e-003	-7.009745e-002	-6.990290e-002	-5.000000e+000	-2.501069e+000	-2.498931e+000	-2.500097e+000	-2.499903e+000	-2.500000e+000	-2.500000e+000	-2.570000e+000	-2.570000e+000	4.440892e-016	-4.440892e-016	-4.440892e-016	4.440892e-016	-2.426976e-013	2.432057e-013	2.429168e-013	1.943613e-005	-1.943613e-005	1.943613e-005	3.054249e-005	-4.997862e-005	4.997862e-005	2.427091e-013	-2.431980e-013	4.997862e-005
4.999990251534926e-003	-7.009745e-002	-6.990290e-002	-5.000000e+000	-2.501069e+000	-2.498931e+000	-2.500097e+000	-2.499903e+000	-2.500000e+000	-2.500000e+000	-2.570000e+000	-2.570000e+000	1.490794e-010	-1.490786e-010	1.353844e-011	-1.359518e-011	-2.426675e-013	2.432395e-013	-1.488352e-010	1.943627e-005	-1.943612e-005	1.943612e-005	3.054249e-005	-4.997862e-005	4.997862e-005	2.431005e-013	-2.432199e-013	4.997861e-005
5.000000000000000e-003	-7.009745e-002	-6.990290e-002	-5.000000e+000	-2.501069e+000	-2.498931e+000	-2.500097e+000	-2.499903e+000	-2.500000e+000	-2.500000e+000	-2.570000e+000	-2.570000e+000	1.505471e-010	-1.505462e-010	1.367173e-011	-1.372902e-011	-2.426675e-013	2.432395e-013	-1.503029e-010	1.943627e-005	-1.943612e-005	1.943612e-005	3.054249e-005	-4.997862e-005	4.997862e-005	2.431014e-013	-2.432193e-013	4.997860e-005
