time	V(N012,N005)	V(N013,N007)
0.000000000000000e+000	-7.000000e-002	-7.000000e-002
1.006310719994777e-003	-7.000007e-002	-7.000010e-002
2.030310719994708e-003	-7.000015e-002	-7.000013e-002
3.054310719994844e-003	-7.000019e-002	-7.000016e-002
4.078310719994979e-003	-7.000019e-002	-7.000016e-002
5.000000000000000e-003	-7.000019e-002	-7.000016e-002
5.000001449305549e-003	-7.000119e-002	-7.000054e-002
5.000007961886916e-003	-7.000573e-002	-7.000224e-002
5.000100000000000e-003	-7.007028e-002	-7.002645e-002
5.001747261983703e-003	-7.123042e-002	-7.046216e-002
5.003394523967405e-003	-7.236971e-002	-7.088991e-002
5.005041785951107e-003	-7.348815e-002	-7.130968e-002
5.006689047934809e-003	-7.458574e-002	-7.172148e-002
5.008336309918511e-003	-7.566248e-002	-7.212531e-002
5.009983571902213e-003	-7.671838e-002	-7.252117e-002
5.011630833885916e-003	-7.775342e-002	-7.290906e-002
5.012630833885916e-003	-7.837737e-002	-7.314301e-002
5.013630833885916e-003	-7.899535e-002	-7.337475e-002
5.014630833885916e-003	-7.960737e-002	-7.360423e-002
5.015630833885916e-003	-8.021355e-002	-7.383150e-002
5.016630833885916e-003	-8.081388e-002	-7.405663e-002
5.017630833885916e-003	-8.140844e-002	-7.427961e-002
5.019630833885917e-003	-8.258051e-002	-7.471907e-002
5.021630833885917e-003	-8.373028e-002	-7.515025e-002
5.023630833885917e-003	-8.485800e-002	-7.557315e-002
5.025630833885918e-003	-8.596426e-002	-7.598794e-002
5.028630833885918e-003	-8.758414e-002	-7.659537e-002
5.031630833885918e-003	-8.915794e-002	-7.718545e-002
5.034630833885919e-003	-9.068668e-002	-7.775873e-002
5.039487976743062e-003	-9.305853e-002	-7.864816e-002
5.044345119600206e-003	-9.533333e-002	-7.950118e-002
5.049202262457349e-003	-9.751107e-002	-8.031779e-002
5.054059405314493e-003	-9.959177e-002	-8.109799e-002
5.058916548171636e-003	-1.015754e-001	-8.184178e-002
5.063773691028780e-003	-1.034620e-001	-8.254915e-002
5.068630833885923e-003	-1.052516e-001	-8.322012e-002
5.071059405314495e-003	-1.061197e-001	-8.354570e-002
5.073487976743066e-003	-1.069689e-001	-8.386417e-002
5.075916548171638e-003	-1.077992e-001	-8.417552e-002
5.078345119600211e-003	-1.086105e-001	-8.447976e-002
5.080773691028782e-003	-1.094030e-001	-8.477689e-002
5.083202262457354e-003	-1.101765e-001	-8.506690e-002
5.085630833885925e-003	-1.109312e-001	-8.534980e-002
5.086630833885926e-003	-1.112373e-001	-8.546472e-002
5.088540714759364e-003	-1.118156e-001	-8.568163e-002
5.090450595632804e-003	-1.123825e-001	-8.589422e-002
5.092360476506243e-003	-1.129379e-001	-8.610249e-002
5.094270357379683e-003	-1.134820e-001	-8.630644e-002
5.096180238253122e-003	-1.140147e-001	-8.650607e-002
5.098090119126562e-003	-1.145359e-001	-8.670138e-002
5.100000000000000e-003	-1.150458e-001	-8.689237e-002
5.100100000000001e-003	-1.150022e-001	-8.687592e-002
5.100700000000001e-003	-1.147363e-001	-8.677602e-002
5.110100000000002e-003	-1.109254e-001	-8.534667e-002
5.119500000000003e-003	-1.073867e-001	-8.401944e-002
5.128900000000004e-003	-1.041201e-001	-8.279434e-002
5.138300000000005e-003	-1.011257e-001	-8.167135e-002
5.147700000000007e-003	-9.840348e-002	-8.065049e-002
5.157100000000007e-003	-9.595341e-002	-7.973174e-002
5.166500000000009e-003	-9.377551e-002	-7.891512e-002
5.175928571428581e-003	-9.175906e-002	-7.815918e-002
5.185357142857154e-003	-8.988641e-002	-7.745710e-002
5.194785714285726e-003	-8.815754e-002	-7.680887e-002
5.204214285714300e-003	-8.657247e-002	-7.621449e-002
5.213642857142872e-003	-8.513118e-002	-7.567396e-002
5.223071428571445e-003	-8.383369e-002	-7.518729e-002
5.232500000000018e-003	-8.267999e-002	-7.475448e-002
5.241928571428590e-003	-8.161618e-002	-7.435568e-002
5.251357142857163e-003	-8.062822e-002	-7.398529e-002
5.260785714285735e-003	-7.971610e-002	-7.364332e-002
5.270214285714309e-003	-7.887983e-002	-7.332976e-002
5.279642857142881e-003	-7.811940e-002	-7.304463e-002
5.289071428571454e-003	-7.743483e-002	-7.278790e-002
5.298500000000026e-003	-7.682610e-002	-7.255960e-002
5.307928571428599e-003	-7.626491e-002	-7.234915e-002
5.317357142857171e-003	-7.574373e-002	-7.215371e-002
5.326785714285744e-003	-7.526258e-002	-7.197328e-002
5.336214285714317e-003	-7.482143e-002	-7.180785e-002
5.345642857142890e-003	-7.442031e-002	-7.165742e-002
5.355071428571463e-003	-7.405919e-002	-7.152201e-002
5.364500000000035e-003	-7.373810e-002	-7.140160e-002
5.373928571428608e-003	-7.344204e-002	-7.129054e-002
5.383357142857180e-003	-7.316708e-002	-7.118740e-002
5.392785714285753e-003	-7.291322e-002	-7.109218e-002
5.402214285714326e-003	-7.268045e-002	-7.100489e-002
5.411642857142899e-003	-7.246879e-002	-7.092551e-002
5.421071428571471e-003	-7.227822e-002	-7.085406e-002
5.430500000000044e-003	-7.210875e-002	-7.079053e-002
5.439928571428616e-003	-7.195250e-002	-7.073199e-002
5.449357142857189e-003	-7.180741e-002	-7.067761e-002
5.458785714285762e-003	-7.167348e-002	-7.062739e-002
5.468214285714335e-003	-7.155069e-002	-7.058134e-002
5.477642857142907e-003	-7.143906e-002	-7.053946e-002
5.487071428571480e-003	-7.133858e-002	-7.050174e-002
5.496500000000053e-003	-7.124925e-002	-7.046819e-002
5.505928571428625e-003	-7.116695e-002	-7.043730e-002
5.515357142857198e-003	-7.109049e-002	-7.040862e-002
5.524785714285770e-003	-7.101987e-002	-7.038214e-002
5.534214285714344e-003	-7.095509e-002	-7.035785e-002
5.543642857142916e-003	-7.089614e-002	-7.033577e-002
5.553071428571489e-003	-7.084304e-002	-7.031588e-002
5.562500000000061e-003	-7.079577e-002	-7.029819e-002
5.571928571428634e-003	-7.075235e-002	-7.028189e-002
5.581357142857206e-003	-7.071201e-002	-7.026674e-002
5.590785714285779e-003	-7.067474e-002	-7.025277e-002
5.600214285714352e-003	-7.064054e-002	-7.023996e-002
5.609642857142925e-003	-7.060942e-002	-7.022832e-002
5.619071428571498e-003	-7.058137e-002	-7.021785e-002
5.628500000000070e-003	-7.055640e-002	-7.020855e-002
5.637928571428643e-003	-7.053354e-002	-7.019984e-002
5.647357142857215e-003	-7.051229e-002	-7.019178e-002
5.656785714285788e-003	-7.049266e-002	-7.018436e-002
5.666214285714361e-003	-7.047464e-002	-7.017758e-002
5.675642857142934e-003	-7.045824e-002	-7.017145e-002
5.685071428571506e-003	-7.044345e-002	-7.016596e-002
5.694500000000079e-003	-7.043028e-002	-7.016110e-002
5.703928571428651e-003	-7.041815e-002	-7.015654e-002
5.713357142857224e-003	-7.040689e-002	-7.015230e-002
5.722785714285797e-003	-7.039652e-002	-7.014839e-002
5.732214285714370e-003	-7.038701e-002	-7.014481e-002
5.741642857142943e-003	-7.037839e-002	-7.014157e-002
5.751071428571515e-003	-7.037064e-002	-7.013865e-002
5.760500000000088e-003	-7.036376e-002	-7.013607e-002
5.770071428571518e-003	-7.035737e-002	-7.013358e-002
5.779642857142948e-003	-7.035140e-002	-7.013128e-002
5.789214285714378e-003	-7.034586e-002	-7.012918e-002
5.798785714285807e-003	-7.034076e-002	-7.012727e-002
5.808357142857237e-003	-7.033607e-002	-7.012556e-002
5.817928571428667e-003	-7.033182e-002	-7.012404e-002
5.827500000000097e-003	-7.032800e-002	-7.012272e-002
5.837214285714384e-003	-7.032466e-002	-7.012132e-002
5.846928571428670e-003	-7.032155e-002	-7.012006e-002
5.856642857142958e-003	-7.031864e-002	-7.011894e-002
5.866357142857244e-003	-7.031595e-002	-7.011795e-002
5.876071428571532e-003	-7.031347e-002	-7.011710e-002
5.885785714285818e-003	-7.031121e-002	-7.011638e-002
5.895500000000106e-003	-7.030916e-002	-7.011580e-002
5.905500000000107e-003	-7.030738e-002	-7.011503e-002
5.915500000000108e-003	-7.030572e-002	-7.011433e-002
5.925500000000110e-003	-7.030417e-002	-7.011370e-002
5.935500000000111e-003	-7.030274e-002	-7.011316e-002
5.945500000000112e-003	-7.030143e-002	-7.011269e-002
5.955500000000114e-003	-7.030023e-002	-7.011230e-002
5.965500000000115e-003	-7.029915e-002	-7.011199e-002
5.976214285714402e-003	-7.029826e-002	-7.011160e-002
5.986928571428689e-003	-7.029743e-002	-7.011125e-002
5.997642857142977e-003	-7.029665e-002	-7.011094e-002
6.008357142857263e-003	-7.029594e-002	-7.011067e-002
6.019071428571551e-003	-7.029528e-002	-7.011043e-002
6.029785714285837e-003	-7.029468e-002	-7.011024e-002
6.040500000000125e-003	-7.029414e-002	-7.011008e-002
6.049928571428697e-003	-7.029368e-002	-7.010971e-002
6.059357142857270e-003	-7.029327e-002	-7.010942e-002
6.068785714285842e-003	-7.029289e-002	-7.010921e-002
6.078214285714416e-003	-7.029255e-002	-7.010907e-002
6.087642857142988e-003	-7.029224e-002	-7.010901e-002
6.097071428571561e-003	-7.029198e-002	-7.010903e-002
6.106500000000134e-003	-7.029176e-002	-7.010913e-002
6.107500000000134e-003	-7.029152e-002	-7.010913e-002
6.121214285714422e-003	-7.029131e-002	-7.010899e-002
6.134928571428709e-003	-7.029111e-002	-7.010886e-002
6.148642857142997e-003	-7.029091e-002	-7.010872e-002
6.162357142857284e-003	-7.029070e-002	-7.010858e-002
6.176071428571572e-003	-7.029050e-002	-7.010845e-002
6.189785714285859e-003	-7.029029e-002	-7.010831e-002
6.203500000000146e-003	-7.029009e-002	-7.010818e-002
6.221785714285863e-003	-7.028995e-002	-7.010818e-002
6.240071428571580e-003	-7.028982e-002	-7.010818e-002
6.258357142857296e-003	-7.028968e-002	-7.010818e-002
6.276642857143014e-003	-7.028954e-002	-7.010818e-002
6.294928571428730e-003	-7.028941e-002	-7.010818e-002
6.313214285714447e-003	-7.028927e-002	-7.010818e-002
6.331500000000163e-003	-7.028913e-002	-7.010818e-002
6.360357142857310e-003	-7.028916e-002	-7.010811e-002
6.389214285714457e-003	-7.028916e-002	-7.010804e-002
6.418071428571604e-003	-7.028915e-002	-7.010797e-002
6.446928571428750e-003	-7.028912e-002	-7.010790e-002
6.475785714285897e-003	-7.028906e-002	-7.010783e-002
6.504642857143044e-003	-7.028899e-002	-7.010777e-002
6.533500000000190e-003	-7.028890e-002	-7.010770e-002
6.614928571428772e-003	-7.028892e-002	-7.010770e-002
6.696357142857354e-003	-7.028893e-002	-7.010770e-002
6.777785714285937e-003	-7.028891e-002	-7.010770e-002
6.859214285714520e-003	-7.028888e-002	-7.010770e-002
6.940642857143102e-003	-7.028882e-002	-7.010770e-002
7.022071428571684e-003	-7.028875e-002	-7.010770e-002
7.103500000000266e-003	-7.028866e-002	-7.010770e-002
7.131500000000270e-003	-7.028866e-002	-7.010770e-002
8.155500000000107e-003	-7.028842e-002	-7.010722e-002
9.179499999999355e-003	-7.028818e-002	-7.010698e-002
1.020349999999860e-002	-7.028794e-002	-7.010698e-002
1.122749999999785e-002	-7.028794e-002	-7.010698e-002
1.225149999999710e-002	-7.028794e-002	-7.010674e-002
1.327549999999635e-002	-7.028794e-002	-7.010674e-002
1.429949999999559e-002	-7.028794e-002	-7.010674e-002
1.532349999999484e-002	-7.028794e-002	-7.010674e-002
1.634749999999534e-002	-7.028770e-002	-7.010674e-002
1.737149999999637e-002	-7.028770e-002	-7.010674e-002
1.839549999999739e-002	-7.028770e-002	-7.010674e-002
1.941949999999841e-002	-7.028770e-002	-7.010674e-002
2.044349999999944e-002	-7.028770e-002	-7.010674e-002
2.146750000000046e-002	-7.028770e-002	-7.010674e-002
2.249150000000149e-002	-7.028770e-002	-7.010674e-002
2.351550000000251e-002	-7.028770e-002	-7.010674e-002
2.453950000000353e-002	-7.028770e-002	-7.010674e-002
2.500000000000000e-002	-7.028770e-002	-7.010674e-002
2.500002000000000e-002	-7.027364e-002	-7.010126e-002
2.500014000000000e-002	-7.018948e-002	-7.006967e-002
2.500020000000000e-002	-7.014763e-002	-7.005405e-002
2.500034400000000e-002	-7.004632e-002	-7.001616e-002
2.500048800000000e-002	-6.994445e-002	-6.997798e-002
2.500063200000000e-002	-6.984202e-002	-6.993952e-002
2.500077600000000e-002	-6.973904e-002	-6.990078e-002
2.500092000000000e-002	-6.963551e-002	-6.986175e-002
2.500106399999999e-002	-6.953142e-002	-6.982244e-002
2.500120799999999e-002	-6.942677e-002	-6.978285e-002
2.500320800000000e-002	-6.803572e-002	-6.926060e-002
2.500620800000000e-002	-6.602490e-002	-6.850660e-002
2.501135085714286e-002	-6.272835e-002	-6.727046e-002
2.501649371428572e-002	-5.957379e-002	-6.608757e-002
2.502163657142859e-002	-5.656123e-002	-6.495793e-002
2.502677942857145e-002	-5.369065e-002	-6.388153e-002
2.503192228571431e-002	-5.096206e-002	-6.285837e-002
2.503706514285717e-002	-4.837547e-002	-6.188846e-002
2.504220800000004e-002	-4.593086e-002	-6.097180e-002
2.504463657142861e-002	-4.481146e-002	-6.055202e-002
2.504706514285718e-002	-4.371649e-002	-6.014142e-002
2.504949371428576e-002	-4.264596e-002	-5.973999e-002
2.505192228571433e-002	-4.159987e-002	-5.934773e-002
2.505435085714291e-002	-4.057822e-002	-5.896465e-002
2.505677942857148e-002	-3.958100e-002	-5.859073e-002
2.505920800000005e-002	-3.860822e-002	-5.822599e-002
2.506120800000005e-002	-3.782286e-002	-5.793148e-002
2.506220800000006e-002	-3.743581e-002	-5.778635e-002
2.506320800000006e-002	-3.705246e-002	-5.764261e-002
2.506420800000006e-002	-3.667278e-002	-5.750024e-002
2.506520800000006e-002	-3.629673e-002	-5.735922e-002
2.506720800000006e-002	-3.555540e-002	-5.708122e-002
2.506963657142863e-002	-3.467529e-002	-5.675122e-002
2.507206514285721e-002	-3.381437e-002	-5.642840e-002
2.507449371428578e-002	-3.297262e-002	-5.611278e-002
2.507692228571436e-002	-3.215007e-002	-5.580434e-002
2.507935085714293e-002	-3.134669e-002	-5.550309e-002
2.508177942857150e-002	-3.056250e-002	-5.520903e-002
2.508420800000008e-002	-2.979749e-002	-5.492216e-002
2.509135085714294e-002	-2.766640e-002	-5.412307e-002
2.509849371428580e-002	-2.565584e-002	-5.336917e-002
2.510563657142867e-002	-2.376582e-002	-5.266046e-002
2.511277942857153e-002	-2.199634e-002	-5.199693e-002
2.511992228571440e-002	-2.034739e-002	-5.137859e-002
2.512706514285726e-002	-1.881898e-002	-5.080544e-002
2.513420800000013e-002	-1.741111e-002	-5.027747e-002
2.514135085714299e-002	-1.609042e-002	-4.978232e-002
2.514849371428585e-002	-1.484397e-002	-4.931498e-002
2.515563657142872e-002	-1.367176e-002	-4.887545e-002
2.516277942857158e-002	-1.257379e-002	-4.846374e-002
2.516992228571445e-002	-1.155007e-002	-4.807984e-002
2.517706514285731e-002	-1.060058e-002	-4.772375e-002
2.518420800000018e-002	-9.725332e-003	-4.739547e-002
2.518620800000018e-002	-9.487152e-003	-4.730654e-002
2.518817828571444e-002	-9.256436e-003	-4.721997e-002
2.519014857142870e-002	-9.030293e-003	-4.713514e-002
2.519211885714296e-002	-8.808725e-003	-4.705204e-002
2.519408914285722e-002	-8.591730e-003	-4.697067e-002
2.519605942857148e-002	-8.379309e-003	-4.689103e-002
2.519802971428574e-002	-8.171461e-003	-4.681313e-002
2.520000000000000e-002	-7.968187e-003	-4.673696e-002
2.520010000000000e-002	-8.028269e-003	-4.675961e-002
2.520070000000000e-002	-8.395195e-003	-4.689741e-002
2.520710000000001e-002	-1.205974e-002	-4.827201e-002
2.521350000000001e-002	-1.553155e-002	-4.957423e-002
2.521990000000002e-002	-1.881062e-002	-5.080407e-002
2.522630000000002e-002	-2.189695e-002	-5.196152e-002
2.523270000000003e-002	-2.479054e-002	-5.304659e-002
2.523910000000004e-002	-2.749138e-002	-5.405928e-002
2.524550000000004e-002	-2.999949e-002	-5.499959e-002
2.525492857142862e-002	-3.340879e-002	-5.627805e-002
2.526435714285720e-002	-3.657500e-002	-5.746534e-002
2.527378571428578e-002	-3.949812e-002	-5.856148e-002
2.528321428571437e-002	-4.217815e-002	-5.956644e-002
2.529264285714295e-002	-4.461509e-002	-6.048025e-002
2.530207142857153e-002	-4.680894e-002	-6.130289e-002
2.531150000000011e-002	-4.875970e-002	-6.203437e-002
2.532092857142869e-002	-5.055837e-002	-6.270874e-002
2.533035714285727e-002	-5.222878e-002	-6.333505e-002
2.533978571428585e-002	-5.377093e-002	-6.391332e-002
2.534921428571443e-002	-5.518482e-002	-6.444353e-002
2.535864285714301e-002	-5.647045e-002	-6.492568e-002
2.536807142857159e-002	-5.762782e-002	-6.535978e-002
2.537750000000017e-002	-5.865693e-002	-6.574583e-002
2.538692857142876e-002	-5.960591e-002	-6.610156e-002
2.539635714285734e-002	-6.048721e-002	-6.643195e-002
2.540578571428592e-002	-6.130081e-002	-6.673698e-002
2.541521428571450e-002	-6.204672e-002	-6.701666e-002
2.542464285714308e-002	-6.272494e-002	-6.727099e-002
2.543407142857166e-002	-6.333546e-002	-6.749997e-002
2.544350000000024e-002	-6.387830e-002	-6.770360e-002
2.545292857142882e-002	-6.437900e-002	-6.789140e-002
2.546235714285740e-002	-6.484399e-002	-6.806580e-002
2.547178571428598e-002	-6.527327e-002	-6.822680e-002
2.548121428571457e-002	-6.566683e-002	-6.837440e-002
2.549064285714315e-002	-6.602467e-002	-6.850860e-002
2.550007142857173e-002	-6.634681e-002	-6.862939e-002
2.550950000000031e-002	-6.663322e-002	-6.873679e-002
2.551535714285745e-002	-6.680170e-002	-6.879997e-002
2.552121428571461e-002	-6.696205e-002	-6.886009e-002
2.552707142857175e-002	-6.711426e-002	-6.891717e-002
2.553292857142890e-002	-6.725833e-002	-6.897121e-002
2.553878571428605e-002	-6.739427e-002	-6.902220e-002
2.554464285714320e-002	-6.752207e-002	-6.907014e-002
2.555050000000035e-002	-6.764174e-002	-6.911504e-002
2.555150000000035e-002	-6.766164e-002	-6.912255e-002
2.556092857142893e-002	-6.783747e-002	-6.918836e-002
2.557035714285751e-002	-6.800076e-002	-6.924950e-002
2.557978571428609e-002	-6.815150e-002	-6.930599e-002
2.558921428571467e-002	-6.828970e-002	-6.935781e-002
2.559864285714325e-002	-6.841535e-002	-6.940497e-002
2.560807142857183e-002	-6.852846e-002	-6.944747e-002
2.561750000000041e-002	-6.862903e-002	-6.948531e-002
2.562692857142900e-002	-6.872181e-002	-6.952012e-002
2.563635714285758e-002	-6.880797e-002	-6.955245e-002
2.564578571428616e-002	-6.888750e-002	-6.958230e-002
2.565521428571474e-002	-6.896041e-002	-6.960966e-002
2.566464285714332e-002	-6.902669e-002	-6.963455e-002
2.567407142857190e-002	-6.908634e-002	-6.965695e-002
2.568350000000048e-002	-6.913936e-002	-6.967688e-002
2.569292857142906e-002	-6.918842e-002	-6.969512e-002
2.570235714285764e-002	-6.923395e-002	-6.971210e-002
2.571178571428622e-002	-6.927596e-002	-6.972780e-002
2.572121428571481e-002	-6.931445e-002	-6.974222e-002
2.573064285714339e-002	-6.934941e-002	-6.975537e-002
2.574007142857197e-002	-6.938086e-002	-6.976725e-002
2.574950000000055e-002	-6.940877e-002	-6.977785e-002
2.575892857142913e-002	-6.943462e-002	-6.978747e-002
2.576835714285771e-002	-6.945862e-002	-6.979643e-002
2.577778571428629e-002	-6.948077e-002	-6.980471e-002
2.578721428571487e-002	-6.950107e-002	-6.981232e-002
2.579664285714345e-002	-6.951952e-002	-6.981927e-002
2.580607142857203e-002	-6.953612e-002	-6.982553e-002
2.581550000000061e-002	-6.955087e-002	-6.983113e-002
2.582492857142919e-002	-6.956452e-002	-6.983625e-002
2.583435714285777e-002	-6.957720e-002	-6.984101e-002
2.584378571428635e-002	-6.958890e-002	-6.984540e-002
2.585321428571494e-002	-6.959963e-002	-6.984944e-002
2.586264285714352e-002	-6.960938e-002	-6.985311e-002
2.587207142857210e-002	-6.961816e-002	-6.985643e-002
2.588150000000068e-002	-6.962597e-002	-6.985939e-002
2.589107142857212e-002	-6.963327e-002	-6.986207e-002
2.590064285714356e-002	-6.964005e-002	-6.986457e-002
2.591021428571499e-002	-6.964629e-002	-6.986688e-002
2.591978571428643e-002	-6.965201e-002	-6.986901e-002
2.592935714285787e-002	-6.965721e-002	-6.987095e-002
2.593892857142931e-002	-6.966188e-002	-6.987271e-002
2.594850000000075e-002	-6.966603e-002	-6.987429e-002
2.595821428571504e-002	-6.967001e-002	-6.987578e-002
2.596792857142934e-002	-6.967366e-002	-6.987717e-002
2.597764285714363e-002	-6.967700e-002	-6.987845e-002
2.598735714285793e-002	-6.968001e-002	-6.987963e-002
2.599707142857222e-002	-6.968271e-002	-6.988070e-002
2.600678571428652e-002	-6.968508e-002	-6.988166e-002
2.601650000000081e-002	-6.968713e-002	-6.988251e-002
2.602650000000082e-002	-6.968918e-002	-6.988325e-002
2.603650000000083e-002	-6.969109e-002	-6.988395e-002
2.604650000000084e-002	-6.969286e-002	-6.988459e-002
2.605650000000085e-002	-6.969448e-002	-6.988519e-002
2.606650000000086e-002	-6.969595e-002	-6.988574e-002
2.607650000000087e-002	-6.969727e-002	-6.988623e-002
2.608650000000088e-002	-6.969845e-002	-6.988668e-002
2.609707142857232e-002	-6.969960e-002	-6.988710e-002
2.610764285714376e-002	-6.970064e-002	-6.988748e-002
2.611821428571520e-002	-6.970159e-002	-6.988783e-002
2.612878571428664e-002	-6.970244e-002	-6.988815e-002
2.613935714285808e-002	-6.970320e-002	-6.988845e-002
2.614992857142952e-002	-6.970385e-002	-6.988871e-002
2.616050000000096e-002	-6.970441e-002	-6.988895e-002
2.617207142857240e-002	-6.970502e-002	-6.988917e-002
2.618364285714384e-002	-6.970558e-002	-6.988937e-002
2.619521428571528e-002	-6.970608e-002	-6.988957e-002
2.620678571428672e-002	-6.970654e-002	-6.988976e-002
2.621835714285816e-002	-6.970696e-002	-6.988993e-002
2.622992857142960e-002	-6.970732e-002	-6.989010e-002
2.624150000000104e-002	-6.970763e-002	-6.989026e-002
2.625521428571534e-002	-6.970794e-002	-6.989038e-002
2.626892857142964e-002	-6.970822e-002	-6.989048e-002
2.628264285714394e-002	-6.970847e-002	-6.989057e-002
2.629635714285824e-002	-6.970869e-002	-6.989066e-002
2.631007142857254e-002	-6.970888e-002	-6.989074e-002
2.632378571428683e-002	-6.970905e-002	-6.989080e-002
2.633750000000113e-002	-6.970918e-002	-6.989086e-002
2.635578571428687e-002	-6.970940e-002	-6.989100e-002
2.637407142857260e-002	-6.970958e-002	-6.989110e-002
2.639235714285833e-002	-6.970972e-002	-6.989119e-002
2.641064285714407e-002	-6.970982e-002	-6.989124e-002
2.642892857142980e-002	-6.970989e-002	-6.989126e-002
2.644721428571553e-002	-6.970991e-002	-6.989125e-002
2.646550000000126e-002	-6.970990e-002	-6.989121e-002
2.648107142857271e-002	-6.971009e-002	-6.989131e-002
2.649664285714415e-002	-6.971024e-002	-6.989138e-002
2.651221428571560e-002	-6.971034e-002	-6.989143e-002
2.652778571428704e-002	-6.971039e-002	-6.989147e-002
2.654335714285848e-002	-6.971040e-002	-6.989148e-002
2.655892857142993e-002	-6.971035e-002	-6.989148e-002
2.657450000000137e-002	-6.971025e-002	-6.989145e-002
2.657550000000137e-002	-6.971025e-002	-6.989145e-002
2.662307142857285e-002	-6.971037e-002	-6.989155e-002
2.667064285714433e-002	-6.971047e-002	-6.989162e-002
2.671821428571580e-002	-6.971057e-002	-6.989167e-002
2.676578571428728e-002	-6.971065e-002	-6.989171e-002
2.681335714285875e-002	-6.971073e-002	-6.989172e-002
2.686092857143023e-002	-6.971079e-002	-6.989172e-002
2.690850000000171e-002	-6.971085e-002	-6.989169e-002
2.759950000000240e-002	-6.971121e-002	-6.989229e-002
2.862350000000342e-002	-6.971180e-002	-6.989276e-002
2.964750000000445e-002	-6.971204e-002	-6.989312e-002
3.067150000000547e-002	-6.971228e-002	-6.989336e-002
3.169550000000649e-002	-6.971240e-002	-6.989348e-002
3.271950000000751e-002	-6.971252e-002	-6.989360e-002
3.374350000000854e-002	-6.971264e-002	-6.989372e-002
3.476750000000956e-002	-6.971264e-002	-6.989372e-002
3.579150000001059e-002	-6.971264e-002	-6.989372e-002
3.681550000001161e-002	-6.971276e-002	-6.989372e-002
3.783950000001263e-002	-6.971276e-002	-6.989384e-002
3.886350000001366e-002	-6.971276e-002	-6.989384e-002
3.988750000001468e-002	-6.971276e-002	-6.989384e-002
4.091150000001571e-002	-6.971276e-002	-6.989384e-002
4.193550000001673e-002	-6.971276e-002	-6.989384e-002
4.295950000001775e-002	-6.971276e-002	-6.989384e-002
4.398350000001878e-002	-6.971276e-002	-6.989384e-002
4.500000000000000e-002	-6.971276e-002	-6.989384e-002
4.500001000000000e-002	-6.971967e-002	-6.989634e-002
4.500007000000000e-002	-6.976199e-002	-6.991220e-002
4.500010000000000e-002	-6.978285e-002	-6.992006e-002
4.500015600000001e-002	-6.982207e-002	-6.993484e-002
4.500034800000001e-002	-6.995773e-002	-6.998575e-002
4.500060400000001e-002	-7.014012e-002	-7.005429e-002
4.500111600000003e-002	-7.051015e-002	-7.019353e-002
4.500311600000003e-002	-7.190216e-002	-7.071638e-002
4.500511600000003e-002	-7.325041e-002	-7.122207e-002
4.500811600000004e-002	-7.522464e-002	-7.196212e-002
4.501354457142862e-002	-7.863416e-002	-7.324068e-002
4.501897314285719e-002	-8.188984e-002	-7.446154e-002
4.502440171428577e-002	-8.499168e-002	-7.562469e-002
4.502983028571434e-002	-8.793968e-002	-7.673014e-002
4.503525885714292e-002	-9.073384e-002	-7.777790e-002
4.504068742857149e-002	-9.337415e-002	-7.876794e-002
4.504611600000007e-002	-9.586063e-002	-7.970029e-002
4.504854457142865e-002	-9.693869e-002	-8.010454e-002
4.505097314285722e-002	-9.799322e-002	-8.049997e-002
4.505340171428580e-002	-9.902423e-002	-8.088657e-002
4.505583028571437e-002	-1.000317e-001	-8.126435e-002
4.505825885714294e-002	-1.010156e-001	-8.163330e-002
4.506068742857151e-002	-1.019761e-001	-8.199343e-002
4.506311600000009e-002	-1.029130e-001	-8.234474e-002
4.506411600000009e-002	-1.032930e-001	-8.248726e-002
4.506611600000009e-002	-1.040421e-001	-8.276814e-002
4.506883028571438e-002	-1.050345e-001	-8.314027e-002
4.507154457142867e-002	-1.060029e-001	-8.350340e-002
4.507425885714296e-002	-1.069473e-001	-8.385753e-002
4.507697314285725e-002	-1.078677e-001	-8.420266e-002
4.507968742857153e-002	-1.087641e-001	-8.453879e-002
4.508240171428583e-002	-1.096365e-001	-8.486593e-002
4.508511600000011e-002	-1.104850e-001	-8.518407e-002
4.508724228571438e-002	-1.111371e-001	-8.542870e-002
4.508936857142865e-002	-1.117754e-001	-8.566807e-002
4.509149485714292e-002	-1.123997e-001	-8.590218e-002
4.509362114285719e-002	-1.130102e-001	-8.613101e-002
4.509574742857146e-002	-1.136068e-001	-8.635458e-002
4.509787371428573e-002	-1.141895e-001	-8.657288e-002
4.510000000000000e-002	-1.147584e-001	-8.678591e-002
4.510010000000000e-002	-1.147148e-001	-8.676955e-002
4.510070000000000e-002	-1.144488e-001	-8.666947e-002
4.511010000000001e-002	-1.106380e-001	-8.524022e-002
4.511950000000002e-002	-1.070993e-001	-8.391307e-002
4.512890000000003e-002	-1.038328e-001	-8.268803e-002
4.513830000000004e-002	-1.008384e-001	-8.156510e-002
4.514770000000005e-002	-9.811614e-002	-8.054428e-002
4.515710000000006e-002	-9.566599e-002	-7.962557e-002
4.516650000000007e-002	-9.348798e-002	-7.880896e-002
4.517592857142865e-002	-9.147162e-002	-7.805286e-002
4.518535714285723e-002	-8.959903e-002	-7.735067e-002
4.519478571428581e-002	-8.787019e-002	-7.670239e-002
4.520421428571439e-002	-8.628510e-002	-7.610801e-002
4.521364285714297e-002	-8.484378e-002	-7.556754e-002
4.522307142857155e-002	-8.354621e-002	-7.508098e-002
4.523250000000013e-002	-8.239239e-002	-7.464832e-002
4.524192857142872e-002	-8.132864e-002	-7.424943e-002
4.525135714285729e-002	-8.034073e-002	-7.387899e-002
4.526078571428588e-002	-7.942866e-002	-7.353697e-002
4.527021428571446e-002	-7.859243e-002	-7.322340e-002
4.527964285714304e-002	-7.783204e-002	-7.293827e-002
4.528907142857162e-002	-7.714750e-002	-7.268157e-002
4.529850000000020e-002	-7.653879e-002	-7.245331e-002
4.530792857142878e-002	-7.597758e-002	-7.224287e-002
4.531735714285736e-002	-7.545639e-002	-7.204743e-002
4.532678571428594e-002	-7.497521e-002	-7.186699e-002
4.533621428571452e-002	-7.453404e-002	-7.170156e-002
4.534564285714311e-002	-7.413289e-002	-7.155113e-002
4.535507142857168e-002	-7.377174e-002	-7.141570e-002
4.536450000000027e-002	-7.345061e-002	-7.129528e-002
4.537392857142885e-002	-7.315453e-002	-7.118425e-002
4.538335714285743e-002	-7.287956e-002	-7.108114e-002
4.539278571428601e-002	-7.262571e-002	-7.098594e-002
4.540221428571459e-002	-7.239296e-002	-7.089866e-002
4.541164285714317e-002	-7.218132e-002	-7.081930e-002
4.542107142857175e-002	-7.199079e-002	-7.074785e-002
4.543050000000033e-002	-7.182137e-002	-7.068432e-002
4.543992857142892e-002	-7.166517e-002	-7.062574e-002
4.544935714285749e-002	-7.152011e-002	-7.057134e-002
4.545878571428608e-002	-7.138618e-002	-7.052112e-002
4.546821428571465e-002	-7.126339e-002	-7.047507e-002
4.547764285714324e-002	-7.115173e-002	-7.043319e-002
4.548707142857181e-002	-7.105121e-002	-7.039549e-002
4.549650000000040e-002	-7.096183e-002	-7.036197e-002
4.550592857142898e-002	-7.087942e-002	-7.033107e-002
4.551535714285756e-002	-7.080288e-002	-7.030237e-002
4.552478571428614e-002	-7.073222e-002	-7.027587e-002
4.553421428571472e-002	-7.066744e-002	-7.025157e-002
4.554364285714330e-002	-7.060853e-002	-7.022948e-002
4.555307142857188e-002	-7.055550e-002	-7.020958e-002
4.556250000000046e-002	-7.050834e-002	-7.019189e-002
4.557192857142905e-002	-7.046486e-002	-7.017558e-002
4.558135714285762e-002	-7.042448e-002	-7.016044e-002
4.559078571428621e-002	-7.038720e-002	-7.014645e-002
4.560021428571479e-002	-7.035302e-002	-7.013363e-002
4.560964285714337e-002	-7.032194e-002	-7.012197e-002
4.561907142857195e-002	-7.029396e-002	-7.011148e-002
4.562850000000053e-002	-7.026907e-002	-7.010214e-002
4.563792857142911e-002	-7.024613e-002	-7.009354e-002
4.564735714285769e-002	-7.022483e-002	-7.008554e-002
4.565678571428627e-002	-7.020516e-002	-7.007816e-002
4.566621428571485e-002	-7.018712e-002	-7.007140e-002
4.567564285714344e-002	-7.017072e-002	-7.006524e-002
4.568507142857201e-002	-7.015595e-002	-7.005970e-002
4.569450000000060e-002	-7.014283e-002	-7.005478e-002
4.570392857142918e-002	-7.013072e-002	-7.005023e-002
4.571335714285776e-002	-7.011948e-002	-7.004601e-002
4.572278571428634e-002	-7.010910e-002	-7.004212e-002
4.573221428571492e-002	-7.009958e-002	-7.003854e-002
4.574164285714350e-002	-7.009093e-002	-7.003529e-002
4.575107142857208e-002	-7.008313e-002	-7.003237e-002
4.576050000000066e-002	-7.007620e-002	-7.002976e-002
4.577007142857210e-002	-7.006972e-002	-7.002733e-002
4.577964285714354e-002	-7.006371e-002	-7.002507e-002
4.578921428571497e-002	-7.005817e-002	-7.002299e-002
4.579878571428642e-002	-7.005309e-002	-7.002108e-002
4.580835714285785e-002	-7.004848e-002	-7.001935e-002
4.581792857142929e-002	-7.004434e-002	-7.001779e-002
4.582750000000073e-002	-7.004066e-002	-7.001640e-002
4.583721428571502e-002	-7.003722e-002	-7.001511e-002
4.584692857142932e-002	-7.003403e-002	-7.001391e-002
4.585664285714362e-002	-7.003110e-002	-7.001281e-002
4.586635714285791e-002	-7.002842e-002	-7.001180e-002
4.587607142857220e-002	-7.002598e-002	-7.001089e-002
4.588578571428650e-002	-7.002380e-002	-7.001006e-002
4.589550000000080e-002	-7.002187e-002	-7.000934e-002
4.590550000000081e-002	-7.002004e-002	-7.000864e-002
4.591550000000082e-002	-7.001835e-002	-7.000800e-002
4.592550000000083e-002	-7.001679e-002	-7.000742e-002
4.593550000000084e-002	-7.001537e-002	-7.000688e-002
4.594550000000085e-002	-7.001409e-002	-7.000639e-002
4.595550000000086e-002	-7.001294e-002	-7.000596e-002
4.596550000000087e-002	-7.001193e-002	-7.000557e-002
4.597292857142945e-002	-7.001122e-002	-7.000531e-002
4.598035714285802e-002	-7.001055e-002	-7.000506e-002
4.598778571428661e-002	-7.000993e-002	-7.000482e-002
4.599521428571518e-002	-7.000935e-002	-7.000460e-002
4.600264285714376e-002	-7.000881e-002	-7.000439e-002
4.601007142857234e-002	-7.000831e-002	-7.000420e-002
4.601750000000092e-002	-7.000786e-002	-7.000403e-002
4.601850000000092e-002	-7.000780e-002	-7.000401e-002
4.602992857142951e-002	-7.000716e-002	-7.000377e-002
4.604135714285809e-002	-7.000658e-002	-7.000355e-002
4.605278571428667e-002	-7.000605e-002	-7.000335e-002
4.606421428571525e-002	-7.000557e-002	-7.000316e-002
4.607564285714384e-002	-7.000515e-002	-7.000300e-002
4.608707142857241e-002	-7.000478e-002	-7.000285e-002
4.609850000000100e-002	-7.000445e-002	-7.000272e-002
4.611192857142959e-002	-7.000412e-002	-7.000259e-002
4.612535714285817e-002	-7.000381e-002	-7.000247e-002
4.613878571428676e-002	-7.000353e-002	-7.000236e-002
4.615221428571534e-002	-7.000328e-002	-7.000227e-002
4.616564285714393e-002	-7.000307e-002	-7.000218e-002
4.617907142857251e-002	-7.000288e-002	-7.000211e-002
4.619250000000109e-002	-7.000273e-002	-7.000204e-002
4.621007142857254e-002	-7.000255e-002	-7.000197e-002
4.622764285714399e-002	-7.000239e-002	-7.000191e-002
4.624521428571543e-002	-7.000225e-002	-7.000185e-002
4.626278571428688e-002	-7.000212e-002	-7.000180e-002
4.628035714285832e-002	-7.000202e-002	-7.000175e-002
4.629792857142977e-002	-7.000194e-002	-7.000171e-002
4.631550000000122e-002	-7.000187e-002	-7.000168e-002
4.634264285714410e-002	-7.000179e-002	-7.000164e-002
4.636978571428699e-002	-7.000171e-002	-7.000160e-002
4.639692857142987e-002	-7.000164e-002	-7.000157e-002
4.642407142857275e-002	-7.000159e-002	-7.000154e-002
4.645121428571564e-002	-7.000154e-002	-7.000151e-002
4.647835714285852e-002	-7.000151e-002	-7.000149e-002
4.650550000000141e-002	-7.000149e-002	-7.000148e-002
4.657335714285862e-002	-7.000143e-002	-7.000143e-002
4.664121428571583e-002	-7.000139e-002	-7.000139e-002
4.670907142857304e-002	-7.000134e-002	-7.000136e-002
4.677692857143025e-002	-7.000130e-002	-7.000132e-002
4.684478571428746e-002	-7.000127e-002	-7.000129e-002
4.691264285714467e-002	-7.000125e-002	-7.000126e-002
4.698050000000188e-002	-7.000123e-002	-7.000124e-002
4.704250000000194e-002	-7.000120e-002	-7.000121e-002
4.806650000000297e-002	-7.000087e-002	-7.000089e-002
4.909050000000399e-002	-7.000066e-002	-7.000067e-002
4.999950000000490e-002	-7.000054e-002	-7.000054e-002
5.000000000000000e-002	-7.000054e-002	-7.000054e-002
