time	V(N012,N005)	V(N013,N007)
0.000000000000000e+000	-7.000000e-002	-7.000000e-002
1.006310719994777e-003	-7.000009e-002	-7.000009e-002
2.030310719994708e-003	-7.000009e-002	-7.000009e-002
3.054310719994844e-003	-7.000009e-002	-7.000009e-002
4.078310719994979e-003	-7.000009e-002	-7.000009e-002
5.000000000000000e-003	-7.000009e-002	-7.000009e-002
5.000001399115868e-003	-7.000316e-002	-7.000045e-002
5.000004197347605e-003	-7.000943e-002	-7.000119e-002
5.000100000000000e-003	-7.022456e-002	-7.002650e-002
5.000365943739806e-003	-7.081593e-002	-7.009607e-002
5.000631887479612e-003	-7.140130e-002	-7.016494e-002
5.000897831219417e-003	-7.198068e-002	-7.023310e-002
5.001163774959222e-003	-7.255407e-002	-7.030056e-002
5.001429718699027e-003	-7.312147e-002	-7.036731e-002
5.001695662438833e-003	-7.368287e-002	-7.043336e-002
5.001961606178639e-003	-7.423829e-002	-7.049870e-002
5.002961606178639e-003	-7.629083e-002	-7.074018e-002
5.003961606178639e-003	-7.826963e-002	-7.097298e-002
5.004961606178639e-003	-8.017607e-002	-7.119726e-002
5.005961606178639e-003	-8.201280e-002	-7.141335e-002
5.006961606178639e-003	-8.378238e-002	-7.162154e-002
5.007961606178639e-003	-8.548724e-002	-7.182210e-002
5.008961606178640e-003	-8.712979e-002	-7.201535e-002
5.009961606178640e-003	-8.871228e-002	-7.220154e-002
5.010961606178640e-003	-9.023690e-002	-7.238089e-002
5.011961606178640e-003	-9.170581e-002	-7.255371e-002
5.012961606178640e-003	-9.312104e-002	-7.272021e-002
5.013961606178640e-003	-9.448452e-002	-7.288061e-002
5.014961606178640e-003	-9.579819e-002	-7.303515e-002
5.016961606178641e-003	-9.828326e-002	-7.332753e-002
5.018961606178641e-003	-1.005900e-001	-7.359889e-002
5.020961606178641e-003	-1.027313e-001	-7.385081e-002
5.023961606178642e-003	-1.056587e-001	-7.419521e-002
5.026961606178642e-003	-1.082771e-001	-7.450327e-002
5.030104463321500e-003	-1.106613e-001	-7.478377e-002
5.033247320464357e-003	-1.128412e-001	-7.504022e-002
5.036390177607215e-003	-1.148168e-001	-7.527265e-002
5.039533034750072e-003	-1.165881e-001	-7.548104e-002
5.042675891892930e-003	-1.181551e-001	-7.566540e-002
5.045818749035787e-003	-1.195178e-001	-7.582572e-002
5.048961606178645e-003	-1.206762e-001	-7.596201e-002
5.053961606178646e-003	-1.222482e-001	-7.614694e-002
5.058961606178646e-003	-1.236372e-001	-7.631034e-002
5.063961606178647e-003	-1.248431e-001	-7.645222e-002
5.068961606178648e-003	-1.258661e-001	-7.657256e-002
5.073961606178648e-003	-1.267060e-001	-7.667137e-002
5.078961606178649e-003	-1.273629e-001	-7.674865e-002
5.083961606178650e-003	-1.278368e-001	-7.680440e-002
5.084961606178650e-003	-1.279355e-001	-7.681596e-002
5.100000000000000e-003	-1.290606e-001	-7.694840e-002
5.100014860612548e-003	-1.290281e-001	-7.694459e-002
5.100044581837643e-003	-1.289630e-001	-7.693684e-002
5.102450684117055e-003	-1.240110e-001	-7.635427e-002
5.104856786396467e-003	-1.194058e-001	-7.581249e-002
5.107262888675879e-003	-1.151475e-001	-7.531152e-002
5.109668990955291e-003	-1.112361e-001	-7.485136e-002
5.112075093234704e-003	-1.076715e-001	-7.443200e-002
5.114481195514115e-003	-1.044537e-001	-7.405344e-002
5.116887297793527e-003	-1.015828e-001	-7.371569e-002
5.119887297793528e-003	-9.826481e-002	-7.332540e-002
5.122887297793528e-003	-9.529817e-002	-7.297635e-002
5.125887297793529e-003	-9.264553e-002	-7.266426e-002
5.128887297793529e-003	-9.027374e-002	-7.238519e-002
5.131887297793529e-003	-8.815300e-002	-7.213569e-002
5.134887297793530e-003	-8.625686e-002	-7.191265e-002
5.137887297793530e-003	-8.456135e-002	-7.171321e-002
5.140887297793531e-003	-8.304536e-002	-7.153487e-002
5.143887297793531e-003	-8.168983e-002	-7.137537e-002
5.146887297793531e-003	-8.047795e-002	-7.123280e-002
5.149887297793532e-003	-7.939422e-002	-7.110524e-002
5.152887297793532e-003	-7.842529e-002	-7.099128e-002
5.155887297793533e-003	-7.755888e-002	-7.088935e-002
5.158887297793533e-003	-7.678425e-002	-7.079816e-002
5.161887297793533e-003	-7.609153e-002	-7.071674e-002
5.164887297793534e-003	-7.547224e-002	-7.064390e-002
5.167887297793534e-003	-7.491851e-002	-7.057881e-002
5.170887297793535e-003	-7.442331e-002	-7.052040e-002
5.173887297793535e-003	-7.398069e-002	-7.046843e-002
5.176887297793535e-003	-7.358479e-002	-7.042181e-002
5.179887297793536e-003	-7.323086e-002	-7.038021e-002
5.182887297793536e-003	-7.291436e-002	-7.034290e-002
5.185887297793537e-003	-7.263136e-002	-7.030964e-002
5.188887297793537e-003	-7.237840e-002	-7.027984e-002
5.191887297793537e-003	-7.215214e-002	-7.025325e-002
5.194887297793538e-003	-7.194984e-002	-7.022953e-002
5.197887297793538e-003	-7.176900e-002	-7.020819e-002
5.200887297793539e-003	-7.160723e-002	-7.018912e-002
5.203887297793539e-003	-7.146251e-002	-7.017195e-002
5.206887297793539e-003	-7.133329e-002	-7.015681e-002
5.209887297793540e-003	-7.121766e-002	-7.014322e-002
5.212887297793540e-003	-7.111430e-002	-7.013106e-002
5.215887297793541e-003	-7.102191e-002	-7.012022e-002
5.218887297793541e-003	-7.093918e-002	-7.011044e-002
5.221887297793541e-003	-7.086539e-002	-7.010174e-002
5.224887297793542e-003	-7.079935e-002	-7.009399e-002
5.227887297793542e-003	-7.074010e-002	-7.008708e-002
5.230887297793543e-003	-7.068741e-002	-7.008076e-002
5.233887297793543e-003	-7.064021e-002	-7.007527e-002
5.236887297793543e-003	-7.059789e-002	-7.007027e-002
5.239887297793544e-003	-7.056022e-002	-7.006586e-002
5.242887297793544e-003	-7.052648e-002	-7.006192e-002
5.245887297793545e-003	-7.049620e-002	-7.005835e-002
5.248887297793545e-003	-7.046926e-002	-7.005513e-002
5.251887297793545e-003	-7.044518e-002	-7.005227e-002
5.254887297793546e-003	-7.042348e-002	-7.004976e-002
5.257887297793546e-003	-7.040417e-002	-7.004750e-002
5.260887297793546e-003	-7.038701e-002	-7.004547e-002
5.263887297793547e-003	-7.037151e-002	-7.004368e-002
5.266887297793547e-003	-7.035780e-002	-7.004201e-002
5.269887297793548e-003	-7.034540e-002	-7.004058e-002
5.272887297793548e-003	-7.033443e-002	-7.003927e-002
5.275887297793548e-003	-7.032454e-002	-7.003820e-002
5.278887297793549e-003	-7.031572e-002	-7.003713e-002
5.281887297793549e-003	-7.030785e-002	-7.003617e-002
5.284887297793550e-003	-7.030082e-002	-7.003534e-002
5.287887297793550e-003	-7.029450e-002	-7.003462e-002
5.290887297793550e-003	-7.028890e-002	-7.003391e-002
5.293887297793551e-003	-7.028377e-002	-7.003331e-002
5.296887297793551e-003	-7.027936e-002	-7.003284e-002
5.299887297793552e-003	-7.027531e-002	-7.003236e-002
5.302887297793552e-003	-7.027173e-002	-7.003188e-002
5.305458726364981e-003	-7.026899e-002	-7.003158e-002
5.308030154936410e-003	-7.026645e-002	-7.003131e-002
5.310601583507839e-003	-7.026412e-002	-7.003105e-002
5.313173012079267e-003	-7.026199e-002	-7.003081e-002
5.315744440650696e-003	-7.026006e-002	-7.003059e-002
5.318315869222125e-003	-7.025834e-002	-7.003039e-002
5.320887297793554e-003	-7.025683e-002	-7.003021e-002
5.323601583507841e-003	-7.025535e-002	-7.003002e-002
5.326315869222126e-003	-7.025400e-002	-7.002984e-002
5.329030154936413e-003	-7.025276e-002	-7.002969e-002
5.331744440650699e-003	-7.025163e-002	-7.002955e-002
5.334458726364985e-003	-7.025063e-002	-7.002943e-002
5.337173012079271e-003	-7.024974e-002	-7.002934e-002
5.339887297793557e-003	-7.024896e-002	-7.002926e-002
5.342744440650700e-003	-7.024821e-002	-7.002919e-002
5.345601583507844e-003	-7.024751e-002	-7.002912e-002
5.348458726364987e-003	-7.024687e-002	-7.002905e-002
5.351315869222130e-003	-7.024630e-002	-7.002899e-002
5.354173012079273e-003	-7.024577e-002	-7.002892e-002
5.357030154936417e-003	-7.024531e-002	-7.002885e-002
5.359887297793560e-003	-7.024491e-002	-7.002878e-002
5.363315869222131e-003	-7.024449e-002	-7.002875e-002
5.366744440650703e-003	-7.024410e-002	-7.002871e-002
5.370173012079275e-003	-7.024376e-002	-7.002868e-002
5.373601583507848e-003	-7.024345e-002	-7.002865e-002
5.377030154936419e-003	-7.024318e-002	-7.002861e-002
5.380458726364991e-003	-7.024295e-002	-7.002858e-002
5.383887297793563e-003	-7.024276e-002	-7.002854e-002
5.388315869222135e-003	-7.024252e-002	-7.002850e-002
5.392744440650707e-003	-7.024231e-002	-7.002846e-002
5.397173012079279e-003	-7.024213e-002	-7.002843e-002
5.401601583507851e-003	-7.024197e-002	-7.002842e-002
5.406030154936423e-003	-7.024185e-002	-7.002841e-002
5.410458726364995e-003	-7.024176e-002	-7.002841e-002
5.414887297793567e-003	-7.024169e-002	-7.002842e-002
5.421601583507854e-003	-7.024162e-002	-7.002845e-002
5.428315869222140e-003	-7.024155e-002	-7.002845e-002
5.435030154936427e-003	-7.024149e-002	-7.002844e-002
5.441744440650713e-003	-7.024142e-002	-7.002840e-002
5.448458726365000e-003	-7.024135e-002	-7.002835e-002
5.455173012079286e-003	-7.024128e-002	-7.002828e-002
5.461887297793573e-003	-7.024121e-002	-7.002819e-002
5.477601583507861e-003	-7.024121e-002	-7.002819e-002
5.493315869222149e-003	-7.024121e-002	-7.002819e-002
5.509030154936437e-003	-7.024121e-002	-7.002819e-002
5.524744440650724e-003	-7.024121e-002	-7.002819e-002
5.540458726365012e-003	-7.024121e-002	-7.002819e-002
5.556173012079300e-003	-7.024121e-002	-7.002819e-002
5.571887297793588e-003	-7.024121e-002	-7.002819e-002
6.102887297793658e-003	-7.024097e-002	-7.002795e-002
7.126887297793794e-003	-7.024074e-002	-7.002771e-002
8.150887297793636e-003	-7.024050e-002	-7.002747e-002
9.174887297792884e-003	-7.024038e-002	-7.002735e-002
1.019888729779213e-002	-7.024026e-002	-7.002723e-002
1.122288729779138e-002	-7.024026e-002	-7.002723e-002
1.224688729779063e-002	-7.024026e-002	-7.002723e-002
1.327088729778988e-002	-7.024014e-002	-7.002711e-002
1.429488729778912e-002	-7.024014e-002	-7.002711e-002
1.531888729778837e-002	-7.024014e-002	-7.002711e-002
1.634288729778886e-002	-7.024014e-002	-7.002711e-002
1.736688729778989e-002	-7.024014e-002	-7.002711e-002
1.839088729779091e-002	-7.024014e-002	-7.002711e-002
1.941488729779194e-002	-7.024014e-002	-7.002711e-002
2.043888729779296e-002	-7.024014e-002	-7.002711e-002
2.146288729779398e-002	-7.024014e-002	-7.002711e-002
2.248688729779501e-002	-7.024014e-002	-7.002711e-002
2.351088729779603e-002	-7.024014e-002	-7.002711e-002
2.453488729779706e-002	-7.024014e-002	-7.002711e-002
2.500000000000000e-002	-7.024014e-002	-7.002711e-002
2.500002000000000e-002	-7.019520e-002	-7.002187e-002
2.500006000000000e-002	-7.010543e-002	-7.001126e-002
2.500020000000000e-002	-6.979191e-002	-6.997442e-002
2.500048685714286e-002	-6.915701e-002	-6.989978e-002
2.500077371428571e-002	-6.852888e-002	-6.982591e-002
2.500106057142857e-002	-6.790754e-002	-6.975282e-002
2.500134742857143e-002	-6.729298e-002	-6.968052e-002
2.500163428571428e-002	-6.668521e-002	-6.960899e-002
2.500192114285714e-002	-6.608422e-002	-6.953823e-002
2.500220800000000e-002	-6.549001e-002	-6.946826e-002
2.500320800000000e-002	-6.345487e-002	-6.922889e-002
2.500420800000000e-002	-6.149423e-002	-6.899822e-002
2.500520800000000e-002	-5.960524e-002	-6.877601e-002
2.500620800000000e-002	-5.778527e-002	-6.856191e-002
2.500820800000000e-002	-5.434251e-002	-6.815684e-002
2.501020800000000e-002	-5.114698e-002	-6.778097e-002
2.501220800000001e-002	-4.818070e-002	-6.743193e-002
2.501520800000001e-002	-4.412580e-002	-6.695497e-002
2.501820800000001e-002	-4.049921e-002	-6.652820e-002
2.502120800000001e-002	-3.733280e-002	-6.615569e-002
2.502420800000002e-002	-3.442891e-002	-6.581407e-002
2.502720800000002e-002	-3.178752e-002	-6.550332e-002
2.503020800000002e-002	-2.940863e-002	-6.522346e-002
2.503320800000003e-002	-2.729226e-002	-6.497448e-002
2.503620800000003e-002	-2.543840e-002	-6.475639e-002
2.503920800000003e-002	-2.384704e-002	-6.456918e-002
2.504320800000004e-002	-2.197650e-002	-6.434911e-002
2.504720800000004e-002	-2.029522e-002	-6.415131e-002
2.505120800000004e-002	-1.880320e-002	-6.397577e-002
2.505520800000005e-002	-1.750043e-002	-6.382251e-002
2.505920800000005e-002	-1.638693e-002	-6.369151e-002
2.506320800000006e-002	-1.546269e-002	-6.358278e-002
2.506720800000006e-002	-1.472771e-002	-6.349632e-002
2.506977942857149e-002	-1.428015e-002	-6.344366e-002
2.507235085714292e-002	-1.386526e-002	-6.339484e-002
2.507492228571435e-002	-1.348304e-002	-6.334987e-002
2.507749371428578e-002	-1.313348e-002	-6.330875e-002
2.508006514285721e-002	-1.281659e-002	-6.327148e-002
2.508263657142865e-002	-1.253237e-002	-6.323804e-002
2.508520800000008e-002	-1.228082e-002	-6.320846e-002
2.509035085714294e-002	-1.185546e-002	-6.315842e-002
2.509549371428580e-002	-1.147937e-002	-6.311417e-002
2.510063657142866e-002	-1.115257e-002	-6.307572e-002
2.510577942857153e-002	-1.087506e-002	-6.304307e-002
2.511092228571439e-002	-1.064683e-002	-6.301622e-002
2.511606514285725e-002	-1.046788e-002	-6.299517e-002
2.512120800000011e-002	-1.033822e-002	-6.297992e-002
2.512506514285726e-002	-1.024424e-002	-6.296887e-002
2.512892228571441e-002	-1.015865e-002	-6.295880e-002
2.513277942857155e-002	-1.008147e-002	-6.294972e-002
2.513663657142870e-002	-1.001270e-002	-6.294162e-002
2.514049371428585e-002	-9.952316e-003	-6.293451e-002
2.514435085714300e-002	-9.900338e-003	-6.292839e-002
2.514820800000014e-002	-9.856761e-003	-6.292325e-002
2.520000000000000e-002	-9.526968e-003	-6.288457e-002
2.520007763829531e-002	-9.700656e-003	-6.290507e-002
2.520023291488594e-002	-1.004660e-002	-6.294572e-002
2.520265172339219e-002	-1.510699e-002	-6.354104e-002
2.520507053189845e-002	-1.981142e-002	-6.409448e-002
2.520748934040470e-002	-2.415990e-002	-6.460607e-002
2.520990814891095e-002	-2.815242e-002	-6.507578e-002
2.521232695741721e-002	-3.178899e-002	-6.550364e-002
2.521474576592346e-002	-3.506960e-002	-6.588963e-002
2.521716457442971e-002	-3.799427e-002	-6.623375e-002
2.522016457442972e-002	-4.135692e-002	-6.662929e-002
2.522316457442972e-002	-4.436350e-002	-6.698298e-002
2.522616457442972e-002	-4.705191e-002	-6.729925e-002
2.522916457442972e-002	-4.945564e-002	-6.758213e-002
2.523216457442973e-002	-5.160487e-002	-6.783497e-002
2.523516457442973e-002	-5.352652e-002	-6.806099e-002
2.523816457442973e-002	-5.524492e-002	-6.826317e-002
2.524116457442974e-002	-5.678117e-002	-6.844389e-002
2.524416457442974e-002	-5.815494e-002	-6.860554e-002
2.524716457442974e-002	-5.938327e-002	-6.875002e-002
2.525016457442975e-002	-6.048155e-002	-6.887925e-002
2.525316457442975e-002	-6.146359e-002	-6.899476e-002
2.525616457442975e-002	-6.234157e-002	-6.909811e-002
2.525916457442975e-002	-6.312668e-002	-6.919038e-002
2.526216457442976e-002	-6.382871e-002	-6.927299e-002
2.526516457442976e-002	-6.445634e-002	-6.934690e-002
2.526816457442976e-002	-6.501758e-002	-6.941295e-002
2.527116457442977e-002	-6.551945e-002	-6.947196e-002
2.527416457442977e-002	-6.596804e-002	-6.952477e-002
2.527716457442977e-002	-6.636918e-002	-6.957197e-002
2.528016457442978e-002	-6.672800e-002	-6.961417e-002
2.528316457442978e-002	-6.704867e-002	-6.965184e-002
2.528616457442978e-002	-6.733549e-002	-6.968558e-002
2.528916457442978e-002	-6.759191e-002	-6.971574e-002
2.529216457442979e-002	-6.782115e-002	-6.974280e-002
2.529516457442979e-002	-6.802619e-002	-6.976688e-002
2.529816457442979e-002	-6.820953e-002	-6.978834e-002
2.530116457442980e-002	-6.837332e-002	-6.980777e-002
2.530416457442980e-002	-6.852007e-002	-6.982505e-002
2.530716457442980e-002	-6.865108e-002	-6.984043e-002
2.531016457442981e-002	-6.876814e-002	-6.985426e-002
2.531316457442981e-002	-6.887293e-002	-6.986666e-002
2.531616457442981e-002	-6.896663e-002	-6.987762e-002
2.531916457442981e-002	-6.905043e-002	-6.988740e-002
2.532216457442982e-002	-6.912529e-002	-6.989634e-002
2.532516457442982e-002	-6.919217e-002	-6.990421e-002
2.532816457442982e-002	-6.925201e-002	-6.991124e-002
2.533116457442983e-002	-6.930566e-002	-6.991756e-002
2.533416457442983e-002	-6.935346e-002	-6.992316e-002
2.533716457442983e-002	-6.939626e-002	-6.992817e-002
2.534016457442984e-002	-6.943452e-002	-6.993270e-002
2.534316457442984e-002	-6.946874e-002	-6.993675e-002
2.534616457442984e-002	-6.949937e-002	-6.994033e-002
2.534916457442984e-002	-6.952667e-002	-6.994355e-002
2.535216457442985e-002	-6.955123e-002	-6.994641e-002
2.535516457442985e-002	-6.957304e-002	-6.994891e-002
2.535816457442985e-002	-6.959260e-002	-6.995130e-002
2.536116457442986e-002	-6.961012e-002	-6.995332e-002
2.536416457442986e-002	-6.962574e-002	-6.995511e-002
2.536716457442986e-002	-6.963968e-002	-6.995678e-002
2.537016457442987e-002	-6.965220e-002	-6.995833e-002
2.537316457442987e-002	-6.966341e-002	-6.995964e-002
2.537616457442987e-002	-6.967342e-002	-6.996071e-002
2.537916457442987e-002	-6.968236e-002	-6.996179e-002
2.538216457442988e-002	-6.969023e-002	-6.996274e-002
2.538516457442988e-002	-6.969738e-002	-6.996357e-002
2.538816457442988e-002	-6.970382e-002	-6.996429e-002
2.539116457442989e-002	-6.970954e-002	-6.996500e-002
2.539416457442989e-002	-6.971467e-002	-6.996560e-002
2.539716457442989e-002	-6.971920e-002	-6.996620e-002
2.540016457442990e-002	-6.972325e-002	-6.996667e-002
2.540316457442990e-002	-6.972694e-002	-6.996703e-002
2.540573600300133e-002	-6.972978e-002	-6.996742e-002
2.540830743157276e-002	-6.973239e-002	-6.996777e-002
2.541087886014419e-002	-6.973478e-002	-6.996808e-002
2.541345028871562e-002	-6.973694e-002	-6.996835e-002
2.541602171728705e-002	-6.973888e-002	-6.996859e-002
2.541859314585849e-002	-6.974059e-002	-6.996878e-002
2.542116457442992e-002	-6.974208e-002	-6.996894e-002
2.542387886014421e-002	-6.974360e-002	-6.996913e-002
2.542659314585849e-002	-6.974500e-002	-6.996931e-002
2.542930743157278e-002	-6.974627e-002	-6.996946e-002
2.543202171728707e-002	-6.974741e-002	-6.996960e-002
2.543473600300136e-002	-6.974842e-002	-6.996972e-002
2.543745028871565e-002	-6.974931e-002	-6.996981e-002
2.544016457442994e-002	-6.975007e-002	-6.996989e-002
2.544302171728708e-002	-6.975081e-002	-6.996996e-002
2.544587886014423e-002	-6.975151e-002	-6.997003e-002
2.544873600300137e-002	-6.975215e-002	-6.997010e-002
2.545159314585852e-002	-6.975275e-002	-6.997016e-002
2.545445028871566e-002	-6.975329e-002	-6.997023e-002
2.545730743157281e-002	-6.975379e-002	-6.997030e-002
2.546016457442996e-002	-6.975424e-002	-6.997037e-002
2.546359314585853e-002	-6.975467e-002	-6.997040e-002
2.546702171728710e-002	-6.975505e-002	-6.997044e-002
2.547045028871568e-002	-6.975540e-002	-6.997047e-002
2.547387886014426e-002	-6.975570e-002	-6.997051e-002
2.547730743157283e-002	-6.975597e-002	-6.997054e-002
2.548073600300141e-002	-6.975620e-002	-6.997057e-002
2.548416457442998e-002	-6.975639e-002	-6.997061e-002
2.548859314585856e-002	-6.975658e-002	-6.997065e-002
2.549302171728713e-002	-6.975676e-002	-6.997069e-002
2.549745028871571e-002	-6.975691e-002	-6.997072e-002
2.550187886014428e-002	-6.975705e-002	-6.997073e-002
2.550630743157286e-002	-6.975717e-002	-6.997074e-002
2.551073600300144e-002	-6.975726e-002	-6.997074e-002
2.551516457443001e-002	-6.975734e-002	-6.997073e-002
2.551945028871573e-002	-6.975747e-002	-6.997077e-002
2.552373600300145e-002	-6.975758e-002	-6.997081e-002
2.552802171728717e-002	-6.975766e-002	-6.997084e-002
2.553230743157289e-002	-6.975773e-002	-6.997085e-002
2.553659314585860e-002	-6.975778e-002	-6.997086e-002
2.554087886014432e-002	-6.975781e-002	-6.997086e-002
2.554516457443004e-002	-6.975782e-002	-6.997085e-002
2.554616457443004e-002	-6.975782e-002	-6.997085e-002
2.555745028871577e-002	-6.975787e-002	-6.997089e-002
2.556873600300149e-002	-6.975790e-002	-6.997093e-002
2.558002171728722e-002	-6.975793e-002	-6.997096e-002
2.559130743157295e-002	-6.975795e-002	-6.997097e-002
2.560259314585867e-002	-6.975795e-002	-6.997098e-002
2.561387886014440e-002	-6.975795e-002	-6.997098e-002
2.562516457443012e-002	-6.975794e-002	-6.997097e-002
2.657016457443107e-002	-6.975877e-002	-6.997180e-002
2.759416457443209e-002	-6.975937e-002	-6.997240e-002
2.861816457443311e-002	-6.975973e-002	-6.997275e-002
2.964216457443414e-002	-6.975996e-002	-6.997299e-002
3.066616457443516e-002	-6.976008e-002	-6.997311e-002
3.169016457443619e-002	-6.976020e-002	-6.997323e-002
3.271416457443721e-002	-6.976020e-002	-6.997323e-002
3.373816457443823e-002	-6.976032e-002	-6.997335e-002
3.476216457443926e-002	-6.976032e-002	-6.997335e-002
3.578616457444028e-002	-6.976032e-002	-6.997335e-002
3.681016457444131e-002	-6.976032e-002	-6.997335e-002
3.783416457444233e-002	-6.976032e-002	-6.997335e-002
3.885816457444336e-002	-6.976032e-002	-6.997335e-002
3.988216457444438e-002	-6.976032e-002	-6.997335e-002
4.090616457444540e-002	-6.976032e-002	-6.997335e-002
4.193016457444643e-002	-6.976032e-002	-6.997335e-002
4.295416457444745e-002	-6.976032e-002	-6.997335e-002
4.397816457444848e-002	-6.976032e-002	-6.997335e-002
4.500000000000000e-002	-6.976032e-002	-6.997335e-002
4.500001000000000e-002	-6.978285e-002	-6.997597e-002
4.500003000000000e-002	-6.982780e-002	-6.998134e-002
4.500010000000000e-002	-6.998491e-002	-6.999981e-002
4.500012400000000e-002	-7.003868e-002	-7.000613e-002
4.500022000000001e-002	-7.025325e-002	-7.003140e-002
4.500034800000001e-002	-7.053757e-002	-7.006478e-002
4.500060400000001e-002	-7.110155e-002	-7.013118e-002
4.500111600000003e-002	-7.220960e-002	-7.026148e-002
4.500211600000003e-002	-7.431936e-002	-7.050967e-002
4.500311600000003e-002	-7.636154e-002	-7.075000e-002
4.500411600000003e-002	-7.832897e-002	-7.098138e-002
4.500511600000003e-002	-8.022451e-002	-7.120442e-002
4.500611600000003e-002	-8.205068e-002	-7.141924e-002
4.500811600000004e-002	-8.550525e-002	-7.182574e-002
4.501011600000004e-002	-8.871174e-002	-7.220292e-002
4.501211600000004e-002	-9.168816e-002	-7.255316e-002
4.501511600000004e-002	-9.575701e-002	-7.303178e-002
4.501811600000005e-002	-9.939599e-002	-7.345998e-002
4.502111600000005e-002	-1.026505e-001	-7.384282e-002
4.502425885714291e-002	-1.056137e-001	-7.419140e-002
4.502740171428577e-002	-1.083228e-001	-7.451009e-002
4.503054457142863e-002	-1.107779e-001	-7.479890e-002
4.503368742857149e-002	-1.129788e-001	-7.505783e-002
4.503683028571435e-002	-1.149258e-001	-7.528688e-002
4.503997314285721e-002	-1.166186e-001	-7.548605e-002
4.504311600000007e-002	-1.180574e-001	-7.565534e-002
4.504697314285722e-002	-1.196254e-001	-7.583983e-002
4.505083028571436e-002	-1.210388e-001	-7.600611e-002
4.505468742857151e-002	-1.222974e-001	-7.615419e-002
4.505854457142866e-002	-1.234014e-001	-7.628407e-002
4.506240171428581e-002	-1.243506e-001	-7.639575e-002
4.506625885714295e-002	-1.251452e-001	-7.648922e-002
4.507011600000010e-002	-1.257851e-001	-7.656449e-002
4.507211600000010e-002	-1.261032e-001	-7.660191e-002
4.507411600000010e-002	-1.264023e-001	-7.663709e-002
4.507611600000010e-002	-1.266824e-001	-7.667004e-002
4.507811600000011e-002	-1.269435e-001	-7.670076e-002
4.508011600000011e-002	-1.271856e-001	-7.672924e-002
4.508211600000011e-002	-1.274086e-001	-7.675549e-002
4.508411600000011e-002	-1.276126e-001	-7.677950e-002
4.508638514285724e-002	-1.278273e-001	-7.680474e-002
4.508865428571437e-002	-1.280279e-001	-7.682834e-002
4.509092342857150e-002	-1.282145e-001	-7.685029e-002
4.509319257142862e-002	-1.283871e-001	-7.687059e-002
4.509546171428575e-002	-1.285457e-001	-7.688925e-002
4.509773085714287e-002	-1.286903e-001	-7.690626e-002
4.510000000000000e-002	-1.288209e-001	-7.692163e-002
4.510010000000000e-002	-1.286027e-001	-7.689596e-002
4.510030000000000e-002	-1.281686e-001	-7.684489e-002
4.510275714285715e-002	-1.231665e-001	-7.625641e-002
4.510521428571429e-002	-1.185207e-001	-7.570984e-002
4.510767142857144e-002	-1.142311e-001	-7.520518e-002
4.511012857142858e-002	-1.102978e-001	-7.474243e-002
4.511258571428573e-002	-1.067207e-001	-7.432160e-002
4.511504285714287e-002	-1.034998e-001	-7.394267e-002
4.511750000000002e-002	-1.006352e-001	-7.360565e-002
4.512050000000002e-002	-9.739218e-002	-7.322412e-002
4.512350000000003e-002	-9.449250e-002	-7.288298e-002
4.512650000000003e-002	-9.189980e-002	-7.257795e-002
4.512950000000003e-002	-8.958158e-002	-7.230522e-002
4.513250000000003e-002	-8.750877e-002	-7.206136e-002
4.513550000000004e-002	-8.565539e-002	-7.184332e-002
4.513850000000004e-002	-8.399822e-002	-7.164835e-002
4.514150000000004e-002	-8.251649e-002	-7.147403e-002
4.514450000000005e-002	-8.119162e-002	-7.131816e-002
4.514750000000005e-002	-8.000700e-002	-7.117879e-002
4.515050000000005e-002	-7.894780e-002	-7.105418e-002
4.515350000000006e-002	-7.800073e-002	-7.094275e-002
4.515650000000006e-002	-7.715392e-002	-7.084313e-002
4.515950000000006e-002	-7.639674e-002	-7.075405e-002
4.516250000000006e-002	-7.571974e-002	-7.067440e-002
4.516550000000007e-002	-7.511440e-002	-7.060318e-002
4.516850000000007e-002	-7.457314e-002	-7.053950e-002
4.517150000000007e-002	-7.408919e-002	-7.048257e-002
4.517450000000008e-002	-7.365646e-002	-7.043165e-002
4.517750000000008e-002	-7.326955e-002	-7.038613e-002
4.518050000000008e-002	-7.292360e-002	-7.034543e-002
4.518350000000009e-002	-7.261427e-002	-7.030904e-002
4.518650000000009e-002	-7.233769e-002	-7.027649e-002
4.518950000000009e-002	-7.209038e-002	-7.024740e-002
4.519250000000009e-002	-7.186926e-002	-7.022139e-002
4.519550000000010e-002	-7.167155e-002	-7.019813e-002
4.519850000000010e-002	-7.149476e-002	-7.017732e-002
4.520150000000010e-002	-7.133670e-002	-7.015872e-002
4.520450000000011e-002	-7.119537e-002	-7.014210e-002
4.520750000000011e-002	-7.106900e-002	-7.012723e-002
4.521050000000011e-002	-7.095600e-002	-7.011394e-002
4.521350000000012e-002	-7.085496e-002	-7.010204e-002
4.521650000000012e-002	-7.076463e-002	-7.009142e-002
4.521950000000012e-002	-7.068386e-002	-7.008191e-002
4.522250000000012e-002	-7.061164e-002	-7.007342e-002
4.522550000000013e-002	-7.054705e-002	-7.006581e-002
4.522850000000013e-002	-7.048931e-002	-7.005902e-002
4.523150000000013e-002	-7.043769e-002	-7.005295e-002
4.523450000000014e-002	-7.039153e-002	-7.004752e-002
4.523750000000014e-002	-7.035025e-002	-7.004265e-002
4.524050000000014e-002	-7.031334e-002	-7.003831e-002
4.524350000000015e-002	-7.028034e-002	-7.003443e-002
4.524650000000015e-002	-7.025084e-002	-7.003096e-002
4.524950000000015e-002	-7.022445e-002	-7.002785e-002
4.525250000000015e-002	-7.020086e-002	-7.002507e-002
4.525550000000016e-002	-7.017977e-002	-7.002259e-002
4.525850000000016e-002	-7.016091e-002	-7.002037e-002
4.526150000000016e-002	-7.014405e-002	-7.001839e-002
4.526450000000017e-002	-7.012896e-002	-7.001661e-002
4.526750000000017e-002	-7.011548e-002	-7.001502e-002
4.527050000000017e-002	-7.010343e-002	-7.001360e-002
4.527350000000018e-002	-7.009265e-002	-7.001233e-002
4.527650000000018e-002	-7.008301e-002	-7.001119e-002
4.527950000000018e-002	-7.007439e-002	-7.001018e-002
4.528250000000018e-002	-7.006669e-002	-7.000927e-002
4.528550000000019e-002	-7.005980e-002	-7.000846e-002
4.528850000000019e-002	-7.005364e-002	-7.000774e-002
4.529150000000019e-002	-7.004812e-002	-7.000708e-002
4.529450000000020e-002	-7.004320e-002	-7.000650e-002
4.529750000000020e-002	-7.003880e-002	-7.000598e-002
4.530050000000020e-002	-7.003486e-002	-7.000552e-002
4.530307142857163e-002	-7.003187e-002	-7.000517e-002
4.530564285714307e-002	-7.002911e-002	-7.000484e-002
4.530821428571449e-002	-7.002656e-002	-7.000454e-002
4.531078571428593e-002	-7.002423e-002	-7.000426e-002
4.531335714285736e-002	-7.002213e-002	-7.000401e-002
4.531592857142879e-002	-7.002025e-002	-7.000379e-002
4.531850000000022e-002	-7.001859e-002	-7.000359e-002
4.532107142857165e-002	-7.001706e-002	-7.000341e-002
4.532364285714308e-002	-7.001565e-002	-7.000325e-002
4.532621428571451e-002	-7.001435e-002	-7.000310e-002
4.532878571428595e-002	-7.001316e-002	-7.000295e-002
4.533135714285737e-002	-7.001208e-002	-7.000283e-002
4.533392857142881e-002	-7.001112e-002	-7.000271e-002
4.533650000000024e-002	-7.001027e-002	-7.000261e-002
4.533935714285738e-002	-7.000941e-002	-7.000251e-002
4.534221428571453e-002	-7.000862e-002	-7.000241e-002
4.534507142857167e-002	-7.000789e-002	-7.000232e-002
4.534792857142882e-002	-7.000724e-002	-7.000224e-002
4.535078571428597e-002	-7.000665e-002	-7.000217e-002
4.535364285714311e-002	-7.000614e-002	-7.000211e-002
4.535650000000026e-002	-7.000569e-002	-7.000206e-002
4.535978571428598e-002	-7.000523e-002	-7.000200e-002
4.536307142857169e-002	-7.000481e-002	-7.000195e-002
4.536635714285741e-002	-7.000443e-002	-7.000191e-002
4.536964285714313e-002	-7.000409e-002	-7.000187e-002
4.537292857142885e-002	-7.000379e-002	-7.000183e-002
4.537621428571456e-002	-7.000353e-002	-7.000180e-002
4.537950000000028e-002	-7.000331e-002	-7.000177e-002
4.538364285714314e-002	-7.000307e-002	-7.000174e-002
4.538778571428601e-002	-7.000285e-002	-7.000171e-002
4.539192857142887e-002	-7.000266e-002	-7.000169e-002
4.539607142857172e-002	-7.000249e-002	-7.000167e-002
4.540021428571459e-002	-7.000235e-002	-7.000165e-002
4.540435714285745e-002	-7.000223e-002	-7.000163e-002
4.540850000000031e-002	-7.000214e-002	-7.000162e-002
4.541464285714317e-002	-7.000202e-002	-7.000160e-002
4.542078571428604e-002	-7.000192e-002	-7.000159e-002
4.542692857142890e-002	-7.000184e-002	-7.000157e-002
4.543307142857176e-002	-7.000177e-002	-7.000156e-002
4.543921428571462e-002	-7.000171e-002	-7.000155e-002
4.544535714285749e-002	-7.000167e-002	-7.000155e-002
4.545150000000035e-002	-7.000165e-002	-7.000154e-002
4.546407142857179e-002	-7.000161e-002	-7.000153e-002
4.547664285714324e-002	-7.000157e-002	-7.000151e-002
4.548921428571467e-002	-7.000154e-002	-7.000150e-002
4.550178571428612e-002	-7.000152e-002	-7.000150e-002
4.551435714285756e-002	-7.000150e-002	-7.000149e-002
4.552692857142900e-002	-7.000149e-002	-7.000149e-002
4.553950000000044e-002	-7.000148e-002	-7.000148e-002
4.601350000000092e-002	-7.000126e-002	-7.000126e-002
4.703750000000194e-002	-7.000092e-002	-7.000092e-002
4.806150000000296e-002	-7.000069e-002	-7.000069e-002
4.908550000000399e-002	-7.000054e-002	-7.000054e-002
4.999950000000490e-002	-7.000045e-002	-7.000045e-002
5.000000000000000e-002	-7.000045e-002	-7.000045e-002
