time	V(N008,N005)	V(N009,N004)
0.000000000000000e+000	-7.000000e-002	-7.000000e-002
1.006310719994779e-004	-7.000001e-002	-7.000001e-002
2.030310719994804e-004	-7.000002e-002	-7.000002e-002
3.054310719994828e-004	-7.000002e-002	-7.000002e-002
4.078310719994853e-004	-7.000003e-002	-7.000003e-002
5.102310719994759e-004	-7.000004e-002	-7.000004e-002
6.126310719994229e-004	-7.000005e-002	-7.000005e-002
7.150310719993699e-004	-7.000005e-002	-7.000005e-002
8.174310719993169e-004	-7.000006e-002	-7.000006e-002
9.198310719992638e-004	-7.000007e-002	-7.000007e-002
1.022231071999260e-003	-7.000007e-002	-7.000007e-002
1.124631071999318e-003	-7.000008e-002	-7.000008e-002
1.227031071999376e-003	-7.000009e-002	-7.000009e-002
1.329431071999434e-003	-7.000010e-002	-7.000010e-002
1.431831071999492e-003	-7.000010e-002	-7.000010e-002
1.534231071999550e-003	-7.000011e-002	-7.000011e-002
1.636631071999608e-003	-7.000012e-002	-7.000012e-002
1.739031071999666e-003	-7.000013e-002	-7.000013e-002
1.841431071999724e-003	-7.000013e-002	-7.000013e-002
1.943831071999782e-003	-7.000013e-002	-7.000013e-002
2.046231071999638e-003	-7.000013e-002	-7.000013e-002
2.148631071999474e-003	-7.000013e-002	-7.000013e-002
2.251031071999310e-003	-7.000013e-002	-7.000013e-002
2.353431071999146e-003	-7.000013e-002	-7.000013e-002
2.455831071998982e-003	-7.000013e-002	-7.000013e-002
2.558231071998818e-003	-7.000013e-002	-7.000013e-002
2.660631071998654e-003	-7.000013e-002	-7.000013e-002
2.763031071998490e-003	-7.000013e-002	-7.000013e-002
2.865431071998326e-003	-7.000013e-002	-7.000013e-002
2.967831071998162e-003	-7.000013e-002	-7.000013e-002
3.070231071997998e-003	-7.000013e-002	-7.000013e-002
3.172631071997834e-003	-7.000013e-002	-7.000013e-002
3.275031071997670e-003	-7.000013e-002	-7.000013e-002
3.377431071997506e-003	-7.000013e-002	-7.000013e-002
3.479831071997342e-003	-7.000013e-002	-7.000013e-002
3.582231071997178e-003	-7.000013e-002	-7.000013e-002
3.684631071997014e-003	-7.000013e-002	-7.000013e-002
3.787031071996850e-003	-7.000013e-002	-7.000013e-002
3.889431071996686e-003	-7.000013e-002	-7.000013e-002
3.991831071996892e-003	-7.000013e-002	-7.000013e-002
4.094231071997172e-003	-7.000013e-002	-7.000013e-002
4.196631071997452e-003	-7.000013e-002	-7.000013e-002
4.299031071997733e-003	-7.000013e-002	-7.000013e-002
4.401431071998013e-003	-7.000013e-002	-7.000013e-002
4.503831071998293e-003	-7.000013e-002	-7.000013e-002
4.606231071998573e-003	-7.000013e-002	-7.000013e-002
4.708631071998853e-003	-7.000013e-002	-7.000013e-002
4.811031071999133e-003	-7.000013e-002	-7.000013e-002
4.913431071999413e-003	-7.000013e-002	-7.000013e-002
5.000000000000000e-003	-7.000013e-002	-7.000013e-002
5.000000157925464e-003	-7.000029e-002	-6.999997e-002
5.000000473776392e-003	-7.000064e-002	-6.999962e-002
5.000100000000000e-003	-7.011353e-002	-6.988674e-002
5.000734522424982e-003	-7.082280e-002	-6.917746e-002
5.001369044849964e-003	-7.151678e-002	-6.848348e-002
5.002003567274946e-003	-7.219548e-002	-6.780478e-002
5.002638089699927e-003	-7.285888e-002	-6.714137e-002
5.003272612124909e-003	-7.350700e-002	-6.649325e-002
5.003907134549891e-003	-7.413983e-002	-6.586043e-002
5.004541656974873e-003	-7.475737e-002	-6.524289e-002
5.005470228403447e-003	-7.563471e-002	-6.436555e-002
5.006398799832021e-003	-7.648519e-002	-6.351508e-002
5.007327371260595e-003	-7.730880e-002	-6.269147e-002
5.008255942689169e-003	-7.810554e-002	-6.189473e-002
5.009184514117743e-003	-7.887541e-002	-6.112485e-002
5.010113085546318e-003	-7.961841e-002	-6.038184e-002
5.011041656974891e-003	-8.033454e-002	-5.966569e-002
5.011513085546321e-003	-8.068984e-002	-5.931041e-002
5.011984514117751e-003	-8.103935e-002	-5.896091e-002
5.012455942689181e-003	-8.138307e-002	-5.861720e-002
5.012927371260610e-003	-8.172100e-002	-5.827927e-002
5.013398799832041e-003	-8.205314e-002	-5.794713e-002
5.013870228403470e-003	-8.237949e-002	-5.762078e-002
5.014341656974900e-003	-8.270004e-002	-5.730021e-002
5.014441656974900e-003	-8.276741e-002	-5.723289e-002
5.016313085546334e-003	-8.397176e-002	-5.602852e-002
5.018184514117768e-003	-8.510835e-002	-5.489193e-002
5.020055942689202e-003	-8.617718e-002	-5.382309e-002
5.021927371260635e-003	-8.717824e-002	-5.282203e-002
5.023798799832069e-003	-8.811154e-002	-5.188872e-002
5.025670228403502e-003	-8.897707e-002	-5.102318e-002
5.027541656974936e-003	-8.977485e-002	-5.022541e-002
5.030841656974945e-003	-9.103928e-002	-4.896097e-002
5.034141656974954e-003	-9.219344e-002	-4.780681e-002
5.037441656974963e-003	-9.323732e-002	-4.676294e-002
5.040741656974972e-003	-9.417092e-002	-4.582934e-002
5.044041656974981e-003	-9.499425e-002	-4.500601e-002
5.047341656974990e-003	-9.570730e-002	-4.429297e-002
5.050641656974999e-003	-9.631008e-002	-4.369020e-002
5.056484514117872e-003	-9.719854e-002	-4.280176e-002
5.062327371260745e-003	-9.797525e-002	-4.202506e-002
5.068170228403618e-003	-9.864020e-002	-4.136013e-002
5.074013085546492e-003	-9.919341e-002	-4.080695e-002
5.079855942689365e-003	-9.963487e-002	-4.036552e-002
5.085698799832238e-003	-9.996458e-002	-4.003585e-002
5.091541656975111e-003	-1.001825e-001	-3.981793e-002
5.100000000000000e-003	-1.004881e-001	-3.951228e-002
5.100010000000000e-003	-1.004771e-001	-3.952324e-002
5.100030000000000e-003	-1.004550e-001	-3.954530e-002
5.102375714285721e-003	-9.800921e-002	-4.199113e-002
5.104721428571442e-003	-9.572880e-002	-4.427155e-002
5.107067142857163e-003	-9.361381e-002	-4.638654e-002
5.109412857142883e-003	-9.166424e-002	-4.833610e-002
5.111758571428603e-003	-8.988010e-002	-5.012024e-002
5.114104285714324e-003	-8.826138e-002	-5.173896e-002
5.116450000000045e-003	-8.680809e-002	-5.319226e-002
5.116550000000045e-003	-8.674741e-002	-5.325294e-002
5.119064285714338e-003	-8.531781e-002	-5.468251e-002
5.121578571428630e-003	-8.399029e-002	-5.601002e-002
5.124092857142923e-003	-8.276484e-002	-5.723549e-002
5.126607142857216e-003	-8.164146e-002	-5.835890e-002
5.129121428571509e-003	-8.062016e-002	-5.938026e-002
5.131635714285801e-003	-7.970093e-002	-6.029956e-002
5.134150000000093e-003	-7.888377e-002	-6.111681e-002
5.136664285714386e-003	-7.813052e-002	-6.187007e-002
5.139178571428678e-003	-7.743104e-002	-6.256954e-002
5.141692857142971e-003	-7.678534e-002	-6.321524e-002
5.144207142857264e-003	-7.619341e-002	-6.380717e-002
5.146721428571557e-003	-7.565526e-002	-6.434532e-002
5.149235714285849e-003	-7.517089e-002	-6.482969e-002
5.151750000000142e-003	-7.474029e-002	-6.526029e-002
5.154264285714434e-003	-7.434335e-002	-6.565724e-002
5.156778571428726e-003	-7.397475e-002	-6.602583e-002
5.159292857143019e-003	-7.363450e-002	-6.636608e-002
5.161807142857312e-003	-7.332260e-002	-6.667799e-002
5.164321428571605e-003	-7.303904e-002	-6.696154e-002
5.166835714285897e-003	-7.278383e-002	-6.721675e-002
5.169350000000190e-003	-7.255697e-002	-6.744361e-002
5.171864285714482e-003	-7.234780e-002	-6.765278e-002
5.174378571428774e-003	-7.215357e-002	-6.784701e-002
5.176892857143067e-003	-7.197428e-002	-6.802630e-002
5.179407142857360e-003	-7.180992e-002	-6.819066e-002
5.181921428571653e-003	-7.166051e-002	-6.834008e-002
5.184435714285945e-003	-7.152603e-002	-6.847456e-002
5.186950000000238e-003	-7.140648e-002	-6.859410e-002
5.189464285714531e-003	-7.129633e-002	-6.870425e-002
5.191978571428823e-003	-7.119402e-002	-6.880656e-002
5.194492857143115e-003	-7.109957e-002	-6.890101e-002
5.197007142857408e-003	-7.101298e-002	-6.898761e-002
5.199521428571701e-003	-7.093423e-002	-6.906635e-002
5.202035714285993e-003	-7.086334e-002	-6.913724e-002
5.204550000000286e-003	-7.080030e-002	-6.920028e-002
5.206592857143149e-003	-7.075247e-002	-6.924811e-002
5.208635714286011e-003	-7.070754e-002	-6.929305e-002
5.210678571428874e-003	-7.066550e-002	-6.933508e-002
5.212721428571737e-003	-7.062637e-002	-6.937422e-002
5.214764285714600e-003	-7.059013e-002	-6.941045e-002
5.216807142857462e-003	-7.055680e-002	-6.944379e-002
5.218850000000325e-003	-7.052636e-002	-6.947422e-002
5.218950000000325e-003	-7.052493e-002	-6.947565e-002
5.221464285714618e-003	-7.049051e-002	-6.951005e-002
5.223978571428910e-003	-7.045855e-002	-6.954200e-002
5.226492857143203e-003	-7.042907e-002	-6.957150e-002
5.229007142857496e-003	-7.040206e-002	-6.959854e-002
5.231521428571789e-003	-7.037753e-002	-6.962313e-002
5.234035714286081e-003	-7.035546e-002	-6.964527e-002
5.236550000000373e-003	-7.033587e-002	-6.966496e-002
5.239078571428951e-003	-7.031769e-002	-6.968313e-002
5.241607142857530e-003	-7.030082e-002	-6.970000e-002
5.244135714286108e-003	-7.028524e-002	-6.971559e-002
5.246664285714687e-003	-7.027095e-002	-6.972987e-002
5.249192857143265e-003	-7.025795e-002	-6.974287e-002
5.251721428571844e-003	-7.024625e-002	-6.975457e-002
5.254250000000422e-003	-7.023585e-002	-6.976497e-002
5.256778571429000e-003	-7.022632e-002	-6.977450e-002
5.259307142857579e-003	-7.021747e-002	-6.978335e-002
5.261835714286157e-003	-7.020929e-002	-6.979153e-002
5.264364285714735e-003	-7.020178e-002	-6.979904e-002
5.266892857143313e-003	-7.019494e-002	-6.980588e-002
5.269421428571892e-003	-7.018877e-002	-6.981205e-002
5.271950000000470e-003	-7.018328e-002	-6.981754e-002
5.274507142857620e-003	-7.017823e-002	-6.982259e-002
5.277064285714770e-003	-7.017354e-002	-6.982728e-002
5.279621428571920e-003	-7.016921e-002	-6.983161e-002
5.282178571429069e-003	-7.016524e-002	-6.983558e-002
5.284735714286219e-003	-7.016164e-002	-6.983918e-002
5.287292857143369e-003	-7.015839e-002	-6.984243e-002
5.289850000000519e-003	-7.015550e-002	-6.984532e-002
5.292450000000526e-003	-7.015285e-002	-6.984797e-002
5.295050000000533e-003	-7.015039e-002	-6.985043e-002
5.297650000000541e-003	-7.014811e-002	-6.985271e-002
5.300250000000548e-003	-7.014601e-002	-6.985481e-002
5.302850000000555e-003	-7.014410e-002	-6.985672e-002
5.305450000000562e-003	-7.014238e-002	-6.985844e-002
5.308050000000569e-003	-7.014084e-002	-6.985998e-002
5.309935714286288e-003	-7.013981e-002	-6.986101e-002
5.311821428572008e-003	-7.013884e-002	-6.986198e-002
5.313707142857727e-003	-7.013793e-002	-6.986289e-002
5.315592857143447e-003	-7.013708e-002	-6.986374e-002
5.317478571429166e-003	-7.013629e-002	-6.986453e-002
5.319364285714886e-003	-7.013555e-002	-6.986527e-002
5.321250000000605e-003	-7.013488e-002	-6.986594e-002
5.321350000000605e-003	-7.013488e-002	-6.986594e-002
5.324121428572042e-003	-7.013396e-002	-6.986683e-002
5.326892857143478e-003	-7.013313e-002	-6.986766e-002
5.329664285714914e-003	-7.013237e-002	-6.986844e-002
5.332435714286350e-003	-7.013169e-002	-6.986915e-002
5.335207142857786e-003	-7.013108e-002	-6.986981e-002
5.337978571429222e-003	-7.013056e-002	-6.987041e-002
5.340750000000658e-003	-7.013011e-002	-6.987095e-002
5.343750000000667e-003	-7.012966e-002	-6.987139e-002
5.346750000000675e-003	-7.012925e-002	-6.987181e-002
5.349750000000683e-003	-7.012886e-002	-6.987220e-002
5.352750000000691e-003	-7.012850e-002	-6.987255e-002
5.355750000000699e-003	-7.012818e-002	-6.987288e-002
5.358750000000708e-003	-7.012788e-002	-6.987318e-002
5.361750000000716e-003	-7.012761e-002	-6.987345e-002
5.365221428572154e-003	-7.012733e-002	-6.987373e-002
5.368692857143592e-003	-7.012709e-002	-6.987397e-002
5.372164285715030e-003	-7.012687e-002	-6.987419e-002
5.375635714286468e-003	-7.012668e-002	-6.987438e-002
5.379107142857906e-003	-7.012652e-002	-6.987453e-002
5.382578571429344e-003	-7.012639e-002	-6.987466e-002
5.386050000000782e-003	-7.012630e-002	-6.987476e-002
5.390507142857937e-003	-7.012618e-002	-6.987488e-002
5.394964285715093e-003	-7.012608e-002	-6.987498e-002
5.399421428572248e-003	-7.012598e-002	-6.987508e-002
5.403878571429402e-003	-7.012590e-002	-6.987516e-002
5.408335714286557e-003	-7.012582e-002	-6.987524e-002
5.412792857143712e-003	-7.012575e-002	-6.987530e-002
5.417250000000868e-003	-7.012570e-002	-6.987536e-002
5.423750000000885e-003	-7.012558e-002	-6.987548e-002
5.431050000000905e-003	-7.012558e-002	-6.987557e-002
5.438350000000925e-003	-7.012558e-002	-6.987564e-002
5.445650000000945e-003	-7.012558e-002	-6.987570e-002
5.452950000000965e-003	-7.012558e-002	-6.987573e-002
5.460250000000985e-003	-7.012558e-002	-6.987575e-002
5.467550000001005e-003	-7.012558e-002	-6.987574e-002
5.474850000001025e-003	-7.012558e-002	-6.987572e-002
5.482164285715331e-003	-7.012559e-002	-6.987570e-002
5.489478571429636e-003	-7.012559e-002	-6.987570e-002
5.496792857143942e-003	-7.012559e-002	-6.987571e-002
5.504107142858248e-003	-7.012557e-002	-6.987573e-002
5.511421428572554e-003	-7.012554e-002	-6.987575e-002
5.518735714286859e-003	-7.012551e-002	-6.987579e-002
5.526050000001165e-003	-7.012546e-002	-6.987584e-002
5.526150000001165e-003	-7.012546e-002	-6.987584e-002
5.628550000001445e-003	-7.012558e-002	-6.987596e-002
5.730950000001726e-003	-7.012570e-002	-6.987607e-002
5.833350000002006e-003	-7.012582e-002	-6.987619e-002
5.935750000002286e-003	-7.012594e-002	-6.987631e-002
6.038150000002566e-003	-7.012594e-002	-6.987631e-002
6.140550000002846e-003	-7.012606e-002	-6.987643e-002
6.242950000003126e-003	-7.012618e-002	-6.987655e-002
6.345350000003406e-003	-7.012618e-002	-6.987655e-002
6.447750000003686e-003	-7.012630e-002	-6.987667e-002
6.550150000003966e-003	-7.012641e-002	-6.987679e-002
6.652550000004246e-003	-7.012641e-002	-6.987679e-002
6.754950000004526e-003	-7.012653e-002	-6.987691e-002
6.857350000004806e-003	-7.012653e-002	-6.987691e-002
6.959750000005086e-003	-7.012665e-002	-6.987703e-002
7.062150000005366e-003	-7.012665e-002	-6.987703e-002
7.164550000005646e-003	-7.012677e-002	-6.987715e-002
7.266950000005926e-003	-7.012677e-002	-6.987715e-002
7.369350000006206e-003	-7.012689e-002	-6.987727e-002
7.471750000006486e-003	-7.012689e-002	-6.987727e-002
7.574150000006766e-003	-7.012689e-002	-6.987727e-002
7.676550000007046e-003	-7.012701e-002	-6.987739e-002
7.778950000007326e-003	-7.012701e-002	-6.987739e-002
7.881350000007009e-003	-7.012701e-002	-6.987739e-002
7.983750000006401e-003	-7.012713e-002	-6.987751e-002
8.086150000005793e-003	-7.012713e-002	-6.987751e-002
8.188550000005184e-003	-7.012713e-002	-6.987751e-002
8.290950000004576e-003	-7.012725e-002	-6.987762e-002
8.393350000003968e-003	-7.012725e-002	-6.987762e-002
8.495750000003360e-003	-7.012725e-002	-6.987762e-002
8.598150000002752e-003	-7.012725e-002	-6.987762e-002
8.700550000002144e-003	-7.012737e-002	-6.987774e-002
8.802950000001536e-003	-7.012737e-002	-6.987774e-002
8.905350000000928e-003	-7.012737e-002	-6.987774e-002
9.007750000000319e-003	-7.012737e-002	-6.987774e-002
9.110149999999711e-003	-7.012749e-002	-6.987786e-002
9.212549999999103e-003	-7.012749e-002	-6.987786e-002
9.314949999998495e-003	-7.012749e-002	-6.987786e-002
9.417349999997887e-003	-7.012749e-002	-6.987786e-002
9.519749999997279e-003	-7.012749e-002	-6.987786e-002
9.622149999996671e-003	-7.012749e-002	-6.987786e-002
9.724549999996062e-003	-7.012761e-002	-6.987798e-002
9.826949999995454e-003	-7.012761e-002	-6.987798e-002
9.929349999994846e-003	-7.012761e-002	-6.987798e-002
1.003174999999424e-002	-7.012761e-002	-6.987798e-002
1.013414999999363e-002	-7.012761e-002	-6.987798e-002
1.023654999999302e-002	-7.012761e-002	-6.987798e-002
1.033894999999241e-002	-7.012761e-002	-6.987798e-002
1.044134999999181e-002	-7.012761e-002	-6.987798e-002
1.054374999999120e-002	-7.012773e-002	-6.987810e-002
1.064614999999059e-002	-7.012773e-002	-6.987810e-002
1.074854999998998e-002	-7.012773e-002	-6.987810e-002
1.085094999998937e-002	-7.012773e-002	-6.987810e-002
1.095334999998877e-002	-7.012773e-002	-6.987810e-002
1.105574999998816e-002	-7.012773e-002	-6.987810e-002
1.115814999998755e-002	-7.012773e-002	-6.987810e-002
1.126054999998694e-002	-7.012773e-002	-6.987810e-002
1.136294999998633e-002	-7.012784e-002	-6.987822e-002
1.146534999998572e-002	-7.012784e-002	-6.987822e-002
1.156774999998512e-002	-7.012784e-002	-6.987822e-002
1.167014999998451e-002	-7.012784e-002	-6.987822e-002
1.177254999998390e-002	-7.012784e-002	-6.987822e-002
1.187494999998329e-002	-7.012784e-002	-6.987822e-002
1.197734999998268e-002	-7.012784e-002	-6.987822e-002
1.207974999998208e-002	-7.012784e-002	-6.987822e-002
1.218214999998147e-002	-7.012784e-002	-6.987822e-002
1.228454999998086e-002	-7.012784e-002	-6.987822e-002
1.238694999998025e-002	-7.012784e-002	-6.987822e-002
1.248934999997964e-002	-7.012784e-002	-6.987822e-002
1.259174999997904e-002	-7.012784e-002	-6.987822e-002
1.269414999997843e-002	-7.012784e-002	-6.987822e-002
1.279654999997782e-002	-7.012784e-002	-6.987822e-002
1.289894999997721e-002	-7.012784e-002	-6.987822e-002
1.300134999997660e-002	-7.012784e-002	-6.987822e-002
1.310374999997599e-002	-7.012784e-002	-6.987822e-002
1.320614999997539e-002	-7.012784e-002	-6.987822e-002
1.330854999997478e-002	-7.012784e-002	-6.987822e-002
1.341094999997417e-002	-7.012784e-002	-6.987822e-002
1.351334999997356e-002	-7.012784e-002	-6.987822e-002
1.361574999997295e-002	-7.012784e-002	-6.987822e-002
1.371814999997235e-002	-7.012784e-002	-6.987822e-002
1.382054999997174e-002	-7.012784e-002	-6.987822e-002
1.392294999997113e-002	-7.012784e-002	-6.987822e-002
1.402534999997052e-002	-7.012784e-002	-6.987822e-002
1.412774999996991e-002	-7.012784e-002	-6.987822e-002
1.423014999996931e-002	-7.012784e-002	-6.987822e-002
1.433254999996870e-002	-7.012784e-002	-6.987822e-002
1.443494999996809e-002	-7.012784e-002	-6.987822e-002
1.453734999996748e-002	-7.012784e-002	-6.987822e-002
1.463974999996687e-002	-7.012784e-002	-6.987822e-002
1.474214999996626e-002	-7.012784e-002	-6.987822e-002
1.484454999996566e-002	-7.012784e-002	-6.987822e-002
1.494694999996505e-002	-7.012784e-002	-6.987822e-002
1.504934999996444e-002	-7.012784e-002	-6.987822e-002
1.515174999996383e-002	-7.012784e-002	-6.987822e-002
1.525414999996322e-002	-7.012784e-002	-6.987822e-002
1.535654999996262e-002	-7.012784e-002	-6.987822e-002
1.545894999996201e-002	-7.012784e-002	-6.987822e-002
1.556134999996140e-002	-7.012784e-002	-6.987822e-002
1.566374999996079e-002	-7.012784e-002	-6.987822e-002
1.576614999996018e-002	-7.012784e-002	-6.987822e-002
1.586854999995958e-002	-7.012784e-002	-6.987822e-002
1.597094999995897e-002	-7.012784e-002	-6.987822e-002
1.607334999995836e-002	-7.012784e-002	-6.987822e-002
1.617574999995775e-002	-7.012784e-002	-6.987822e-002
1.627814999995714e-002	-7.012784e-002	-6.987822e-002
1.638054999995654e-002	-7.012784e-002	-6.987822e-002
1.648294999995593e-002	-7.012784e-002	-6.987822e-002
1.658534999995532e-002	-7.012784e-002	-6.987822e-002
1.668774999995471e-002	-7.012784e-002	-6.987822e-002
1.679014999995410e-002	-7.012784e-002	-6.987822e-002
1.689254999995350e-002	-7.012784e-002	-6.987822e-002
1.699494999995289e-002	-7.012784e-002	-6.987822e-002
1.709734999995228e-002	-7.012784e-002	-6.987822e-002
1.719974999995167e-002	-7.012784e-002	-6.987822e-002
1.730214999995106e-002	-7.012784e-002	-6.987822e-002
1.740454999995045e-002	-7.012784e-002	-6.987822e-002
1.750694999994985e-002	-7.012784e-002	-6.987822e-002
1.760934999994924e-002	-7.012784e-002	-6.987822e-002
1.771174999994863e-002	-7.012784e-002	-6.987822e-002
1.781414999994802e-002	-7.012784e-002	-6.987822e-002
1.791654999994741e-002	-7.012784e-002	-6.987822e-002
1.801894999994681e-002	-7.012784e-002	-6.987822e-002
1.812134999994620e-002	-7.012784e-002	-6.987822e-002
1.822374999994559e-002	-7.012784e-002	-6.987822e-002
1.832614999994498e-002	-7.012784e-002	-6.987822e-002
1.842854999994437e-002	-7.012784e-002	-6.987822e-002
1.853094999994377e-002	-7.012784e-002	-6.987822e-002
1.863334999994316e-002	-7.012784e-002	-6.987822e-002
1.873574999994255e-002	-7.012784e-002	-6.987822e-002
1.883814999994194e-002	-7.012784e-002	-6.987822e-002
1.894054999994133e-002	-7.012784e-002	-6.987822e-002
1.904294999994072e-002	-7.012784e-002	-6.987822e-002
1.914534999994012e-002	-7.012784e-002	-6.987822e-002
1.924774999993951e-002	-7.012784e-002	-6.987822e-002
1.935014999993890e-002	-7.012784e-002	-6.987822e-002
1.945254999993829e-002	-7.012784e-002	-6.987822e-002
1.955494999993768e-002	-7.012784e-002	-6.987822e-002
1.965734999993708e-002	-7.012784e-002	-6.987822e-002
1.975974999993647e-002	-7.012784e-002	-6.987822e-002
1.986214999993586e-002	-7.012784e-002	-6.987822e-002
1.996454999993525e-002	-7.012784e-002	-6.987822e-002
2.006694999993464e-002	-7.012784e-002	-6.987822e-002
2.016934999993403e-002	-7.012784e-002	-6.987822e-002
2.027174999993343e-002	-7.012784e-002	-6.987822e-002
2.037414999993282e-002	-7.012784e-002	-6.987822e-002
2.047654999993221e-002	-7.012784e-002	-6.987822e-002
2.057894999993160e-002	-7.012784e-002	-6.987822e-002
2.068134999993099e-002	-7.012784e-002	-6.987822e-002
2.078374999993039e-002	-7.012784e-002	-6.987822e-002
2.088614999992978e-002	-7.012784e-002	-6.987822e-002
2.098854999992917e-002	-7.012784e-002	-6.987822e-002
2.109094999992856e-002	-7.012784e-002	-6.987822e-002
2.119334999992795e-002	-7.012784e-002	-6.987822e-002
2.129574999992735e-002	-7.012784e-002	-6.987822e-002
2.139814999992674e-002	-7.012784e-002	-6.987822e-002
2.150054999992613e-002	-7.012784e-002	-6.987822e-002
2.160294999992552e-002	-7.012784e-002	-6.987822e-002
2.170534999992491e-002	-7.012784e-002	-6.987822e-002
2.180774999992430e-002	-7.012784e-002	-6.987822e-002
2.191014999992370e-002	-7.012784e-002	-6.987822e-002
2.201254999992309e-002	-7.012784e-002	-6.987822e-002
2.211494999992248e-002	-7.012784e-002	-6.987822e-002
2.221734999992187e-002	-7.012784e-002	-6.987822e-002
2.231974999992126e-002	-7.012784e-002	-6.987822e-002
2.242214999992066e-002	-7.012784e-002	-6.987822e-002
2.252454999992005e-002	-7.012784e-002	-6.987822e-002
2.262694999991944e-002	-7.012784e-002	-6.987822e-002
2.272934999991883e-002	-7.012784e-002	-6.987822e-002
2.283174999991822e-002	-7.012784e-002	-6.987822e-002
2.293414999991762e-002	-7.012784e-002	-6.987822e-002
2.303654999991701e-002	-7.012784e-002	-6.987822e-002
2.313894999991640e-002	-7.012784e-002	-6.987822e-002
2.324134999991579e-002	-7.012784e-002	-6.987822e-002
2.334374999991518e-002	-7.012784e-002	-6.987822e-002
2.344614999991457e-002	-7.012784e-002	-6.987822e-002
2.354854999991397e-002	-7.012784e-002	-6.987822e-002
2.365094999991336e-002	-7.012784e-002	-6.987822e-002
2.375334999991275e-002	-7.012784e-002	-6.987822e-002
2.385574999991214e-002	-7.012784e-002	-6.987822e-002
2.395814999991153e-002	-7.012784e-002	-6.987822e-002
2.406054999991093e-002	-7.012784e-002	-6.987822e-002
2.416294999991032e-002	-7.012784e-002	-6.987822e-002
2.426534999990971e-002	-7.012784e-002	-6.987822e-002
2.436774999990910e-002	-7.012784e-002	-6.987822e-002
2.447014999990849e-002	-7.012784e-002	-6.987822e-002
2.457254999990789e-002	-7.012784e-002	-6.987822e-002
2.467494999990728e-002	-7.012784e-002	-6.987822e-002
2.477734999990667e-002	-7.012784e-002	-6.987822e-002
2.487974999990606e-002	-7.012784e-002	-6.987822e-002
2.498214999990545e-002	-7.012784e-002	-6.987822e-002
2.500000000000000e-002	-7.012784e-002	-6.987822e-002
2.500001000000000e-002	-7.011664e-002	-6.988955e-002
2.500003000000000e-002	-7.009387e-002	-6.991220e-002
2.500020000000000e-002	-6.990159e-002	-7.010460e-002
2.500109285714285e-002	-6.891291e-002	-7.109321e-002
2.500198571428570e-002	-6.795347e-002	-7.205262e-002
2.500287857142856e-002	-6.702324e-002	-7.298282e-002
2.500377142857141e-002	-6.612224e-002	-7.388383e-002
2.500466428571426e-002	-6.525046e-002	-7.475562e-002
2.500555714285711e-002	-6.440791e-002	-7.559822e-002
2.500644999999997e-002	-6.359458e-002	-7.641160e-002
2.500847857142852e-002	-6.185679e-002	-7.814940e-002
2.501050714285709e-002	-6.022349e-002	-7.978271e-002
2.501253571428564e-002	-5.869468e-002	-8.131152e-002
2.501456428571420e-002	-5.727035e-002	-8.273583e-002
2.501659285714276e-002	-5.595050e-002	-8.405565e-002
2.501862142857132e-002	-5.473514e-002	-8.527097e-002
2.502064999999988e-002	-5.362427e-002	-8.638179e-002
2.502389285714272e-002	-5.202567e-002	-8.798043e-002
2.502713571428556e-002	-5.056483e-002	-8.944128e-002
2.503037857142839e-002	-4.924177e-002	-9.076435e-002
2.503362142857123e-002	-4.805648e-002	-9.194964e-002
2.503686428571407e-002	-4.700897e-002	-9.299715e-002
2.504010714285691e-002	-4.609922e-002	-9.390687e-002
2.504334999999975e-002	-4.532725e-002	-9.467882e-002
2.504717857142829e-002	-4.451425e-002	-9.549185e-002
2.505100714285685e-002	-4.377975e-002	-9.622637e-002
2.505483571428539e-002	-4.312373e-002	-9.688239e-002
2.505866428571394e-002	-4.254621e-002	-9.745991e-002
2.506249285714249e-002	-4.204718e-002	-9.795892e-002
2.506632142857104e-002	-4.162664e-002	-9.837944e-002
2.507014999999959e-002	-4.128459e-002	-9.872144e-002
2.507190714285672e-002	-4.113341e-002	-9.887263e-002
2.507366428571385e-002	-4.099019e-002	-9.901584e-002
2.507542142857099e-002	-4.085495e-002	-9.915109e-002
2.507717857142812e-002	-4.072768e-002	-9.927835e-002
2.507893571428525e-002	-4.060838e-002	-9.939765e-002
2.508069285714238e-002	-4.049705e-002	-9.950897e-002
2.508244999999951e-002	-4.039370e-002	-9.961233e-002
2.508394999999951e-002	-4.030944e-002	-9.969658e-002
2.508942142857090e-002	-4.005384e-002	-9.995218e-002
2.509489285714230e-002	-3.982861e-002	-1.001774e-001
2.510036428571369e-002	-3.963373e-002	-1.003723e-001
2.510583571428509e-002	-3.946922e-002	-1.005368e-001
2.511130714285649e-002	-3.933507e-002	-1.006709e-001
2.511677857142788e-002	-3.923128e-002	-1.007747e-001
2.512224999999928e-002	-3.915785e-002	-1.008481e-001
2.512539285714211e-002	-3.911555e-002	-1.008904e-001
2.512853571428496e-002	-3.907649e-002	-1.009295e-001
2.513167857142779e-002	-3.904066e-002	-1.009653e-001
2.513482142857063e-002	-3.900808e-002	-1.009979e-001
2.513796428571347e-002	-3.897873e-002	-1.010272e-001
2.514110714285631e-002	-3.895263e-002	-1.010533e-001
2.514424999999915e-002	-3.892976e-002	-1.010761e-001
2.518634999999890e-002	-3.874898e-002	-1.012567e-001
2.520000000000000e-002	-3.871799e-002	-1.012876e-001
2.520001000000000e-002	-3.872931e-002	-1.012763e-001
2.520003000000000e-002	-3.875208e-002	-1.012535e-001
2.520253285714284e-002	-4.141773e-002	-9.858785e-002
2.520503571428569e-002	-4.389375e-002	-9.611184e-002
2.520753857142853e-002	-4.618011e-002	-9.382548e-002
2.521004142857137e-002	-4.827683e-002	-9.172876e-002
2.521254428571421e-002	-5.018391e-002	-8.982168e-002
2.521504714285706e-002	-5.190134e-002	-8.810425e-002
2.521754999999990e-002	-5.342913e-002	-8.657646e-002
2.522006428571417e-002	-5.484379e-002	-8.516180e-002
2.522257857142844e-002	-5.615746e-002	-8.384813e-002
2.522509285714271e-002	-5.737012e-002	-8.263547e-002
2.522760714285698e-002	-5.848178e-002	-8.152381e-002
2.523012142857125e-002	-5.949244e-002	-8.051315e-002
2.523263571428552e-002	-6.040210e-002	-7.960349e-002
2.523514999999979e-002	-6.121075e-002	-7.879484e-002
2.523766428571406e-002	-6.195611e-002	-7.804938e-002
2.524017857142833e-002	-6.264826e-002	-7.735716e-002
2.524269285714260e-002	-6.328720e-002	-7.671817e-002
2.524520714285688e-002	-6.387292e-002	-7.613241e-002
2.524772142857115e-002	-6.440544e-002	-7.559988e-002
2.525023571428542e-002	-6.488474e-002	-7.512058e-002
2.525274999999969e-002	-6.531084e-002	-7.469451e-002
2.525526428571396e-002	-6.570362e-002	-7.430173e-002
2.525777857142823e-002	-6.606836e-002	-7.393699e-002
2.526029285714250e-002	-6.640506e-002	-7.360029e-002
2.526280714285677e-002	-6.671371e-002	-7.329164e-002
2.526532142857104e-002	-6.699431e-002	-7.301104e-002
2.526783571428531e-002	-6.724687e-002	-7.275848e-002
2.527034999999958e-002	-6.747139e-002	-7.253397e-002
2.527286428571385e-002	-6.767834e-002	-7.232701e-002
2.527537857142813e-002	-6.787052e-002	-7.213483e-002
2.527789285714240e-002	-6.804792e-002	-7.195743e-002
2.528040714285667e-002	-6.821056e-002	-7.179479e-002
2.528292142857094e-002	-6.835842e-002	-7.164693e-002
2.528543571428521e-002	-6.849151e-002	-7.151384e-002
2.528794999999948e-002	-6.860983e-002	-7.139552e-002
2.528844999999948e-002	-6.863272e-002	-7.137263e-002
2.529096428571375e-002	-6.873974e-002	-7.126552e-002
2.529347857142802e-002	-6.883912e-002	-7.116606e-002
2.529599285714229e-002	-6.893088e-002	-7.107425e-002
2.529850714285656e-002	-6.901501e-002	-7.099009e-002
2.530102142857083e-002	-6.909151e-002	-7.091358e-002
2.530353571428510e-002	-6.916038e-002	-7.084471e-002
2.530604999999937e-002	-6.922162e-002	-7.078350e-002
2.530856428571364e-002	-6.927805e-002	-7.072706e-002
2.531107857142791e-002	-6.933045e-002	-7.067466e-002
2.531359285714218e-002	-6.937883e-002	-7.062629e-002
2.531610714285646e-002	-6.942317e-002	-7.058194e-002
2.531862142857073e-002	-6.946349e-002	-7.054162e-002
2.532113571428500e-002	-6.949978e-002	-7.050533e-002
2.532364999999927e-002	-6.953204e-002	-7.047307e-002
2.532616428571354e-002	-6.956177e-002	-7.044335e-002
2.532867857142781e-002	-6.958937e-002	-7.041574e-002
2.533119285714208e-002	-6.961486e-002	-7.039025e-002
2.533370714285635e-002	-6.963823e-002	-7.036689e-002
2.533622142857062e-002	-6.965947e-002	-7.034564e-002
2.533873571428489e-002	-6.967859e-002	-7.032652e-002
2.534124999999916e-002	-6.969559e-002	-7.030952e-002
2.534377857142772e-002	-6.971125e-002	-7.029377e-002
2.534630714285628e-002	-6.972580e-002	-7.027915e-002
2.534883571428483e-002	-6.973924e-002	-7.026566e-002
2.535136428571339e-002	-6.975157e-002	-7.025329e-002
2.535389285714194e-002	-6.976279e-002	-7.024206e-002
2.535642142857050e-002	-6.977290e-002	-7.023195e-002
2.535894999999906e-002	-6.978190e-002	-7.022297e-002
2.536149285714190e-002	-6.979020e-002	-7.021467e-002
2.536403571428474e-002	-6.979791e-002	-7.020696e-002
2.536657857142758e-002	-6.980503e-002	-7.019984e-002
2.536912142857043e-002	-6.981155e-002	-7.019332e-002
2.537166428571327e-002	-6.981748e-002	-7.018739e-002
2.537420714285611e-002	-6.982281e-002	-7.018206e-002
2.537674999999895e-002	-6.982756e-002	-7.017732e-002
2.537874999999894e-002	-6.983101e-002	-7.017386e-002
2.538074999999893e-002	-6.983427e-002	-7.017061e-002
2.538274999999892e-002	-6.983731e-002	-7.016756e-002
2.538474999999891e-002	-6.984016e-002	-7.016471e-002
2.538674999999889e-002	-6.984280e-002	-7.016207e-002
2.538874999999888e-002	-6.984523e-002	-7.015964e-002
2.539074999999887e-002	-6.984746e-002	-7.015741e-002
2.539084999999887e-002	-6.984758e-002	-7.015729e-002
2.539344999999885e-002	-6.985020e-002	-7.015458e-002
2.539604999999884e-002	-6.985263e-002	-7.015208e-002
2.539864999999882e-002	-6.985488e-002	-7.014978e-002
2.540124999999881e-002	-6.985694e-002	-7.014768e-002
2.540384999999879e-002	-6.985881e-002	-7.014579e-002
2.540644999999878e-002	-6.986050e-002	-7.014411e-002
2.540904999999876e-002	-6.986201e-002	-7.014263e-002
2.541172142857017e-002	-6.986339e-002	-7.014124e-002
2.541439285714158e-002	-6.986467e-002	-7.013996e-002
2.541706428571300e-002	-6.986586e-002	-7.013877e-002
2.541973571428441e-002	-6.986695e-002	-7.013768e-002
2.542240714285583e-002	-6.986794e-002	-7.013669e-002
2.542507857142724e-002	-6.986884e-002	-7.013580e-002
2.542774999999865e-002	-6.986964e-002	-7.013500e-002
2.543057857142720e-002	-6.987039e-002	-7.013424e-002
2.543340714285576e-002	-6.987109e-002	-7.013355e-002
2.543623571428431e-002	-6.987172e-002	-7.013291e-002
2.543906428571287e-002	-6.987230e-002	-7.013233e-002
2.544189285714142e-002	-6.987282e-002	-7.013181e-002
2.544472142856998e-002	-6.987329e-002	-7.013135e-002
2.544754999999853e-002	-6.987369e-002	-7.013094e-002
2.545066428571280e-002	-6.987402e-002	-7.013052e-002
2.545377857142707e-002	-6.987433e-002	-7.013014e-002
2.545689285714133e-002	-6.987462e-002	-7.012979e-002
2.546000714285560e-002	-6.987490e-002	-7.012948e-002
2.546312142856987e-002	-6.987515e-002	-7.012922e-002
2.546623571428414e-002	-6.987538e-002	-7.012899e-002
2.546934999999840e-002	-6.987560e-002	-7.012880e-002
2.547274999999838e-002	-6.987578e-002	-7.012862e-002
2.547614999999836e-002	-6.987595e-002	-7.012844e-002
2.547954999999834e-002	-6.987612e-002	-7.012828e-002
2.548294999999832e-002	-6.987627e-002	-7.012813e-002
2.548634999999830e-002	-6.987641e-002	-7.012798e-002
2.548974999999828e-002	-6.987655e-002	-7.012785e-002
2.549314999999826e-002	-6.987667e-002	-7.012773e-002
2.549324999999826e-002	-6.987667e-002	-7.012773e-002
2.549807857142680e-002	-6.987669e-002	-7.012761e-002
2.550290714285535e-002	-6.987672e-002	-7.012751e-002
2.550773571428389e-002	-6.987677e-002	-7.012741e-002
2.551256428571243e-002	-6.987682e-002	-7.012733e-002
2.551739285714097e-002	-6.987688e-002	-7.012725e-002
2.552222142856952e-002	-6.987695e-002	-7.012719e-002
2.552704999999806e-002	-6.987703e-002	-7.012713e-002
2.553463571428373e-002	-6.987709e-002	-7.012710e-002
2.554222142856940e-002	-6.987713e-002	-7.012706e-002
2.554980714285507e-002	-6.987715e-002	-7.012703e-002
2.555739285714074e-002	-6.987715e-002	-7.012699e-002
2.556497857142641e-002	-6.987713e-002	-7.012696e-002
2.557256428571208e-002	-6.987709e-002	-7.012693e-002
2.558014999999774e-002	-6.987703e-002	-7.012689e-002
2.559564999999765e-002	-6.987703e-002	-7.012689e-002
2.561026428571185e-002	-6.987704e-002	-7.012681e-002
2.562487857142605e-002	-6.987704e-002	-7.012674e-002
2.563949285714025e-002	-6.987704e-002	-7.012668e-002
2.565410714285445e-002	-6.987702e-002	-7.012663e-002
2.566872142856865e-002	-6.987699e-002	-7.012659e-002
2.568333571428285e-002	-6.987696e-002	-7.012656e-002
2.569794999999705e-002	-6.987691e-002	-7.012653e-002
2.569804999999704e-002	-6.987691e-002	-7.012653e-002
2.580044999999644e-002	-6.987679e-002	-7.012641e-002
2.590284999999583e-002	-6.987655e-002	-7.012618e-002
2.600524999999522e-002	-6.987643e-002	-7.012606e-002
2.610764999999461e-002	-6.987619e-002	-7.012582e-002
2.621004999999400e-002	-6.987607e-002	-7.012570e-002
2.631244999999340e-002	-6.987596e-002	-7.012558e-002
2.641484999999279e-002	-6.987572e-002	-7.012534e-002
2.651724999999218e-002	-6.987560e-002	-7.012522e-002
2.661964999999157e-002	-6.987548e-002	-7.012510e-002
2.672204999999096e-002	-6.987536e-002	-7.012498e-002
2.682444999999036e-002	-6.987524e-002	-7.012486e-002
2.692684999998975e-002	-6.987512e-002	-7.012475e-002
2.702924999998914e-002	-6.987500e-002	-7.012463e-002
2.713164999998853e-002	-6.987488e-002	-7.012451e-002
2.723404999998792e-002	-6.987476e-002	-7.012439e-002
2.733644999998731e-002	-6.987464e-002	-7.012427e-002
2.743884999998671e-002	-6.987453e-002	-7.012415e-002
2.754124999998610e-002	-6.987453e-002	-7.012415e-002
2.764364999998549e-002	-6.987441e-002	-7.012403e-002
2.774604999998488e-002	-6.987429e-002	-7.012391e-002
2.784844999998427e-002	-6.987417e-002	-7.012379e-002
2.795084999998367e-002	-6.987417e-002	-7.012379e-002
2.805324999998306e-002	-6.987405e-002	-7.012367e-002
2.815564999998245e-002	-6.987405e-002	-7.012367e-002
2.825804999998184e-002	-6.987393e-002	-7.012355e-002
2.836044999998123e-002	-6.987381e-002	-7.012343e-002
2.846284999998062e-002	-6.987381e-002	-7.012343e-002
2.856524999998002e-002	-6.987369e-002	-7.012331e-002
2.866764999997941e-002	-6.987369e-002	-7.012331e-002
2.877004999997880e-002	-6.987357e-002	-7.012320e-002
2.887244999997819e-002	-6.987357e-002	-7.012320e-002
2.897484999997758e-002	-6.987357e-002	-7.012320e-002
2.907724999997698e-002	-6.987345e-002	-7.012308e-002
2.917964999997637e-002	-6.987345e-002	-7.012308e-002
2.928204999997576e-002	-6.987333e-002	-7.012296e-002
2.938444999997515e-002	-6.987333e-002	-7.012296e-002
2.948684999997454e-002	-6.987333e-002	-7.012296e-002
2.958924999997394e-002	-6.987321e-002	-7.012284e-002
2.969164999997333e-002	-6.987321e-002	-7.012284e-002
2.979404999997272e-002	-6.987321e-002	-7.012284e-002
2.989644999997211e-002	-6.987309e-002	-7.012272e-002
2.999884999997150e-002	-6.987309e-002	-7.012272e-002
3.010124999997089e-002	-6.987309e-002	-7.012272e-002
3.020364999997029e-002	-6.987309e-002	-7.012272e-002
3.030604999996968e-002	-6.987298e-002	-7.012260e-002
3.040844999996907e-002	-6.987298e-002	-7.012260e-002
3.051084999996846e-002	-6.987298e-002	-7.012260e-002
3.061324999996785e-002	-6.987298e-002	-7.012260e-002
3.071564999996725e-002	-6.987286e-002	-7.012248e-002
3.081804999996664e-002	-6.987286e-002	-7.012248e-002
3.092044999996603e-002	-6.987286e-002	-7.012248e-002
3.102284999996542e-002	-6.987286e-002	-7.012248e-002
3.112524999996481e-002	-6.987286e-002	-7.012248e-002
3.122764999996421e-002	-6.987286e-002	-7.012248e-002
3.133004999996637e-002	-6.987274e-002	-7.012236e-002
3.143244999996932e-002	-6.987274e-002	-7.012236e-002
3.153484999997226e-002	-6.987274e-002	-7.012236e-002
3.163724999997521e-002	-6.987274e-002	-7.012236e-002
3.173964999997815e-002	-6.987274e-002	-7.012236e-002
3.184204999998110e-002	-6.987274e-002	-7.012236e-002
3.194444999998404e-002	-6.987262e-002	-7.012224e-002
3.204684999998698e-002	-6.987262e-002	-7.012224e-002
3.214924999998993e-002	-6.987262e-002	-7.012224e-002
3.225164999999287e-002	-6.987262e-002	-7.012224e-002
3.235404999999582e-002	-6.987262e-002	-7.012224e-002
3.245644999999876e-002	-6.987262e-002	-7.012224e-002
3.255885000000171e-002	-6.987262e-002	-7.012224e-002
3.266125000000465e-002	-6.987262e-002	-7.012224e-002
3.276365000000760e-002	-6.987262e-002	-7.012224e-002
3.286605000001054e-002	-6.987262e-002	-7.012224e-002
3.296845000001349e-002	-6.987262e-002	-7.012224e-002
3.307085000001643e-002	-6.987262e-002	-7.012224e-002
3.317325000001938e-002	-6.987262e-002	-7.012224e-002
3.327565000002232e-002	-6.987262e-002	-7.012224e-002
3.337805000002526e-002	-6.987250e-002	-7.012212e-002
3.348045000002821e-002	-6.987250e-002	-7.012212e-002
3.358285000003115e-002	-6.987250e-002	-7.012212e-002
3.368525000003410e-002	-6.987250e-002	-7.012212e-002
3.378765000003704e-002	-6.987250e-002	-7.012212e-002
3.389005000003999e-002	-6.987250e-002	-7.012212e-002
3.399245000004293e-002	-6.987250e-002	-7.012212e-002
3.409485000004588e-002	-6.987250e-002	-7.012212e-002
3.419725000004882e-002	-6.987250e-002	-7.012212e-002
3.429965000005177e-002	-6.987250e-002	-7.012212e-002
3.440205000005471e-002	-6.987250e-002	-7.012212e-002
3.450445000005765e-002	-6.987250e-002	-7.012212e-002
3.460685000006060e-002	-6.987250e-002	-7.012212e-002
3.470925000006354e-002	-6.987250e-002	-7.012212e-002
3.481165000006649e-002	-6.987250e-002	-7.012212e-002
3.491405000006943e-002	-6.987250e-002	-7.012212e-002
3.501645000007238e-002	-6.987238e-002	-7.012200e-002
3.511885000007532e-002	-6.987238e-002	-7.012200e-002
3.522125000007827e-002	-6.987238e-002	-7.012200e-002
3.532365000008121e-002	-6.987238e-002	-7.012200e-002
3.542605000008416e-002	-6.987238e-002	-7.012200e-002
3.552845000008710e-002	-6.987238e-002	-7.012200e-002
3.563085000009005e-002	-6.987238e-002	-7.012200e-002
3.573325000009299e-002	-6.987238e-002	-7.012200e-002
3.583565000009593e-002	-6.987238e-002	-7.012200e-002
3.593805000009888e-002	-6.987238e-002	-7.012200e-002
3.604045000010182e-002	-6.987238e-002	-7.012200e-002
3.614285000010477e-002	-6.987238e-002	-7.012200e-002
3.624525000010771e-002	-6.987238e-002	-7.012200e-002
3.634765000011066e-002	-6.987238e-002	-7.012200e-002
3.645005000011360e-002	-6.987238e-002	-7.012200e-002
3.655245000011655e-002	-6.987238e-002	-7.012200e-002
3.665485000011949e-002	-6.987238e-002	-7.012200e-002
3.675725000012244e-002	-6.987238e-002	-7.012200e-002
3.685965000012538e-002	-6.987238e-002	-7.012200e-002
3.696205000012832e-002	-6.987238e-002	-7.012200e-002
3.706445000013127e-002	-6.987238e-002	-7.012200e-002
3.716685000013421e-002	-6.987238e-002	-7.012200e-002
3.726925000013716e-002	-6.987238e-002	-7.012200e-002
3.737165000014010e-002	-6.987238e-002	-7.012200e-002
3.747405000014305e-002	-6.987238e-002	-7.012200e-002
3.757645000014599e-002	-6.987238e-002	-7.012200e-002
3.767885000014894e-002	-6.987238e-002	-7.012200e-002
3.778125000015188e-002	-6.987238e-002	-7.012200e-002
3.788365000015483e-002	-6.987238e-002	-7.012200e-002
3.798605000015777e-002	-6.987238e-002	-7.012200e-002
3.808845000016072e-002	-6.987238e-002	-7.012200e-002
3.819085000016366e-002	-6.987238e-002	-7.012200e-002
3.829325000016660e-002	-6.987238e-002	-7.012200e-002
3.839565000016955e-002	-6.987238e-002	-7.012200e-002
3.849805000017249e-002	-6.987238e-002	-7.012200e-002
3.860045000017544e-002	-6.987238e-002	-7.012200e-002
3.870285000017838e-002	-6.987238e-002	-7.012200e-002
3.880525000018133e-002	-6.987238e-002	-7.012200e-002
3.890765000018427e-002	-6.987238e-002	-7.012200e-002
3.901005000018722e-002	-6.987238e-002	-7.012200e-002
3.911245000019016e-002	-6.987238e-002	-7.012200e-002
3.921485000019311e-002	-6.987238e-002	-7.012200e-002
3.931725000019605e-002	-6.987238e-002	-7.012200e-002
3.941965000019899e-002	-6.987238e-002	-7.012200e-002
3.952205000020194e-002	-6.987238e-002	-7.012200e-002
3.962445000020488e-002	-6.987238e-002	-7.012200e-002
3.972685000020783e-002	-6.987238e-002	-7.012200e-002
3.982925000021077e-002	-6.987238e-002	-7.012200e-002
3.993165000021372e-002	-6.987238e-002	-7.012200e-002
4.003405000021666e-002	-6.987238e-002	-7.012200e-002
4.013645000021961e-002	-6.987238e-002	-7.012200e-002
4.023885000022255e-002	-6.987238e-002	-7.012200e-002
4.034125000022550e-002	-6.987238e-002	-7.012200e-002
4.044365000022844e-002	-6.987238e-002	-7.012200e-002
4.054605000023139e-002	-6.987238e-002	-7.012200e-002
4.064845000023433e-002	-6.987238e-002	-7.012200e-002
4.075085000023727e-002	-6.987238e-002	-7.012200e-002
4.085325000024022e-002	-6.987238e-002	-7.012200e-002
4.095565000024316e-002	-6.987238e-002	-7.012200e-002
4.105805000024611e-002	-6.987238e-002	-7.012200e-002
4.116045000024905e-002	-6.987238e-002	-7.012200e-002
4.126285000025200e-002	-6.987238e-002	-7.012200e-002
4.136525000025494e-002	-6.987238e-002	-7.012200e-002
4.146765000025789e-002	-6.987238e-002	-7.012200e-002
4.157005000026083e-002	-6.987238e-002	-7.012200e-002
4.167245000026378e-002	-6.987238e-002	-7.012200e-002
4.177485000026672e-002	-6.987238e-002	-7.012200e-002
4.187725000026966e-002	-6.987238e-002	-7.012200e-002
4.197965000027261e-002	-6.987238e-002	-7.012200e-002
4.208205000027555e-002	-6.987238e-002	-7.012200e-002
4.218445000027850e-002	-6.987238e-002	-7.012200e-002
4.228685000028144e-002	-6.987238e-002	-7.012200e-002
4.238925000028439e-002	-6.987238e-002	-7.012200e-002
4.249165000028733e-002	-6.987238e-002	-7.012200e-002
4.259405000029028e-002	-6.987238e-002	-7.012200e-002
4.269645000029322e-002	-6.987238e-002	-7.012200e-002
4.279885000029617e-002	-6.987238e-002	-7.012200e-002
4.290125000029911e-002	-6.987238e-002	-7.012200e-002
4.300365000030205e-002	-6.987238e-002	-7.012200e-002
4.310605000030500e-002	-6.987238e-002	-7.012200e-002
4.320845000030794e-002	-6.987238e-002	-7.012200e-002
4.331085000031089e-002	-6.987238e-002	-7.012200e-002
4.341325000031383e-002	-6.987238e-002	-7.012200e-002
4.351565000031678e-002	-6.987238e-002	-7.012200e-002
4.361805000031972e-002	-6.987238e-002	-7.012200e-002
4.372045000032267e-002	-6.987238e-002	-7.012200e-002
4.382285000032561e-002	-6.987238e-002	-7.012200e-002
4.392525000032856e-002	-6.987238e-002	-7.012200e-002
4.402765000033150e-002	-6.987238e-002	-7.012200e-002
4.413005000033445e-002	-6.987238e-002	-7.012200e-002
4.423245000033739e-002	-6.987238e-002	-7.012200e-002
4.433485000034033e-002	-6.987238e-002	-7.012200e-002
4.443725000034328e-002	-6.987238e-002	-7.012200e-002
4.453965000034622e-002	-6.987238e-002	-7.012200e-002
4.464205000034917e-002	-6.987238e-002	-7.012200e-002
4.474445000035211e-002	-6.987238e-002	-7.012200e-002
4.484685000035506e-002	-6.987238e-002	-7.012200e-002
4.494925000035800e-002	-6.987238e-002	-7.012200e-002
4.500000000000000e-002	-6.987238e-002	-7.012200e-002
4.500001000000000e-002	-6.988358e-002	-7.011068e-002
4.500003000000000e-002	-6.990623e-002	-7.008791e-002
4.500010000000000e-002	-6.998575e-002	-7.000864e-002
4.500015600000000e-002	-7.004905e-002	-6.994534e-002
4.500042000000001e-002	-7.034576e-002	-6.964850e-002
4.500142000000004e-002	-7.144149e-002	-6.855282e-002
4.500242000000006e-002	-7.250134e-002	-6.749301e-002
4.500342000000009e-002	-7.352531e-002	-6.646906e-002
4.500442000000012e-002	-7.451340e-002	-6.548099e-002
4.500542000000015e-002	-7.546562e-002	-6.452878e-002
4.500642000000018e-002	-7.638195e-002	-6.361245e-002
4.500742000000021e-002	-7.726240e-002	-6.273198e-002
4.500954857142884e-002	-7.901768e-002	-6.097671e-002
4.501167714285748e-002	-8.066324e-002	-5.933115e-002
4.501380571428611e-002	-8.219908e-002	-5.779530e-002
4.501593428571474e-002	-8.362520e-002	-5.636918e-002
4.501806285714337e-002	-8.494160e-002	-5.505277e-002
4.502019142857201e-002	-8.614827e-002	-5.384607e-002
4.502232000000064e-002	-8.724523e-002	-5.274910e-002
4.502569142857216e-002	-8.880300e-002	-5.119132e-002
4.502906285714368e-002	-9.022274e-002	-4.977158e-002
4.503243428571521e-002	-9.150444e-002	-4.848988e-002
4.503580571428674e-002	-9.264811e-002	-4.734622e-002
4.503917714285827e-002	-9.365374e-002	-4.634060e-002
4.504254857142979e-002	-9.452134e-002	-4.547302e-002
4.504592000000132e-002	-9.525090e-002	-4.474348e-002
4.505102000000146e-002	-9.625024e-002	-4.374415e-002
4.505423428571584e-002	-9.677791e-002	-4.321647e-002
4.505744857143022e-002	-9.726063e-002	-4.273375e-002
4.506066285714459e-002	-9.769840e-002	-4.229599e-002
4.506387714285898e-002	-9.809120e-002	-4.190318e-002
4.506709142857335e-002	-9.843906e-002	-4.155533e-002
4.507030571428773e-002	-9.874195e-002	-4.125243e-002
4.507352000000211e-002	-9.899989e-002	-4.099450e-002
4.507542000000216e-002	-9.914421e-002	-4.085019e-002
4.507732000000222e-002	-9.928042e-002	-4.071398e-002
4.507922000000227e-002	-9.940854e-002	-4.058587e-002
4.508112000000233e-002	-9.952855e-002	-4.046587e-002
4.508302000000238e-002	-9.964046e-002	-4.035396e-002
4.508492000000244e-002	-9.974427e-002	-4.025016e-002
4.508682000000249e-002	-9.983997e-002	-4.015446e-002
4.508870285714500e-002	-9.992904e-002	-4.006539e-002
4.509058571428749e-002	-1.000132e-001	-3.998123e-002
4.509246857143000e-002	-1.000924e-001	-3.990198e-002
4.509435142857250e-002	-1.001668e-001	-3.982765e-002
4.509623428571500e-002	-1.002362e-001	-3.975824e-002
4.509811714285750e-002	-1.003007e-001	-3.969374e-002
4.510000000000000e-002	-1.003603e-001	-3.963415e-002
4.510001000000000e-002	-1.003493e-001	-3.964518e-002
4.510003000000001e-002	-1.003272e-001	-3.966725e-002
4.510253285714293e-002	-9.772967e-002	-4.226479e-002
4.510503571428586e-002	-9.531694e-002	-4.467753e-002
4.510753857142879e-002	-9.308902e-002	-4.690545e-002
4.511004142857172e-002	-9.104590e-002	-4.894857e-002
4.511254428571465e-002	-8.918760e-002	-5.080688e-002
4.511504714285758e-002	-8.751410e-002	-5.248039e-002
4.511755000000051e-002	-8.602541e-002	-5.396908e-002
4.512006428571486e-002	-8.464690e-002	-5.534760e-002
4.512257857142922e-002	-8.336683e-002	-5.662768e-002
4.512509285714358e-002	-8.218518e-002	-5.780934e-002
4.512760714285794e-002	-8.110195e-002	-5.889257e-002
4.513012142857230e-002	-8.011715e-002	-5.987737e-002
4.513263571428666e-002	-7.923078e-002	-6.076374e-002
4.513515000000101e-002	-7.844284e-002	-6.155169e-002
4.513766428571537e-002	-7.771648e-002	-6.227806e-002
4.514017857142973e-002	-7.704198e-002	-6.295257e-002
4.514269285714408e-002	-7.641935e-002	-6.357521e-002
4.514520714285845e-002	-7.584858e-002	-6.414599e-002
4.514772142857280e-002	-7.532967e-002	-6.466490e-002
4.515023571428716e-002	-7.486262e-002	-6.513195e-002
4.515275000000152e-002	-7.444744e-002	-6.554714e-002
4.515315000000153e-002	-7.438311e-002	-6.561147e-002
4.515566428571589e-002	-7.400591e-002	-6.598868e-002
4.515817857143024e-002	-7.365564e-002	-6.633895e-002
4.516069285714460e-002	-7.333231e-002	-6.666230e-002
4.516320714285897e-002	-7.303591e-002	-6.695870e-002
4.516572142857332e-002	-7.276643e-002	-6.722818e-002
4.516823571428768e-002	-7.252390e-002	-6.747072e-002
4.517075000000204e-002	-7.230829e-002	-6.768633e-002
4.517326428571639e-002	-7.210954e-002	-6.788509e-002
4.517577857143075e-002	-7.192497e-002	-6.806966e-002
4.517829285714511e-002	-7.175460e-002	-6.824003e-002
4.518080714285947e-002	-7.159842e-002	-6.839622e-002
4.518332142857383e-002	-7.145644e-002	-6.853821e-002
4.518583571428819e-002	-7.132864e-002	-6.866602e-002
4.518835000000254e-002	-7.121504e-002	-6.877963e-002
4.519086428571690e-002	-7.111031e-002	-6.888436e-002
4.519337857143126e-002	-7.101306e-002	-6.898161e-002
4.519589285714561e-002	-7.092329e-002	-6.907139e-002
4.519840714285998e-002	-7.084100e-002	-6.915369e-002
4.520092142857433e-002	-7.076618e-002	-6.922851e-002
4.520343571428869e-002	-7.069885e-002	-6.929585e-002
4.520595000000305e-002	-7.063899e-002	-6.935572e-002
4.520846428571741e-002	-7.058381e-002	-6.941091e-002
4.521097857143176e-002	-7.053257e-002	-6.946215e-002
4.521349285714612e-002	-7.048526e-002	-6.950946e-002
4.521600714286048e-002	-7.044190e-002	-6.955282e-002
4.521852142857484e-002	-7.040248e-002	-6.959225e-002
4.522103571428920e-002	-7.036700e-002	-6.962774e-002
4.522355000000355e-002	-7.033546e-002	-6.965928e-002
4.522606428571791e-002	-7.030639e-002	-6.968836e-002
4.522857857143227e-002	-7.027939e-002	-6.971537e-002
4.523109285714663e-002	-7.025447e-002	-6.974030e-002
4.523360714286099e-002	-7.023162e-002	-6.976315e-002
4.523612142857535e-002	-7.021085e-002	-6.978393e-002
4.523863571428970e-002	-7.019216e-002	-6.980262e-002
4.524115000000406e-002	-7.017554e-002	-6.981925e-002
4.524319285714697e-002	-7.016292e-002	-6.983187e-002
4.524523571428989e-002	-7.015107e-002	-6.984373e-002
4.524727857143281e-002	-7.013998e-002	-6.985482e-002
4.524932142857573e-002	-7.012965e-002	-6.986515e-002
4.525136428571864e-002	-7.012009e-002	-6.987472e-002
4.525340714286156e-002	-7.011129e-002	-6.988352e-002
4.525545000000447e-002	-7.010326e-002	-6.989156e-002
4.525555000000447e-002	-7.010287e-002	-6.989194e-002
4.525807857143312e-002	-7.009376e-002	-6.990106e-002
4.526060714286177e-002	-7.008530e-002	-6.990953e-002
4.526313571429041e-002	-7.007749e-002	-6.991735e-002
4.526566428571905e-002	-7.007034e-002	-6.992451e-002
4.526819285714769e-002	-7.006384e-002	-6.993101e-002
4.527072142857634e-002	-7.005799e-002	-6.993686e-002
4.527325000000498e-002	-7.005280e-002	-6.994206e-002
4.527580714286220e-002	-7.004796e-002	-6.994690e-002
4.527836428571942e-002	-7.004348e-002	-6.995139e-002
4.528092142857663e-002	-7.003934e-002	-6.995553e-002
4.528347857143385e-002	-7.003556e-002	-6.995932e-002
4.528603571429107e-002	-7.003213e-002	-6.996276e-002
4.528859285714828e-002	-7.002904e-002	-6.996585e-002
4.529115000000550e-002	-7.002631e-002	-6.996859e-002
4.529375000000557e-002	-7.002375e-002	-6.997115e-002
4.529635000000565e-002	-7.002138e-002	-6.997353e-002
4.529895000000572e-002	-7.001920e-002	-6.997572e-002
4.530155000000580e-002	-7.001721e-002	-6.997772e-002
4.530415000000587e-002	-7.001540e-002	-6.997953e-002
4.530675000000595e-002	-7.001378e-002	-6.998116e-002
4.530935000000602e-002	-7.001235e-002	-6.998260e-002
4.531203571429181e-002	-7.001099e-002	-6.998396e-002
4.531472142857761e-002	-7.000974e-002	-6.998522e-002
4.531740714286340e-002	-7.000859e-002	-6.998638e-002
4.532009285714918e-002	-7.000753e-002	-6.998743e-002
4.532277857143498e-002	-7.000659e-002	-6.998838e-002
4.532546428572077e-002	-7.000574e-002	-6.998924e-002
4.532815000000656e-002	-7.000499e-002	-6.998999e-002
4.533097857143521e-002	-7.000428e-002	-6.999071e-002
4.533380714286387e-002	-7.000362e-002	-6.999138e-002
4.533663571429252e-002	-7.000302e-002	-6.999199e-002
4.533946428572117e-002	-7.000247e-002	-6.999254e-002
4.534229285714982e-002	-7.000198e-002	-6.999304e-002
4.534512142857848e-002	-7.000154e-002	-6.999348e-002
4.534795000000713e-002	-7.000116e-002	-6.999386e-002
4.534936428572146e-002	-7.000098e-002	-6.999405e-002
4.535077857143578e-002	-7.000081e-002	-6.999422e-002
4.535219285715011e-002	-7.000065e-002	-6.999439e-002
4.535360714286444e-002	-7.000049e-002	-6.999455e-002
4.535502142857877e-002	-7.000034e-002	-6.999470e-002
4.535643571429309e-002	-7.000020e-002	-6.999485e-002
4.535785000000742e-002	-7.000007e-002	-6.999498e-002
4.535795000000742e-002	-7.000006e-002	-6.999499e-002
4.536132142857895e-002	-6.999978e-002	-6.999528e-002
4.536469285715047e-002	-6.999953e-002	-6.999554e-002
4.536806428572199e-002	-6.999930e-002	-6.999578e-002
4.537143571429352e-002	-6.999909e-002	-6.999599e-002
4.537480714286505e-002	-6.999891e-002	-6.999618e-002
4.537817857143657e-002	-6.999875e-002	-6.999634e-002
4.538155000000810e-002	-6.999862e-002	-6.999647e-002
4.538577857143679e-002	-6.999848e-002	-6.999663e-002
4.539000714286549e-002	-6.999835e-002	-6.999676e-002
4.539423571429418e-002	-6.999824e-002	-6.999688e-002
4.539846428572287e-002	-6.999814e-002	-6.999699e-002
4.540269285715156e-002	-6.999806e-002	-6.999708e-002
4.540692142858026e-002	-6.999800e-002	-6.999716e-002
4.541115000000895e-002	-6.999795e-002	-6.999722e-002
4.541726428572341e-002	-6.999789e-002	-6.999729e-002
4.542337857143787e-002	-6.999784e-002	-6.999736e-002
4.542949285715233e-002	-6.999779e-002	-6.999742e-002
4.543560714286680e-002	-6.999776e-002	-6.999746e-002
4.544172142858126e-002	-6.999773e-002	-6.999750e-002
4.544783571429572e-002	-6.999772e-002	-6.999753e-002
4.545395000001018e-002	-6.999771e-002	-6.999755e-002
4.546035000001036e-002	-6.999770e-002	-6.999758e-002
4.547393571429647e-002	-6.999769e-002	-6.999761e-002
4.548752142858258e-002	-6.999769e-002	-6.999764e-002
4.550110714286868e-002	-6.999769e-002	-6.999766e-002
4.551469285715478e-002	-6.999770e-002	-6.999768e-002
4.552827857144089e-002	-6.999771e-002	-6.999770e-002
4.554186428572699e-002	-6.999772e-002	-6.999772e-002
4.555545000001310e-002	-6.999774e-002	-6.999773e-002
4.556275000001331e-002	-6.999774e-002	-6.999774e-002
4.566515000001625e-002	-6.999784e-002	-6.999784e-002
4.576755000001920e-002	-6.999794e-002	-6.999794e-002
4.586995000002214e-002	-6.999803e-002	-6.999803e-002
4.597235000002509e-002	-6.999812e-002	-6.999812e-002
4.607475000002803e-002	-6.999820e-002	-6.999820e-002
4.617715000003098e-002	-6.999829e-002	-6.999829e-002
4.627955000003392e-002	-6.999838e-002	-6.999838e-002
4.638195000003687e-002	-6.999844e-002	-6.999844e-002
4.648435000003981e-002	-6.999852e-002	-6.999852e-002
4.658675000004275e-002	-6.999858e-002	-6.999858e-002
4.668915000004570e-002	-6.999865e-002	-6.999865e-002
4.679155000004864e-002	-6.999872e-002	-6.999872e-002
4.689395000005159e-002	-6.999878e-002	-6.999878e-002
4.699635000005453e-002	-6.999883e-002	-6.999883e-002
4.709875000005748e-002	-6.999888e-002	-6.999888e-002
4.720115000006042e-002	-6.999893e-002	-6.999893e-002
4.730355000006337e-002	-6.999899e-002	-6.999899e-002
4.740595000006631e-002	-6.999905e-002	-6.999905e-002
4.750835000006926e-002	-6.999910e-002	-6.999910e-002
4.761075000007220e-002	-6.999914e-002	-6.999914e-002
4.771315000007514e-002	-6.999917e-002	-6.999917e-002
4.781555000007809e-002	-6.999921e-002	-6.999921e-002
4.791795000008103e-002	-6.999926e-002	-6.999926e-002
4.802035000008398e-002	-6.999929e-002	-6.999929e-002
4.812275000008692e-002	-6.999933e-002	-6.999933e-002
4.822515000008987e-002	-6.999937e-002	-6.999937e-002
4.832755000009281e-002	-6.999940e-002	-6.999940e-002
4.842995000009576e-002	-6.999944e-002	-6.999944e-002
4.853235000009870e-002	-6.999947e-002	-6.999947e-002
4.863475000010165e-002	-6.999949e-002	-6.999949e-002
4.873715000010459e-002	-6.999952e-002	-6.999952e-002
4.883955000010753e-002	-6.999954e-002	-6.999954e-002
4.894195000011048e-002	-6.999957e-002	-6.999957e-002
4.904435000011342e-002	-6.999959e-002	-6.999959e-002
4.914675000011637e-002	-6.999961e-002	-6.999961e-002
4.924915000011931e-002	-6.999964e-002	-6.999964e-002
4.935155000012226e-002	-6.999966e-002	-6.999966e-002
4.945395000012520e-002	-6.999968e-002	-6.999968e-002
4.955635000012815e-002	-6.999970e-002	-6.999970e-002
4.965875000013109e-002	-6.999972e-002	-6.999972e-002
4.976115000013404e-002	-6.999975e-002	-6.999975e-002
4.986355000013698e-002	-6.999977e-002	-6.999977e-002
4.996595000013993e-002	-6.999979e-002	-6.999979e-002
4.999995000014090e-002	-6.999980e-002	-6.999980e-002
5.000000000000000e-002	-6.999980e-002	-6.999980e-002
